20.00903,1850,5.901328,0.0,-5.508545,0.0,0.0,0.0,0.0,0.0,0.0,0.0,-8.0859375,40.692673,0.0,0.0,Algorithm,crunched
20.018124,1851,5.901328,0.0,-5.508545,0.0,0.0,0.0,0.0,0.0,0.0,0.0,-7.5585938,41.399097,0.0,0.0,Algorithm,crunched
20.127195,1852,5.863008,0.0,-5.7767878,0.0,0.0,0.0,0.0,0.0,0.0,0.0,-2.6367188,44.88841,0.0,0.0,Test,crunched
20.233423,1853,5.901328,0.0,-5.853428,0.0,0.0,0.0,0.0,0.0,0.0,0.0,2.2851562,45.686092,0.0,0.0,Algorithm,crunched
20.333977,1854,6.09293,0.0,-5.661826,0.0,0.0,0.0,0.0,0.0,0.0,0.0,7.03125,46.304516,0.0,0.0,Algorithm,extended
20.436441,1855,7.0030375,0.0,-5.853428,0.0,0.0,0.0,0.0,0.0,0.0,0.0,11.074219,44.828255,0.0,0.0,Algorithm,extended
20.536991,1856,7.3479204,0.0,-4.425997,0.0,0.0,0.0,0.0,0.0,0.0,0.0,14.0625,41.6697,0.0,0.0,Algorithm,extended
20.638374,1857,4.473897,0.0,-5.0678616,0.0,0.0,0.0,0.0,0.0,0.0,0.0,16.523438,37.482235,0.0,0.0,Algorithm,extended
20.745703,1858,2.4908204,0.0,-2.040557,0.0,0.0,0.0,0.0,0.0,0.0,0.0,18.984375,32.59785,0.0,0.0,Algorithm,extended
20.844181,1859,1.7914748,0.0,-0.9005275,0.0,0.0,0.0,0.0,0.0,0.0,0.0,19.863281,25.150723,0.0,0.0,Algorithm,extended
20.9395,1860,-0.6801853,0.0,1.3699512,0.0,0.0,0.0,0.0,0.0,0.0,0.0,19.511719,16.772366,0.0,0.0,Algorithm,extended
21.042356,1861,-1.0633888,0.0,0.82388663,0.0,0.0,0.0,0.0,0.0,0.0,0.0,17.578125,6.956607,0.0,0.0,Algorithm,extended
21.159405,1862,-1.2645702,0.0,-0.33530283,0.0,0.0,0.0,0.0,0.0,0.0,0.0,13.535156,-5.7353377,0.0,0.0,Algorithm,extended
21.265013,1863,0.4790039,0.0,-1.7244143,0.0,0.0,0.0,0.0,0.0,0.0,0.0,8.7890625,-19.632448,0.0,0.0,Algorithm,extended
21.469774,1864,2.0309768,0.0,-2.7303224,0.0,0.0,0.0,0.0,0.0,0.0,0.0,-0.703125,-32.87501,0.0,0.0,Algorithm,extended
21.564972,1865,0.39278316,0.0,-2.2992191,0.0,0.0,0.0,0.0,0.0,0.0,0.0,-4.3945312,-38.221188,0.0,0.0,Algorithm,crunched
21.66137,1866,-1.0633888,0.0,-0.6514454,0.0,0.0,0.0,0.0,0.0,0.0,0.0,-8.0859375,-41.45968,0.0,0.0,Algorithm,crunched
21.777565,1867,-2.1267776,0.0,-0.9484277,0.0,0.0,0.0,0.0,0.0,0.0,0.0,-12.128906,-41.51678,0.0,0.0,Algorithm,crunched
21.90524,1868,-0.66102505,0.0,-1.0442286,0.0,0.0,0.0,0.0,0.0,0.0,0.0,-16.171875,-38.987675,0.0,0.0,Algorithm,crunched
22.008854,1869,3.8320312,0.0,-2.538721,0.0,0.0,0.0,0.0,0.0,0.0,0.0,-18.808594,-33.585888,0.0,0.0,Algorithm,crunched
22.10653,1870,5.4414845,0.0,-4.0906935,0.0,0.0,0.0,0.0,0.0,0.0,0.0,-20.214844,-29.21264,0.0,0.0,Algorithm,crunched
22.215725,1871,9.350157,0.0,-3.9374123,0.0,0.0,0.0,0.0,0.0,0.0,0.0,-20.390625,-22.196417,0.0,0.0,Algorithm,crunched
22.32468,1872,10.250684,0.0,-3.707491,0.0,0.0,0.0,0.0,0.0,0.0,0.0,-18.28125,-11.245044,0.0,0.0,Algorithm,crunched
22.440104,1873,7.692803,0.0,-5.240303,0.0,0.0,0.0,0.0,0.0,0.0,0.0,-13.535156,4.9297,0.0,0.0,Algorithm,crunched
22.53854,1874,4.0427933,0.0,-5.058282,0.0,0.0,0.0,0.0,0.0,0.0,0.0,-8.964844,18.584116,0.0,0.0,Algorithm,crunched
22.645166,1875,2.7878027,0.0,-4.339776,0.0,0.0,0.0,0.0,0.0,0.0,0.0,-4.21875,29.697306,0.0,0.0,Algorithm,crunched
22.757303,1876,3.3338675,0.0,-5.719307,0.0,0.0,0.0,0.0,0.0,0.0,0.0,0.0,37.65039,0.0,0.0,Algorithm,crunched
22.766928,1877,3.822451,0.0,-5.719307,0.0,0.0,0.0,0.0,0.0,0.0,0.0,0.17578125,41.7347,0.0,0.0,Algorithm,crunched
22.869774,1878,7.692803,0.0,-5.4414845,0.0,0.0,0.0,0.0,0.0,0.0,0.0,4.21875,41.31981,0.0,0.0,Algorithm,extended
22.980791,1879,9.886641,0.0,-5.3648443,0.0,0.0,0.0,0.0,0.0,0.0,0.0,8.613281,39.746925,0.0,0.0,Algorithm,extended
23.079863,1880,9.043594,0.0,-4.8570995,0.0,0.0,0.0,0.0,0.0,0.0,0.0,12.480469,38.415794,0.0,0.0,Algorithm,extended
23.175951,1881,5.326524,0.0,-2.1746778,0.0,0.0,0.0,0.0,0.0,0.0,0.0,15.996094,38.208954,0.0,0.0,Algorithm,extended
23.279879,1882,0.3257227,0.0,-1.7148342,0.0,0.0,0.0,0.0,0.0,0.0,0.0,19.160156,37.010086,0.0,0.0,Algorithm,extended
23.401157,1883,-1.7435741,0.0,0.5460644,0.0,0.0,0.0,0.0,0.0,0.0,0.0,20.390625,30.433556,0.0,0.0,Algorithm,extended
23.504416,1884,-0.83346653,0.0,1.6190331,0.0,0.0,0.0,0.0,0.0,0.0,0.0,19.863281,21.484846,0.0,0.0,Algorithm,extended
23.606276,1885,-0.6801853,0.0,0.71850586,0.0,0.0,0.0,0.0,0.0,0.0,0.0,17.226562,9.015905,0.0,0.0,Algorithm,extended
23.725597,1886,1.7244143,0.0,-2.0118165,0.0,0.0,0.0,0.0,0.0,0.0,0.0,13.183594,-5.116931,0.0,0.0,Algorithm,extended
23.846691,1887,3.4105082,0.0,-1.9830766,0.0,0.0,0.0,0.0,0.0,0.0,0.0,7.9101562,-19.8478,0.0,0.0,Algorithm,extended
23.949528,1888,2.7782226,0.0,-2.529141,0.0,0.0,0.0,0.0,0.0,0.0,0.0,3.8671875,-30.13188,0.0,0.0,Algorithm,extended
24.042988,1889,-0.0479002,0.0,-2.050137,0.0,0.0,0.0,0.0,0.0,0.0,0.0,0.52734375,-35.902195,0.0,0.0,Algorithm,extended
24.141195,1890,-1.6190329,0.0,-0.2778225,0.0,0.0,0.0,0.0,0.0,0.0,0.0,-3.8671875,-39.433502,0.0,0.0,Algorithm,extended
24.256474,1891,-1.7914743,0.0,0.5269041,0.0,0.0,0.0,0.0,0.0,0.0,0.0,-8.964844,-41.720497,0.0,0.0,Algorithm,crunched
24.365826,1892,-2.0309772,0.0,0.076640606,0.0,0.0,0.0,0.0,0.0,0.0,0.0,-13.359375,-40.97119,0.0,0.0,Algorithm,crunched
24.496109,1893,-1.9830761,0.0,-2.0980372,0.0,0.0,0.0,0.0,0.0,0.0,0.0,-17.050781,-38.270622,0.0,0.0,Algorithm,crunched
24.593657,1894,2.663262,0.0,-2.8931837,0.0,0.0,0.0,0.0,0.0,0.0,0.0,-18.808594,-35.113586,0.0,0.0,Algorithm,crunched
24.694988,1895,5.901328,0.0,-3.7362309,0.0,0.0,0.0,0.0,0.0,0.0,0.0,-19.6875,-28.56721,0.0,0.0,Algorithm,crunched
24.79226,1896,6.7060547,0.0,-4.4834766,0.0,0.0,0.0,0.0,0.0,0.0,0.0,-19.160156,-19.028688,0.0,0.0,Algorithm,crunched
24.90976,1897,7.0126176,0.0,-4.6175976,0.0,0.0,0.0,0.0,0.0,0.0,0.0,-17.050781,-6.7865043,0.0,0.0,Algorithm,crunched
25.025381,1898,7.117998,0.0,-5.134922,0.0,0.0,0.0,0.0,0.0,0.0,0.0,-13.7109375,6.310259,0.0,0.0,Algorithm,crunched
25.12571,1899,5.977969,0.0,-5.3935843,0.0,0.0,0.0,0.0,0.0,0.0,0.0,-9.667969,17.17993,0.0,0.0,Algorithm,crunched
25.237808,1900,4.9433203,0.0,-5.508545,0.0,0.0,0.0,0.0,0.0,0.0,0.0,-4.3945312,28.17315,0.0,0.0,Algorithm,crunched
25.353102,1901,5.0103807,0.0,-5.585186,0.0,0.0,0.0,0.0,0.0,0.0,0.0,0.703125,35.416847,0.0,0.0,Algorithm,crunched
25.455883,1902,5.901328,0.0,-5.7576275,0.0,0.0,0.0,0.0,0.0,0.0,0.0,5.0976562,40.55566,0.0,0.0,Algorithm,extended
25.558098,1903,7.664063,0.0,-5.6043463,0.0,0.0,0.0,0.0,0.0,0.0,0.0,9.140625,42.896328,0.0,0.0,Algorithm,extended
25.674051,1904,5.5564456,0.0,-5.2786236,0.0,0.0,0.0,0.0,0.0,0.0,0.0,13.0078125,41.35332,0.0,0.0,Algorithm,extended
25.769844,1905,5.479805,0.0,-2.6345215,0.0,0.0,0.0,0.0,0.0,0.0,0.0,15.996094,38.32566,0.0,0.0,Algorithm,extended
25.881634,1906,1.4178514,0.0,-2.0213966,0.0,0.0,0.0,0.0,0.0,0.0,0.0,18.984375,34.588776,0.0,0.0,Algorithm,extended
25.980408,1907,1.0346484,0.0,-0.48858404,0.0,0.0,0.0,0.0,0.0,0.0,0.0,20.039062,28.485598,0.0,0.0,Algorithm,extended
26.084179,1908,-0.99632835,0.0,1.7052538,0.0,0.0,0.0,0.0,0.0,0.0,0.0,19.6875,20.048002,0.0,0.0,Algorithm,extended
26.192308,1909,-0.66102505,0.0,1.0921288,0.0,0.0,0.0,0.0,0.0,0.0,0.0,17.402344,8.479449,0.0,0.0,Algorithm,extended
26.288408,1910,-0.5460644,0.0,-0.6131253,0.0,0.0,0.0,0.0,0.0,0.0,0.0,14.0625,-3.7287467,0.0,0.0,Algorithm,extended
26.391016,1911,1.1496096,0.0,-2.6057816,0.0,0.0,0.0,0.0,0.0,0.0,0.0,10.019531,-17.599443,0.0,0.0,Algorithm,extended
26.493149,1912,2.3758593,0.0,-2.327959,0.0,0.0,0.0,0.0,0.0,0.0,0.0,5.2734375,-28.797415,0.0,0.0,Algorithm,extended
26.592396,1913,1.8585353,0.0,-2.4812403,0.0,0.0,0.0,0.0,0.0,0.0,0.0,1.0546875,-36.663097,0.0,0.0,Algorithm,extended
26.69496,1914,-0.07664108,0.0,-1.8202152,0.0,0.0,0.0,0.0,0.0,0.0,0.0,-2.9882812,-40.566208,0.0,0.0,Algorithm,extended
26.795507,1915,-1.2549906,0.0,-0.5556445,0.0,0.0,0.0,0.0,0.0,0.0,0.0,-7.03125,-41.596935,0.0,0.0,Algorithm,crunched
26.928577,1916,-1.801055,0.0,0.076640606,0.0,0.0,0.0,0.0,0.0,0.0,0.0,-12.480469,-41.85572,0.0,0.0,Algorithm,crunched
27.036728,1917,-0.555645,0.0,-1.1400294,0.0,0.0,0.0,0.0,0.0,0.0,0.0,-15.644531,-38.48199,0.0,0.0,Algorithm,crunched
27.138514,1918,2.4141798,0.0,-1.3891115,0.0,0.0,0.0,0.0,0.0,0.0,0.0,-17.929688,-34.76239,0.0,0.0,Algorithm,crunched
27.253592,1919,7.089258,0.0,-2.7399025,0.0,0.0,0.0,0.0,0.0,0.0,0.0,-19.6875,-29.893038,0.0,0.0,Algorithm,crunched
27.365303,1920,7.1275783,0.0,-4.742139,0.0,0.0,0.0,0.0,0.0,0.0,0.0,-19.6875,-22.211876,0.0,0.0,Algorithm,crunched
27.469599,1921,8.238868,0.0,-3.918252,0.0,0.0,0.0,0.0,0.0,0.0,0.0,-18.28125,-10.721923,0.0,0.0,Algorithm,crunched
27.575888,1922,7.932305,0.0,-5.2307234,0.0,0.0,0.0,0.0,0.0,0.0,0.0,-14.765625,1.63014,0.0,0.0,Algorithm,crunched
27.687843,1923,6.4282327,0.0,-5.767206,0.0,0.0,0.0,0.0,0.0,0.0,0.0,-10.019531,14.3996315,0.0,0.0,Algorithm,crunched
27.815678,1924,3.3051271,0.0,-5.221143,0.0,0.0,0.0,0.0,0.0,0.0,0.0,-3.8671875,28.145685,0.0,0.0,Algorithm,crunched
27.944565,1925,4.148174,0.0,-5.719307,0.0,0.0,0.0,0.0,0.0,0.0,0.0,1.2304688,36.111412,0.0,0.0,Algorithm,crunched
28.049904,1926,6.5144534,0.0,-5.527705,0.0,0.0,0.0,0.0,0.0,0.0,0.0,5.4492188,40.893158,0.0,0.0,Algorithm,extended
28.149578,1927,8.56459,0.0,-5.240303,0.0,0.0,0.0,0.0,0.0,0.0,0.0,9.316406,41.977398,0.0,0.0,Algorithm,extended
28.271338,1928,7.798184,0.0,-4.3589354,0.0,0.0,0.0,0.0,0.0,0.0,0.0,13.535156,40.3683,0.0,0.0,Algorithm,extended
28.368591,1929,5.6905665,0.0,-2.6824222,0.0,0.0,0.0,0.0,0.0,0.0,0.0,16.523438,36.87845,0.0,0.0,Algorithm,extended
28.469452,1930,1.9543362,0.0,-1.6381936,0.0,0.0,0.0,0.0,0.0,0.0,0.0,19.335938,34.494026,0.0,0.0,Algorithm,extended
28.579964,1931,0.26824236,0.0,0.7759862,0.0,0.0,0.0,0.0,0.0,0.0,0.0,19.863281,27.193264,0.0,0.0,Algorithm,extended
28.677923,1932,-1.1975098,0.0,0.6322851,0.0,0.0,0.0,0.0,0.0,0.0,0.0,18.632812,17.633192,0.0,0.0,Algorithm,extended
28.820936,1933,-0.99632835,0.0,0.42152357,0.0,0.0,0.0,0.0,0.0,0.0,0.0,15.644531,3.8380227,0.0,0.0,Algorithm,extended
28.916687,1934,0.06706047,0.0,-0.8717871,0.0,0.0,0.0,0.0,0.0,0.0,0.0,12.128906,-8.0178175,0.0,0.0,Algorithm,extended
29.018349,1935,1.9543362,0.0,-2.950664,0.0,0.0,0.0,0.0,0.0,0.0,0.0,7.5585938,-21.456419,0.0,0.0,Algorithm,extended
29.125238,1936,2.4524999,0.0,-2.8931837,0.0,0.0,0.0,0.0,0.0,0.0,0.0,2.9882812,-30.947662,0.0,0.0,Algorithm,extended
29.22118,1937,0.68976545,0.0,-2.3950195,0.0,0.0,0.0,0.0,0.0,0.0,0.0,-0.87890625,-35.916138,0.0,0.0,Algorithm,extended
29.324287,1938,-0.93884754,0.0,-1.072969,0.0,0.0,0.0,0.0,0.0,0.0,0.0,-5.0976562,-41.208122,0.0,0.0,Algorithm,crunched
29.43467,1939,-1.5711327,0.0,0.21076155,0.0,0.0,0.0,0.0,0.0,0.0,0.0,-9.4921875,-41.741013,0.0,0.0,Algorithm,crunched
29.57565,1940,-2.0980368,0.0,-1.21667,0.0,0.0,0.0,0.0,0.0,0.0,0.0,-14.238281,-39.111473,0.0,0.0,Algorithm,crunched
29.672623,1941,0.49816418,0.0,-1.9830766,0.0,0.0,0.0,0.0,0.0,0.0,0.0,-17.050781,-36.60875,0.0,0.0,Algorithm,crunched
29.776148,1942,4.627178,0.0,-3.0943656,0.0,0.0,0.0,0.0,0.0,0.0,0.0,-19.335938,-33.25788,0.0,0.0,Algorithm,crunched
29.874723,1943,7.443721,0.0,-4.7038183,0.0,0.0,0.0,0.0,0.0,0.0,0.0,-20.214844,-27.463999,0.0,0.0,Algorithm,crunched
29.976444,1944,9.168135,0.0,-4.0332136,0.0,0.0,0.0,0.0,0.0,0.0,0.0,-19.6875,-18.818369,0.0,0.0,Algorithm,crunched
30.098251,1945,9.043594,0.0,-5.1540823,0.0,0.0,0.0,0.0,0.0,0.0,0.0,-16.699219,-4.7090106,0.0,0.0,Algorithm,crunched
30.201761,1946,5.240303,0.0,-5.5468655,0.0,0.0,0.0,0.0,0.0,0.0,0.0,-12.480469,8.637258,0.0,0.0,Algorithm,crunched
30.310242,1947,2.6249413,0.0,-5.134922,0.0,0.0,0.0,0.0,0.0,0.0,0.0,-6.8554688,23.367588,0.0,0.0,Algorithm,crunched
30.419643,1948,3.1039453,0.0,-5.2019825,0.0,0.0,0.0,0.0,0.0,0.0,0.0,-2.6367188,32.258137,0.0,0.0,Algorithm,crunched
30.54248,1949,5.422324,0.0,-5.7767878,0.0,0.0,0.0,0.0,0.0,0.0,0.0,1.5820312,37.57624,0.0,0.0,Algorithm,crunched
30.644493,1950,9.101074,0.0,-5.7097273,0.0,0.0,0.0,0.0,0.0,0.0,0.0,5.625,40.86868,0.0,0.0,Algorithm,extended
30.742413,1951,9.388477,0.0,-5.738467,0.0,0.0,0.0,0.0,0.0,0.0,0.0,9.84375,41.291378,0.0,0.0,Algorithm,extended
30.846525,1952,8.1143265,0.0,-4.3493557,0.0,0.0,0.0,0.0,0.0,0.0,0.0,13.535156,38.022118,0.0,0.0,Algorithm,extended
30.960966,1953,5.192403,0.0,-2.7303224,0.0,0.0,0.0,0.0,0.0,0.0,0.0,17.402344,37.0187,0.0,0.0,Algorithm,extended
31.057217,1954,0.9484277,0.0,-0.9101076,0.0,0.0,0.0,0.0,0.0,0.0,0.0,19.6875,35.174236,0.0,0.0,Algorithm,extended
31.15859,1955,0.11496067,0.0,0.6706052,0.0,0.0,0.0,0.0,0.0,0.0,0.0,20.039062,28.03758,0.0,0.0,Algorithm,extended
31.256657,1956,-0.8526268,0.0,1.3124707,0.0,0.0,0.0,0.0,0.0,0.0,0.0,19.160156,18.116726,0.0,0.0,Algorithm,extended
31.367744,1957,0.39278316,0.0,-0.34488297,0.0,0.0,0.0,0.0,0.0,0.0,0.0,16.171875,5.0587564,0.0,0.0,Algorithm,extended
31.504982,1958,2.0118165,0.0,-2.327959,0.0,0.0,0.0,0.0,0.0,0.0,0.0,11.6015625,-10.662909,0.0,0.0,Algorithm,extended
31.621412,1959,2.4908204,0.0,-1.9064355,0.0,0.0,0.0,0.0,0.0,0.0,0.0,6.5039062,-23.367031,0.0,0.0,Algorithm,extended
31.725016,1960,1.456172,0.0,-2.0980372,0.0,0.0,0.0,0.0,0.0,0.0,0.0,2.6367188,-30.723078,0.0,0.0,Algorithm,extended
31.825016,1961,-0.7280855,0.0,-1.3699512,0.0,0.0,0.0,0.0,0.0,0.0,0.0,-1.40625,-36.185566,0.0,0.0,Algorithm,extended
31.955984,1962,-1.8106346,0.0,-0.14370108,0.0,0.0,0.0,0.0,0.0,0.0,0.0,-6.8554688,-39.146194,0.0,0.0,Algorithm,crunched
32.051968,1963,-1.9639158,0.0,0.009580135,0.0,0.0,0.0,0.0,0.0,0.0,0.0,-10.8984375,-41.134663,0.0,0.0,Algorithm,crunched
32.159313,1964,-1.1591892,0.0,-1.5040722,0.0,0.0,0.0,0.0,0.0,0.0,0.0,-14.765625,-39.541813,0.0,0.0,Algorithm,crunched
32.262543,1965,0.9580078,0.0,-2.078877,0.0,0.0,0.0,0.0,0.0,0.0,0.0,-17.402344,-37.280148,0.0,0.0,Algorithm,crunched
32.36916,1966,4.608018,0.0,-3.7170706,0.0,0.0,0.0,0.0,0.0,0.0,0.0,-19.160156,-32.62728,0.0,0.0,Algorithm,crunched
32.478115,1967,6.2749515,0.0,-4.3876762,0.0,0.0,0.0,0.0,0.0,0.0,0.0,-19.6875,-24.57627,0.0,0.0,Algorithm,crunched
32.60494,1968,8.420889,0.0,-3.7649708,0.0,0.0,0.0,0.0,0.0,0.0,0.0,-18.28125,-13.351143,0.0,0.0,Algorithm,crunched
32.749195,1969,6.725215,0.0,-5.633086,0.0,0.0,0.0,0.0,0.0,0.0,0.0,-14.0625,1.1919739,0.0,0.0,Algorithm,crunched
32.851257,1970,5.384004,0.0,-5.5756054,0.0,0.0,0.0,0.0,0.0,0.0,0.0,-9.667969,13.137695,0.0,0.0,Algorithm,crunched
32.98492,1971,4.291875,0.0,-5.297784,0.0,0.0,0.0,0.0,0.0,0.0,0.0,-3.8671875,24.835949,0.0,0.0,Algorithm,crunched
33.096703,1972,5.0678616,0.0,-5.8151073,0.0,0.0,0.0,0.0,0.0,0.0,0.0,0.87890625,33.24746,0.0,0.0,Algorithm,crunched
33.205612,1973,6.7156353,0.0,-5.6522465,0.0,0.0,0.0,0.0,0.0,0.0,0.0,5.4492188,39.5065,0.0,0.0,Algorithm,extended
33.336002,1974,7.7502837,0.0,-6.274952,0.0,0.0,0.0,0.0,0.0,0.0,0.0,10.546875,41.93785,0.0,0.0,Algorithm,extended
33.451984,1975,7.472461,0.0,-4.176914,0.0,0.0,0.0,0.0,0.0,0.0,0.0,14.238281,39.795414,0.0,0.0,Algorithm,extended
33.554985,1976,3.5063086,0.0,-2.5578809,0.0,0.0,0.0,0.0,0.0,0.0,0.0,17.402344,37.31074,0.0,0.0,Algorithm,extended
33.653843,1977,1.4178514,0.0,-1.21667,0.0,0.0,0.0,0.0,0.0,0.0,0.0,19.511719,33.443718,0.0,0.0,Algorithm,extended
33.753258,1978,-0.9580078,0.0,0.25866222,0.0,0.0,0.0,0.0,0.0,0.0,0.0,19.6875,25.999023,0.0,0.0,Algorithm,extended
33.885223,1979,-0.3736229,0.0,0.622705,0.0,0.0,0.0,0.0,0.0,0.0,0.0,18.28125,14.082481,0.0,0.0,Algorithm,extended
33.996975,1980,-0.20118141,0.0,-0.15328121,0.0,0.0,0.0,0.0,0.0,0.0,0.0,14.941406,1.2901623,0.0,0.0,Algorithm,extended
34.09504,1981,0.3257227,0.0,-0.9580078,0.0,0.0,0.0,0.0,0.0,0.0,0.0,11.425781,-11.066625,0.0,0.0,Algorithm,extended
34.194748,1982,1.9064355,0.0,-2.5004005,0.0,0.0,0.0,0.0,0.0,0.0,0.0,7.03125,-23.073391,0.0,0.0,Algorithm,extended
34.291866,1983,2.4045997,0.0,-2.5866213,0.0,0.0,0.0,0.0,0.0,0.0,0.0,2.6367188,-31.657164,0.0,0.0,Algorithm,extended
34.3923,1984,1.0154881,0.0,-2.2608986,0.0,0.0,0.0,0.0,0.0,0.0,0.0,-1.40625,-38.82565,0.0,0.0,Algorithm,extended
34.486534,1985,-0.7280855,0.0,-1.4274316,0.0,0.0,0.0,0.0,0.0,0.0,0.0,-5.4492188,-41.650993,0.0,0.0,Algorithm,crunched
34.604652,1986,-2.5770407,0.0,-0.37362337,0.0,0.0,0.0,0.0,0.0,0.0,0.0,-10.019531,-42.081425,0.0,0.0,Algorithm,crunched
34.716866,1987,-1.1304493,0.0,-0.13412142,0.0,0.0,0.0,0.0,0.0,0.0,0.0,-13.535156,-39.39048,0.0,0.0,Algorithm,crunched
34.828857,1988,0.79514647,0.0,-1.5136523,0.0,0.0,0.0,0.0,0.0,0.0,0.0,-16.699219,-36.007816,0.0,0.0,Algorithm,crunched
34.954536,1989,3.5733695,0.0,-3.2859669,0.0,0.0,0.0,0.0,0.0,0.0,0.0,-19.335938,-31.890003,0.0,0.0,Algorithm,crunched
35.05141,1990,6.6294146,0.0,-4.473897,0.0,0.0,0.0,0.0,0.0,0.0,0.0,-19.863281,-25.517126,0.0,0.0,Algorithm,crunched
35.152298,1991,8.986114,0.0,-4.2535553,0.0,0.0,0.0,0.0,0.0,0.0,0.0,-19.335938,-17.011774,0.0,0.0,Algorithm,crunched
35.291454,1992,8.612491,0.0,-4.8091993,0.0,0.0,0.0,0.0,0.0,0.0,0.0,-15.46875,-3.3651686,0.0,0.0,Algorithm,crunched
35.612125,1993,3.439248,0.0,-5.451065,0.0,0.0,0.0,0.0,0.0,0.0,0.0,-1.40625,19.52455,0.0,0.0,Algorithm,crunched
35.72249,1994,5.9109087,0.0,-5.6235065,0.0,0.0,0.0,0.0,0.0,0.0,0.0,2.6367188,28.612038,0.0,0.0,Algorithm,crunched
35.829124,1995,8.909473,0.0,-5.2594633,0.0,0.0,0.0,0.0,0.0,0.0,0.0,6.8554688,34.355526,0.0,0.0,Algorithm,extended
35.933403,1996,9.513018,0.0,-5.087022,0.0,0.0,0.0,0.0,0.0,0.0,0.0,11.074219,38.932175,0.0,0.0,Algorithm,extended
36.032814,1997,8.727451,0.0,-4.579278,0.0,0.0,0.0,0.0,0.0,0.0,0.0,14.589844,40.54517,0.0,0.0,Algorithm,extended
36.136543,1998,5.7288866,0.0,-2.6441016,0.0,0.0,0.0,0.0,0.0,0.0,0.0,17.402344,35.865677,0.0,0.0,Algorithm,extended
36.23704,1999,3.7937112,0.0,-0.7759867,0.0,0.0,0.0,0.0,0.0,0.0,0.0,19.511719,32.79536,0.0,0.0,Algorithm,extended
36.34704,2000,-0.19160175,0.0,0.13412094,0.0,0.0,0.0,0.0,0.0,0.0,0.0,19.6875,24.776348,0.0,0.0,Algorithm,extended
36.449074,2001,-0.79514694,0.0,0.7568259,0.0,0.0,0.0,0.0,0.0,0.0,0.0,18.457031,14.316877,0.0,0.0,Algorithm,extended
36.55226,2002,-0.0479002,0.0,-0.30656242,0.0,0.0,0.0,0.0,0.0,0.0,0.0,15.644531,2.0304003,0.0,0.0,Algorithm,extended
36.660526,2003,0.8813672,0.0,-1.8968558,0.0,0.0,0.0,0.0,0.0,0.0,0.0,11.777344,-10.735047,0.0,0.0,Algorithm,extended
36.762188,2004,1.8776956,0.0,-2.0213966,0.0,0.0,0.0,0.0,0.0,0.0,0.0,7.5585938,-22.761465,0.0,0.0,Algorithm,extended
36.860867,2005,1.839375,0.0,-2.7878032,0.0,0.0,0.0,0.0,0.0,0.0,0.0,3.3398438,-31.815437,0.0,0.0,Algorithm,extended
36.958794,2006,0.39278316,0.0,-2.088457,0.0,0.0,0.0,0.0,0.0,0.0,0.0,-0.703125,-37.589546,0.0,0.0,Algorithm,extended
37.06522,2007,-1.0633888,0.0,-0.9292679,0.0,0.0,0.0,0.0,0.0,0.0,0.0,-5.0976562,-40.43629,0.0,0.0,Algorithm,crunched
37.17034,2008,-2.040557,0.0,-0.28740263,0.0,0.0,0.0,0.0,0.0,0.0,0.0,-9.316406,-41.3754,0.0,0.0,Algorithm,crunched
37.269234,2009,-1.1687698,0.0,-0.938848,0.0,0.0,0.0,0.0,0.0,0.0,0.0,-12.832031,-40.214622,0.0,0.0,Algorithm,crunched
37.391502,2010,1.7914748,0.0,-1.9734964,0.0,0.0,0.0,0.0,0.0,0.0,0.0,-16.347656,-37.1016,0.0,0.0,Algorithm,crunched
37.492428,2011,4.6175976,0.0,-3.046465,0.0,0.0,0.0,0.0,0.0,0.0,0.0,-18.808594,-33.9286,0.0,0.0,Algorithm,crunched
37.595207,2012,6.7635355,0.0,-4.1194334,0.0,0.0,0.0,0.0,0.0,0.0,0.0,-19.863281,-27.860397,0.0,0.0,Algorithm,crunched
37.692326,2013,8.420889,0.0,-4.4355764,0.0,0.0,0.0,0.0,0.0,0.0,0.0,-19.6875,-19.868664,0.0,0.0,Algorithm,crunched
37.797585,2014,8.861572,0.0,-4.1960745,0.0,0.0,0.0,0.0,0.0,0.0,0.0,-17.578125,-8.982837,0.0,0.0,Algorithm,crunched
37.911343,2015,6.878496,0.0,-5.0487013,0.0,0.0,0.0,0.0,0.0,0.0,0.0,-13.535156,5.410301,0.0,0.0,Algorithm,crunched
38.032578,2016,4.368516,0.0,-5.0391216,0.0,0.0,0.0,0.0,0.0,0.0,0.0,-8.261719,19.525888,0.0,0.0,Algorithm,crunched
38.152466,2017,3.66917,0.0,-4.684658,0.0,0.0,0.0,0.0,0.0,0.0,0.0,-3.1640625,29.966667,0.0,0.0,Algorithm,crunched
38.267704,2018,5.345684,0.0,-5.795948,0.0,0.0,0.0,0.0,0.0,0.0,0.0,1.2304688,36.35509,0.0,0.0,Algorithm,crunched
38.37414,2019,8.267608,0.0,-5.958809,0.0,0.0,0.0,0.0,0.0,0.0,0.0,5.4492188,39.939445,0.0,0.0,Algorithm,extended
38.474583,2020,9.292676,0.0,-5.690567,0.0,0.0,0.0,0.0,0.0,0.0,0.0,9.667969,41.19578,0.0,0.0,Algorithm,extended
38.57577,2021,7.472461,0.0,-4.6750784,0.0,0.0,0.0,0.0,0.0,0.0,0.0,13.359375,39.803593,0.0,0.0,Algorithm,extended
38.682003,2022,4.138594,0.0,-3.056045,0.0,0.0,0.0,0.0,0.0,0.0,0.0,16.523438,37.178623,0.0,0.0,Algorithm,extended
38.80704,2023,1.0538087,0.0,-1.3795314,0.0,0.0,0.0,0.0,0.0,0.0,0.0,19.511719,33.895714,0.0,0.0,Algorithm,extended
38.921227,2024,0.38320303,0.0,0.53648424,0.0,0.0,0.0,0.0,0.0,0.0,0.0,19.511719,25.704447,0.0,0.0,Algorithm,extended
39.021416,2025,-0.057480812,0.0,0.78556633,0.0,0.0,0.0,0.0,0.0,0.0,0.0,18.808594,16.71562,0.0,0.0,Algorithm,extended
39.132565,2026,0.24908209,0.0,-0.33530283,0.0,0.0,0.0,0.0,0.0,0.0,0.0,15.644531,4.1041346,0.0,0.0,Algorithm,extended
39.22211,2027,0.34488297,0.0,-1.0825491,0.0,0.0,0.0,0.0,0.0,0.0,0.0,12.65625,-7.160014,0.0,0.0,Algorithm,extended
39.321045,2028,1.7435741,0.0,-2.6441016,0.0,0.0,0.0,0.0,0.0,0.0,0.0,8.261719,-21.887081,0.0,0.0,Algorithm,extended
39.41752,2029,1.9830761,0.0,-2.711162,0.0,0.0,0.0,0.0,0.0,0.0,0.0,4.21875,-30.814554,0.0,0.0,Algorithm,extended
39.520744,2030,0.53648424,0.0,-2.3471193,0.0,0.0,0.0,0.0,0.0,0.0,0.0,0.0,-37.667713,0.0,0.0,Algorithm,extended
39.53091,2031,0.42152357,0.0,-2.040557,0.0,0.0,0.0,0.0,0.0,0.0,0.0,-0.52734375,-40.59742,0.0,0.0,Algorithm,extended
39.6324,2032,-0.6993456,0.0,-1.2741504,0.0,0.0,0.0,0.0,0.0,0.0,0.0,-4.5703125,-41.98638,0.0,0.0,Algorithm,crunched
39.734215,2033,-0.56522465,0.0,-0.41194344,0.0,0.0,0.0,0.0,0.0,0.0,0.0,-8.7890625,-41.26838,0.0,0.0,Algorithm,crunched
39.86662,2034,-0.6514454,0.0,-0.5748048,0.0,0.0,0.0,0.0,0.0,0.0,0.0,-13.359375,-39.140842,0.0,0.0,Algorithm,crunched
39.990982,2035,2.6057816,0.0,-2.7590628,0.0,0.0,0.0,0.0,0.0,0.0,0.0,-16.875,-35.886032,0.0,0.0,Algorithm,crunched
40.10231,2036,6.3803325,0.0,-2.6920023,0.0,0.0,0.0,0.0,0.0,0.0,0.0,-19.160156,-32.609016,0.0,0.0,Algorithm,crunched
40.20176,2037,8.1143265,0.0,-4.9050007,0.0,0.0,0.0,0.0,0.0,0.0,0.0,-19.863281,-26.85995,0.0,0.0,Algorithm,crunched
40.302624,2038,8.804092,0.0,-3.8799314,0.0,0.0,0.0,0.0,0.0,0.0,0.0,-19.335938,-18.555136,0.0,0.0,Algorithm,crunched
40.41186,2039,8.928633,0.0,-4.6175976,0.0,0.0,0.0,0.0,0.0,0.0,0.0,-16.699219,-6.1254115,0.0,0.0,Algorithm,crunched
40.51261,2040,7.3383403,0.0,-5.479805,0.0,0.0,0.0,0.0,0.0,0.0,0.0,-12.65625,8.0876465,0.0,0.0,Algorithm,crunched
40.62171,2041,3.8511915,0.0,-4.9624805,0.0,0.0,0.0,0.0,0.0,0.0,0.0,-7.5585938,22.336351,0.0,0.0,Algorithm,crunched
40.730415,2042,3.544629,0.0,-4.6942387,0.0,0.0,0.0,0.0,0.0,0.0,0.0,-3.1640625,31.587963,0.0,0.0,Algorithm,crunched
40.83545,2043,5.000801,0.0,-5.738467,0.0,0.0,0.0,0.0,0.0,0.0,0.0,0.87890625,37.939045,0.0,0.0,Algorithm,crunched
40.947006,2044,7.9897857,0.0,-5.958809,0.0,0.0,0.0,0.0,0.0,0.0,0.0,5.0976562,40.73089,0.0,0.0,Algorithm,extended
41.038948,2045,9.263936,0.0,-5.431905,0.0,0.0,0.0,0.0,0.0,0.0,0.0,9.140625,41.41227,0.0,0.0,Algorithm,extended
41.15255,2046,8.765772,0.0,-4.5409575,0.0,0.0,0.0,0.0,0.0,0.0,0.0,13.183594,39.074333,0.0,0.0,Algorithm,extended
41.27943,2047,1.6381936,0.0,-2.3566995,0.0,0.0,0.0,0.0,0.0,0.0,0.0,17.226562,37.140408,0.0,0.0,Algorithm,extended
41.37632,2048,1.3603711,0.0,-1.4082718,0.0,0.0,0.0,0.0,0.0,0.0,0.0,19.511719,34.44965,0.0,0.0,Algorithm,extended
41.48267,2049,0.53648424,0.0,1.1687696,0.0,0.0,0.0,0.0,0.0,0.0,0.0,19.863281,27.565046,0.0,0.0,Algorithm,extended
41.586826,2050,-0.39278316,0.0,0.6993456,0.0,0.0,0.0,0.0,0.0,0.0,0.0,18.984375,17.967047,0.0,0.0,Algorithm,extended
41.7044,2051,-0.30656242,0.0,-0.49816418,0.0,0.0,0.0,0.0,0.0,0.0,0.0,15.644531,4.459447,0.0,0.0,Algorithm,extended
41.808777,2052,2.0118165,0.0,-2.2800589,0.0,0.0,0.0,0.0,0.0,0.0,0.0,11.777344,-10.294234,0.0,0.0,Algorithm,extended
41.914776,2053,2.8452835,0.0,-2.1650977,0.0,0.0,0.0,0.0,0.0,0.0,0.0,7.3828125,-22.525335,0.0,0.0,Algorithm,extended
42.01632,2054,2.3087988,0.0,-2.2992191,0.0,0.0,0.0,0.0,0.0,0.0,0.0,3.3398438,-30.962996,0.0,0.0,Algorithm,extended
42.11287,2055,-0.12454128,0.0,-1.8297949,0.0,0.0,0.0,0.0,0.0,0.0,0.0,-0.17578125,-36.42313,0.0,0.0,Algorithm,extended
42.205956,2056,-1.7531548,0.0,-0.30656242,0.0,0.0,0.0,0.0,0.0,0.0,0.0,-4.0429688,-39.2527,0.0,0.0,Algorithm,crunched
42.313778,2057,-2.0309772,0.0,0.4790039,0.0,0.0,0.0,0.0,0.0,0.0,0.0,-8.4375,-40.029385,0.0,0.0,Algorithm,crunched
42.420284,2058,-2.2992191,0.0,-0.48858404,0.0,0.0,0.0,0.0,0.0,0.0,0.0,-12.65625,-39.641422,0.0,0.0,Algorithm,crunched
42.5341,2059,1.1783495,0.0,-1.5328126,0.0,0.0,0.0,0.0,0.0,0.0,0.0,-16.171875,-37.683357,0.0,0.0,Algorithm,crunched
42.645607,2060,5.9396486,0.0,-3.4009275,0.0,0.0,0.0,0.0,0.0,0.0,0.0,-18.984375,-35.305416,0.0,0.0,Algorithm,crunched
42.753063,2061,6.5719337,0.0,-4.023633,0.0,0.0,0.0,0.0,0.0,0.0,0.0,-19.6875,-28.595037,0.0,0.0,Algorithm,crunched
42.84886,2062,8.55501,0.0,-4.1673346,0.0,0.0,0.0,0.0,0.0,0.0,0.0,-19.511719,-20.696299,0.0,0.0,Algorithm,crunched
42.97514,2063,7.7407036,0.0,-4.6750784,0.0,0.0,0.0,0.0,0.0,0.0,0.0,-16.699219,-7.2865496,0.0,0.0,Algorithm,crunched
43.07771,2064,6.6581545,0.0,-5.0391216,0.0,0.0,0.0,0.0,0.0,0.0,0.0,-13.183594,5.497102,0.0,0.0,Algorithm,crunched
43.180588,2065,4.512217,0.0,-4.81878,0.0,0.0,0.0,0.0,0.0,0.0,0.0,-8.7890625,19.057404,0.0,0.0,Algorithm,crunched
43.320942,2066,4.148174,0.0,-5.163662,0.0,0.0,0.0,0.0,0.0,0.0,0.0,-2.6367188,30.025393,0.0,0.0,Algorithm,crunched
43.521374,2067,7.6257424,0.0,-5.8055277,0.0,0.0,0.0,0.0,0.0,0.0,0.0,5.0976562,36.5933,0.0,0.0,Algorithm,crunched
43.627705,2068,8.037686,0.0,-5.5468655,0.0,0.0,0.0,0.0,0.0,0.0,0.0,9.84375,40.67474,0.0,0.0,Algorithm,extended
43.74694,2069,6.9934573,0.0,-5.3935843,0.0,0.0,0.0,0.0,0.0,0.0,0.0,14.238281,40.97522,0.0,0.0,Algorithm,extended
43.870827,2070,5.2882032,0.0,-2.8931837,0.0,0.0,0.0,0.0,0.0,0.0,0.0,17.050781,37.436123,0.0,0.0,Algorithm,extended
43.98181,2071,0.51732445,0.0,-2.43334,0.0,0.0,0.0,0.0,0.0,0.0,0.0,18.632812,32.184227,0.0,0.0,Algorithm,extended
44.092304,2072,0.07664108,0.0,-1.3028908,0.0,0.0,0.0,0.0,0.0,0.0,0.0,19.160156,24.630814,0.0,0.0,Algorithm,extended
44.201897,2073,-1.0154886,0.0,-0.15328121,0.0,0.0,0.0,0.0,0.0,0.0,0.0,17.753906,13.776168,0.0,0.0,Algorithm,extended
44.329037,2074,0.4023633,0.0,-0.17244148,0.0,0.0,0.0,0.0,0.0,0.0,0.0,14.765625,0.9059404,0.0,0.0,Algorithm,extended
44.422844,2075,0.3736229,0.0,-0.5269046,0.0,0.0,0.0,0.0,0.0,0.0,0.0,11.25,-10.508352,0.0,0.0,Algorithm,extended
44.52243,2076,0.31614256,0.0,-1.7244143,0.0,0.0,0.0,0.0,0.0,0.0,0.0,7.03125,-21.459799,0.0,0.0,Algorithm,extended
44.62157,2077,0.71850586,0.0,-2.1746778,0.0,0.0,0.0,0.0,0.0,0.0,0.0,2.2851562,-31.883785,0.0,0.0,Algorithm,extended
44.71652,2078,0.81430674,0.0,-1.9926562,0.0,0.0,0.0,0.0,0.0,0.0,0.0,-1.9335938,-38.256203,0.0,0.0,Algorithm,extended
44.815815,2079,0.07664108,0.0,-1.5807133,0.0,0.0,0.0,0.0,0.0,0.0,0.0,-6.1523438,-42.97236,0.0,0.0,Algorithm,crunched
44.920086,2080,-1.4370117,0.0,-1.2070899,0.0,0.0,0.0,0.0,0.0,0.0,0.0,-10.019531,-42.77491,0.0,0.0,Algorithm,crunched
45.035927,2081,-1.322051,0.0,-1.3028908,0.0,0.0,0.0,0.0,0.0,0.0,0.0,-13.7109375,-40.394176,0.0,0.0,Algorithm,crunched
45.139874,2082,-0.22034168,0.0,-1.6669335,0.0,0.0,0.0,0.0,0.0,0.0,0.0,-16.347656,-35.949623,0.0,0.0,Algorithm,crunched
45.247513,2083,3.1231055,0.0,-2.663262,0.0,0.0,0.0,0.0,0.0,0.0,0.0,-18.457031,-31.117954,0.0,0.0,Algorithm,crunched
45.338264,2084,4.646338,0.0,-4.1481743,0.0,0.0,0.0,0.0,0.0,0.0,0.0,-19.511719,-25.570724,0.0,0.0,Algorithm,crunched
45.465107,2085,8.823253,0.0,-4.205654,0.0,0.0,0.0,0.0,0.0,0.0,0.0,-19.335938,-17.093634,0.0,0.0,Algorithm,crunched
45.587906,2086,9.6758795,0.0,-4.6463385,0.0,0.0,0.0,0.0,0.0,0.0,0.0,-16.523438,-5.0952997,0.0,0.0,Algorithm,crunched
45.686985,2087,7.807764,0.0,-5.7288866,0.0,0.0,0.0,0.0,0.0,0.0,0.0,-12.3046875,7.3896484,0.0,0.0,Algorithm,crunched
45.793205,2088,3.879932,0.0,-5.087022,0.0,0.0,0.0,0.0,0.0,0.0,0.0,-7.03125,20.938179,0.0,0.0,Algorithm,crunched
45.937313,2089,2.912344,0.0,-4.92416,0.0,0.0,0.0,0.0,0.0,0.0,0.0,-0.87890625,31.104057,0.0,0.0,Algorithm,crunched
46.045654,2090,4.406836,0.0,-5.7288866,0.0,0.0,0.0,0.0,0.0,0.0,0.0,2.9882812,38.453697,0.0,0.0,Algorithm,crunched
46.140385,2091,7.8652444,0.0,-5.9204884,0.0,0.0,0.0,0.0,0.0,0.0,0.0,6.6796875,41.9982,0.0,0.0,Algorithm,extended
46.237915,2092,10.221944,0.0,-4.9145803,0.0,0.0,0.0,0.0,0.0,0.0,0.0,10.371094,41.15895,0.0,0.0,Algorithm,extended
46.338345,2093,10.001602,0.0,-4.7038183,0.0,0.0,0.0,0.0,0.0,0.0,0.0,13.7109375,38.049232,0.0,0.0,Algorithm,extended
46.43706,2094,6.246211,0.0,-2.0980372,0.0,0.0,0.0,0.0,0.0,0.0,0.0,16.875,35.52572,0.0,0.0,Algorithm,extended
46.549377,2095,0.74724627,0.0,-1.6286135,0.0,0.0,0.0,0.0,0.0,0.0,0.0,19.511719,32.802647,0.0,0.0,Algorithm,extended
46.642593,2096,0.02873993,0.0,0.9196875,0.0,0.0,0.0,0.0,0.0,0.0,0.0,20.039062,26.601204,0.0,0.0,Algorithm,extended
46.768307,2097,-0.23950195,0.0,1.0538085,0.0,0.0,0.0,0.0,0.0,0.0,0.0,18.457031,15.245185,0.0,0.0,Algorithm,extended
46.88964,2098,-0.23950195,0.0,0.4023633,0.0,0.0,0.0,0.0,0.0,0.0,0.0,14.941406,2.2319634,0.0,0.0,Algorithm,extended
46.98699,2099,1.4849124,0.0,-1.21667,0.0,0.0,0.0,0.0,0.0,0.0,0.0,11.25,-10.2285595,0.0,0.0,Algorithm,extended
47.11683,2100,2.9889846,0.0,-2.1746778,0.0,0.0,0.0,0.0,0.0,0.0,0.0,5.0976562,-25.401402,0.0,0.0,Algorithm,extended
47.22554,2101,2.2992187,0.0,-2.42376,0.0,0.0,0.0,0.0,0.0,0.0,0.0,1.2304688,-32.26475,0.0,0.0,Algorithm,extended
47.325417,2102,-0.11496067,0.0,-1.5807133,0.0,0.0,0.0,0.0,0.0,0.0,0.0,-2.6367188,-37.86292,0.0,0.0,Algorithm,extended
47.435364,2103,-1.7723141,0.0,0.19160128,0.0,0.0,0.0,0.0,0.0,0.0,0.0,-7.03125,-40.26337,0.0,0.0,Algorithm,crunched
47.539795,2104,-2.1938381,0.0,0.6514454,0.0,0.0,0.0,0.0,0.0,0.0,0.0,-11.074219,-40.383747,0.0,0.0,Algorithm,crunched
47.635292,2105,-0.61312485,0.0,-0.79514647,0.0,0.0,0.0,0.0,0.0,0.0,0.0,-14.589844,-37.972878,0.0,0.0,Algorithm,crunched
47.739105,2106,1.1591897,0.0,-1.3699512,0.0,0.0,0.0,0.0,0.0,0.0,0.0,-17.050781,-35.596706,0.0,0.0,Algorithm,crunched
47.83901,2107,4.3014555,0.0,-3.7745514,0.0,0.0,0.0,0.0,0.0,0.0,0.0,-18.984375,-31.829956,0.0,0.0,Algorithm,crunched
47.9371,2108,6.14083,0.0,-3.7266502,0.0,0.0,0.0,0.0,0.0,0.0,0.0,-19.6875,-25.22491,0.0,0.0,Algorithm,crunched
48.059208,2109,9.0148535,0.0,-4.081114,0.0,0.0,0.0,0.0,0.0,0.0,0.0,-18.808594,-14.8905735,0.0,0.0,Algorithm,crunched
48.195614,2110,8.229287,0.0,-5.585186,0.0,0.0,0.0,0.0,0.0,0.0,0.0,-14.941406,-0.6274283,0.0,0.0,Algorithm,crunched
48.294025,2111,5.977969,0.0,-5.431905,0.0,0.0,0.0,0.0,0.0,0.0,0.0,-10.722656,11.403657,0.0,0.0,Algorithm,crunched
48.399155,2112,4.033213,0.0,-5.0391216,0.0,0.0,0.0,0.0,0.0,0.0,0.0,-6.328125,22.594532,0.0,0.0,Algorithm,crunched
48.541424,2113,4.608018,0.0,-5.537286,0.0,0.0,0.0,0.0,0.0,0.0,0.0,-0.3515625,31.996048,0.0,0.0,Algorithm,crunched
48.645386,2114,6.0546093,0.0,-5.661826,0.0,0.0,0.0,0.0,0.0,0.0,0.0,3.8671875,38.684116,0.0,0.0,Algorithm,crunched
48.742996,2115,7.9706254,0.0,-5.527705,0.0,0.0,0.0,0.0,0.0,0.0,0.0,7.9101562,41.74693,0.0,0.0,Algorithm,extended
48.84835,2116,7.807764,0.0,-5.2307234,0.0,0.0,0.0,0.0,0.0,0.0,0.0,11.953125,40.90697,0.0,0.0,Algorithm,extended
48.949482,2117,7.9610453,0.0,-4.2439747,0.0,0.0,0.0,0.0,0.0,0.0,0.0,14.941406,38.648808,0.0,0.0,Algorithm,extended
49.066887,2118,2.6345215,0.0,-2.3566995,0.0,0.0,0.0,0.0,0.0,0.0,0.0,17.753906,34.456276,0.0,0.0,Algorithm,extended
49.168324,2119,0.64186525,0.0,-1.8968558,0.0,0.0,0.0,0.0,0.0,0.0,0.0,19.511719,29.916702,0.0,0.0,Algorithm,extended
49.265404,2120,0.21076155,0.0,0.08622074,0.0,0.0,0.0,0.0,0.0,0.0,0.0,19.335938,21.871384,0.0,0.0,Algorithm,extended
49.382114,2121,-0.01916027,0.0,0.50774384,0.0,0.0,0.0,0.0,0.0,0.0,0.0,17.753906,10.867677,0.0,0.0,Algorithm,extended
49.482765,2122,-0.18202114,0.0,-0.23950195,0.0,0.0,0.0,0.0,0.0,0.0,0.0,14.765625,-0.32962036,0.0,0.0,Algorithm,extended
49.58135,2123,0.19160175,0.0,-0.9005275,0.0,0.0,0.0,0.0,0.0,0.0,0.0,11.074219,-12.983879,0.0,0.0,Algorithm,extended
49.6901,2124,1.072969,0.0,-2.4620805,0.0,0.0,0.0,0.0,0.0,0.0,0.0,6.328125,-25.266703,0.0,0.0,Algorithm,extended
49.793022,2125,1.6286135,0.0,-2.3854399,0.0,0.0,0.0,0.0,0.0,0.0,0.0,1.5820312,-33.649216,0.0,0.0,Algorithm,extended
49.90169,2126,0.622705,0.0,-2.0118165,0.0,0.0,0.0,0.0,0.0,0.0,0.0,-2.9882812,-39.921165,0.0,0.0,Algorithm,extended
49.997326,2127,-0.5939646,0.0,-1.3986917,0.0,0.0,0.0,0.0,0.0,0.0,0.0,-6.6796875,-41.677013,0.0,0.0,Algorithm,crunched
50.099987,2128,-1.24541,0.0,-0.5077443,0.0,0.0,0.0,0.0,0.0,0.0,0.0,-10.546875,-41.688244,0.0,0.0,Algorithm,crunched
