0.000101805,0,-2.00224,-0.220342,-9.45554,0.0,0.0,0.0,0.0,0.0,0.0,0.0,0.175781,0.0,0.00674,0.13537,None,seated
0.150266,1,-1.9735,-0.210762,-9.45554,0.0,0.0,0.0,0.0,0.0,0.0,0.0,0.175781,0.0,0.00674,0.13537,Nothing,seated
0.300434,2,-1.9256,-0.191602,-9.41722,0.0,0.0,0.0,0.0,0.0,0.0,0.0,0.175781,0.0,0.00674,0.13537,Nothing,seated
0.450599,3,-1.82021,-0.258662,-9.50344,0.0,0.0,0.0,0.0,0.0,0.0,0.0,0.351562,0.0,0.00674,0.13537,Nothing,seated
0.600712,4,-1.66693,-0.229922,-9.55134,0.0,0.0,0.0,0.0,0.0,0.0,0.0,0.878906,0.0,0.00674,0.13537,Nothing,seated
0.750882,5,-1.55197,-0.239502,-9.51302,0.0,0.0,0.0,0.0,0.0,0.0,0.0,1.40625,1.63892,0.00674,0.13537,Nothing,seated
0.90105,6,-1.50407,-0.191602,-9.55134,0.0,0.0,0.0,0.0,0.0,0.0,0.0,2.28516,2.80956,0.00674,0.13537,Nothing,seated
1.05121,7,-1.51365,-0.229922,-9.51302,0.0,0.0,0.0,0.0,0.0,0.0,0.0,3.16406,3.98024,0.00674,0.13537,Nothing,seated
1.20138,8,-1.46575,-0.191602,-9.51302,0.0,0.0,0.0,0.0,0.0,0.0,0.0,4.04297,4.91674,0.00674,0.13537,Nothing,seated
1.35155,9,-1.37953,-0.287402,-9.55134,0.0,0.0,0.0,0.0,0.0,0.0,0.0,4.74609,5.1505,0.00674,0.13537,Nothing,seated
1.50172,10,-1.28373,-0.258662,-9.4747,0.0,0.0,0.0,0.0,0.0,0.0,0.0,5.27344,5.15051,0.00674,0.13537,Nothing,seated
1.65188,11,-1.57113,-0.229922,-9.4747,0.0,0.0,0.0,0.0,0.0,0.0,0.0,5.625,4.44818,0.00674,0.13537,Nothing,seated
1.80205,12,-2.04056,-0.191602,-9.32142,0.0,0.0,0.0,0.0,0.0,0.0,0.0,5.27344,2.80936,0.00674,0.13537,Nothing,seated
1.95222,13,-2.19384,-0.210762,-9.38848,0.0,0.0,0.0,0.0,0.0,0.0,0.0,4.21875,0.234113,0.00674,0.13537,Nothing,seated
2.10239,14,-2.28964,-0.277822,-9.4268,0.0,0.0,0.0,0.0,0.0,0.0,0.0,2.46094,-3.04347,0.00674,0.13537,Nothing,seated
2.25256,15,-2.23216,-0.239502,-9.44596,0.0,0.0,0.0,0.0,0.0,0.0,0.0,0.0,-7.0234,0.00674,0.13537,Nothing,seated
2.40271,16,-2.20342,-0.296982,-9.50344,0.0,0.0,0.0,0.0,0.0,0.0,0.0,-2.46094,-10.7694,0.00674,0.13537,Nothing,seated
2.55288,17,-2.01182,-0.191602,-9.4747,0.0,0.0,0.0,0.0,0.0,0.0,0.0,-4.57031,-13.1106,0.00674,0.13537,Nothing,seated
2.70305,18,-1.94476,-0.172441,-9.43638,0.0,0.0,0.0,0.0,0.0,0.0,0.0,-6.15234,-13.813,0.00674,0.13537,Nothing,seated
2.85322,19,-1.9735,-0.191602,-9.34058,0.0,0.0,0.0,0.0,0.0,0.0,0.0,-6.85547,-12.4082,0.00674,0.13537,Nothing,seated
3.00339,20,-1.98308,-0.249082,-9.35974,0.0,0.0,0.0,0.0,0.0,0.0,0.0,-6.67969,-8.8964,0.00674,0.13537,Nothing,seated
3.15355,21,-1.82021,-0.287402,-9.43638,0.0,0.0,0.0,0.0,0.0,0.0,0.0,-5.44922,-3.97993,0.00674,0.13537,Nothing,seated
3.30371,22,-1.90644,-0.201182,-9.50344,0.0,0.0,0.0,0.0,0.0,0.0,0.0,-3.33984,1.63881,0.00674,0.13537,Nothing,seated
3.45387,23,-1.91602,-0.162861,-9.6663,0.0,0.0,0.0,0.0,0.0,0.0,0.0,-0.703125,7.25761,0.00674,0.13537,Nothing,seated
3.60404,24,-1.9256,-0.220342,-9.65672,0.0,0.0,0.0,0.0,0.0,0.0,0.0,2.10938,11.94,0.00674,0.13537,Nothing,seated
3.75421,25,-1.8298,-0.220342,-9.49386,0.0,0.0,0.0,0.0,0.0,0.0,0.0,4.74609,15.2177,0.00674,0.13537,Nothing,seated
3.90438,26,-1.98308,-0.249082,-9.39806,0.0,0.0,0.0,0.0,0.0,0.0,0.0,7.03125,16.6222,0.00674,0.13537,Nothing,seated
4.05455,27,-1.82021,-0.201182,-9.38848,0.0,0.0,0.0,0.0,0.0,0.0,0.0,8.26172,15.4515,0.00674,0.13537,Nothing,seated
4.20471,28,-2.0214,-0.239502,-9.25436,0.0,0.0,0.0,0.0,0.0,0.0,0.0,8.4375,12.1738,0.00674,0.13537,Nothing,seated
4.35488,29,-2.1172,-0.239502,-9.2352,0.0,0.0,0.0,0.0,0.0,0.0,0.0,7.55859,7.25751,0.00674,0.13537,Nothing,seated
4.50504,30,-2.43334,-0.287402,-9.30226,0.0,0.0,0.0,0.0,0.0,0.0,0.0,5.44922,0.936455,0.00674,0.13537,Nothing,seated
4.65521,31,-1.99266,-0.0383203,-9.35016,0.0,0.0,0.0,0.0,0.0,0.0,0.0,2.28516,-6.32109,0.00674,0.13537,Nothing,seated
4.80539,32,-2.00224,-0.0670606,-9.48428,0.0,0.0,0.0,0.0,0.0,0.0,0.0,-1.23047,-12.6421,0.00674,0.13537,Nothing,seated
4.95555,33,-2.19384,-0.239502,-9.65672,0.0,0.0,0.0,0.0,0.0,0.0,0.0,-4.57031,-17.3244,0.00674,0.13537,Nothing,seated
5.10571,34,-2.01182,-0.220342,-9.55134,0.0,0.0,0.0,0.0,0.0,0.0,0.0,-7.20703,-19.6657,0.00674,0.13537,Nothing,seated
5.25588,35,-2.05014,-0.277822,-9.29268,0.0,0.0,0.0,0.0,0.0,0.0,0.0,-8.78906,-18.9633,0.00674,0.13537,Nothing,seated
5.40604,36,-1.99266,-0.306563,-9.36932,0.0,0.0,0.0,0.0,0.0,0.0,0.0,-9.31641,-15.4517,0.00674,0.13537,Nothing,seated
5.5562,37,-1.96392,-0.210762,-9.27352,0.0,0.0,0.0,0.0,0.0,0.0,0.0,-8.4375,-9.59902,0.00674,0.13537,Nothing,seated
5.70635,38,-2.04056,-0.229922,-9.50344,0.0,0.0,0.0,0.0,0.0,0.0,0.0,-6.67969,-2.80953,0.00674,0.13537,Nothing,seated
5.85651,39,-2.0214,-0.239502,-9.58008,0.0,0.0,0.0,0.0,0.0,0.0,0.0,-3.69141,4.68254,0.00674,0.13537,Nothing,seated
6.00666,40,-2.05972,-0.191602,-9.6184,0.0,0.0,0.0,0.0,0.0,0.0,0.0,-0.351562,11.2382,0.00674,0.13537,Nothing,seated
6.15682,41,-2.08846,-0.277822,-9.62798,0.0,0.0,0.0,0.0,0.0,0.0,0.0,2.98828,16.3894,0.00674,0.13537,Nothing,seated
6.30698,42,-2.01182,-0.210762,-9.5226,0.0,0.0,0.0,0.0,0.0,0.0,0.0,5.97656,19.1986,0.00674,0.13537,Nothing,seated
6.45714,43,-1.99266,-0.182021,-9.32142,0.0,0.0,0.0,0.0,0.0,0.0,0.0,8.08594,19.6667,0.00674,0.13537,Nothing,seated
6.6073,44,-2.0214,-0.210762,-9.30226,0.0,0.0,0.0,0.0,0.0,0.0,0.0,9.14062,17.0914,0.00674,0.13537,Nothing,seated
6.75737,45,-1.8298,0.105381,-9.54176,0.0,0.0,0.0,0.0,0.0,0.0,0.0,8.96484,12.4102,0.0188,0.1476,Nothing,seated
6.90753,46,-4.91458,0.469424,-8.64123,0.0,0.0,0.0,0.0,0.0,0.0,0.0,7.55859,6.088,0.0188,0.1476,Nothing,seated
7.05768,47,-8.66997,-0.268242,-7.70238,0.0,0.0,0.0,0.0,0.0,0.0,0.0,5.09766,-1.17079,0.0188,0.1476,Nothing,seated
7.20784,48,-7.13716,-0.517324,-6.94556,0.0,0.0,0.0,0.0,0.0,0.0,0.0,1.93359,-8.1955,0.0188,0.1476,Nothing,seated
7.35799,49,-6.53361,-0.0383203,-6.57193,0.0,0.0,0.0,0.0,0.0,0.0,0.0,-1.58203,-14.2837,0.0188,0.1476,Nothing,seated
7.50815,50,-6.51445,-0.210762,-7.01262,0.0,0.0,0.0,0.0,0.0,0.0,0.0,-4.74609,-18.2621,0.0188,0.1476,Nothing,seated
7.65831,51,-7.07968,-0.239502,-7.17548,0.0,0.0,0.0,0.0,0.0,0.0,0.0,-7.38281,-19.901,0.0188,0.1476,Nothing,seated
7.80846,52,-6.47613,-0.220342,-6.79228,0.0,0.0,0.0,0.0,0.0,0.0,0.0,-8.96484,-18.7306,0.0188,0.1476,Nothing,seated
7.95856,53,-6.68689,-0.258662,-6.98388,0.0,0.0,0.0,0.0,0.0,0.0,0.0,-9.49219,-15.2196,0.0188,0.1476,Nothing,seated
8.10864,54,-7.118,-0.0958008,-6.61025,0.0,0.0,0.0,0.0,0.0,0.0,0.0,-8.61328,-9.36691,0.00674,0.13537,Nothing,seated
8.2587,55,-8.75619,0.402363,-7.94188,0.0,0.0,0.0,0.0,0.0,0.0,0.0,-6.67969,-2.57626,0.00674,0.13537,Nothing,seated
8.40885,56,3.38177,-0.574805,-10.2411,0.0,0.0,0.0,0.0,0.0,0.0,0.0,-3.86719,4.68413,0.00674,0.13537,Nothing,seated
8.559,57,-4.21523,0.296982,-10.2028,0.0,0.0,0.0,0.0,0.0,0.0,0.0,-0.527344,11.2418,0.00674,0.13537,Nothing,seated
8.70916,58,-1.31247,0.0479004,-9.93454,0.0,0.0,0.0,0.0,0.0,0.0,0.0,2.98828,16.6274,0.00674,0.13537,Nothing,seated
8.85933,59,-1.96392,0.0479004,-9.27352,0.0,0.0,0.0,0.0,0.0,0.0,0.0,5.97656,19.4351,0.00674,0.13537,Nothing,seated
9.00948,60,-2.20342,-0.0287402,-9.16813,0.0,0.0,0.0,0.0,0.0,0.0,0.0,8.08594,19.6669,0.00674,0.13537,Nothing,seated
9.15964,61,-2.20342,-0.134121,-9.35974,0.0,0.0,0.0,0.0,0.0,0.0,0.0,9.31641,17.5595,0.00674,0.13537,Nothing,seated
9.30971,62,-1.72441,-1.16877,-8.99569,0.0,0.0,0.0,0.0,0.0,0.0,0.0,9.14062,12.8785,0.0188,0.1476,Nothing,seated
9.45986,63,-2.57704,-0.613125,-6.94556,0.0,0.0,0.0,0.0,0.0,0.0,0.0,7.55859,6.08804,0.0188,0.1476,Nothing,seated
9.61001,64,-9.55134,0.249082,-7.08926,0.0,0.0,0.0,0.0,0.0,0.0,0.0,5.09766,-1.17081,0.0188,0.1476,Nothing,seated
9.76017,65,-7.06052,0.0958008,-7.5491,0.0,0.0,0.0,0.0,0.0,0.0,0.0,2.10938,-7.96142,0.0188,0.1476,Nothing,seated
9.91033,66,-5.80553,0.0862207,-6.59109,0.0,0.0,0.0,0.0,0.0,0.0,0.0,-1.40625,-14.2837,0.0188,0.1476,Nothing,seated
10.0605,67,-6.91682,-0.124541,-7.22338,0.0,0.0,0.0,0.0,0.0,0.0,0.0,-4.74609,-18.4961,0.0188,0.1476,Nothing,seated
10.2107,68,-6.59109,-0.239502,-7.27128,0.0,0.0,0.0,0.0,0.0,0.0,0.0,-7.38281,-19.9007,0.0188,0.1476,Nothing,seated
10.3608,69,-6.62941,-0.172441,-6.93598,0.0,0.0,0.0,0.0,0.0,0.0,0.0,-8.96484,-18.7301,0.0188,0.1476,Nothing,seated
10.511,70,-6.60067,-0.134121,-6.90724,0.0,0.0,0.0,0.0,0.0,0.0,0.0,-9.49219,-15.4525,0.0188,0.1476,Nothing,seated
10.661,71,-7.20422,-0.325723,-7.18506,0.0,0.0,0.0,0.0,0.0,0.0,0.0,-8.61328,-9.60027,0.00674,0.13537,Nothing,seated
10.8112,72,-7.75986,0.526904,-7.73112,0.0,0.0,0.0,0.0,0.0,0.0,0.0,-6.85547,-2.80988,0.00674,0.13537,Nothing,seated
10.9614,73,1.23583,0.536484,-10.174,0.0,0.0,0.0,0.0,0.0,0.0,0.0,-4.04297,4.44899,0.00674,0.13537,Nothing,seated
11.1115,74,-4.96248,0.268242,-9.78126,0.0,0.0,0.0,0.0,0.0,0.0,0.0,-0.527344,11.2395,0.00674,0.13537,Nothing,seated
11.2617,75,-0.708926,-0.249082,-9.65672,0.0,0.0,0.0,0.0,0.0,0.0,0.0,2.98828,16.6251,0.00674,0.13537,Nothing,seated
11.4118,76,-2.0693,-0.105381,-9.30226,0.0,0.0,0.0,0.0,0.0,0.0,0.0,5.97656,19.4328,0.00674,0.13537,Nothing,seated
11.562,77,-1.99266,-0.124541,-9.24478,0.0,0.0,0.0,0.0,0.0,0.0,0.0,8.08594,19.9012,0.00674,0.13537,Nothing,seated
11.7121,78,-1.96392,-0.258662,-9.43638,0.0,0.0,0.0,0.0,0.0,0.0,0.0,9.31641,17.794,0.00674,0.13537,Nothing,seated
11.8622,79,-1.94476,-0.210762,-9.84832,0.0,0.0,0.0,0.0,0.0,0.0,0.0,9.14062,12.8787,0.0188,0.1476,Nothing,seated
12.0124,80,-5.4319,-0.555645,-8.20055,0.0,0.0,0.0,0.0,0.0,0.0,0.0,7.55859,6.08805,0.0188,0.1476,Nothing,seated
12.1625,81,-5.61393,0.249082,-6.06419,0.0,0.0,0.0,0.0,0.0,0.0,0.0,5.09766,-1.1708,0.0188,0.1476,Nothing,seated
12.3127,82,-7.00304,-0.574805,-7.5491,0.0,0.0,0.0,0.0,0.0,0.0,0.0,2.10938,-7.96143,0.0188,0.1476,Nothing,seated
12.4628,83,-6.29411,0.0479004,-6.68689,0.0,0.0,0.0,0.0,0.0,0.0,0.0,-1.40625,-14.2838,0.0188,0.1476,Nothing,seated
12.613,84,-7.09884,0.00958008,-7.32876,0.0,0.0,0.0,0.0,0.0,0.0,0.0,-4.74609,-18.4962,0.0188,0.1476,Nothing,seated
12.7632,85,-6.8306,-0.124541,-7.28086,0.0,0.0,0.0,0.0,0.0,0.0,0.0,-7.38281,-19.901,0.0188,0.1476,Nothing,seated
12.9133,86,-6.54319,-0.191602,-6.8306,0.0,0.0,0.0,0.0,0.0,0.0,0.0,-8.96484,-18.7302,0.0188,0.1476,Nothing,seated
13.0635,87,-6.52403,-0.210762,-6.94556,0.0,0.0,0.0,0.0,0.0,0.0,0.0,-9.49219,-15.4524,0.0188,0.1476,Nothing,seated
13.2135,88,-7.94188,-0.105381,-6.89766,0.0,0.0,0.0,0.0,0.0,0.0,0.0,-8.78906,-9.83444,0.00674,0.13537,Nothing,seated
13.3637,89,-6.76354,0.277822,-7.4054,0.0,0.0,0.0,0.0,0.0,0.0,0.0,-7.03125,-3.04403,0.00674,0.13537,Nothing,seated
13.5139,90,-1.9735,-0.249082,-8.96695,0.0,0.0,0.0,0.0,0.0,0.0,0.0,-4.21875,4.21483,0.00674,0.13537,Nothing,seated
13.664,91,-2.18426,-0.526904,-9.03401,0.0,0.0,0.0,0.0,0.0,0.0,0.0,-0.527344,11.2396,0.00674,0.13537,Nothing,seated
13.8142,92,-1.8298,-0.249082,-8.93821,0.0,0.0,0.0,0.0,0.0,0.0,0.0,3.16406,16.8592,0.00674,0.13537,Nothing,seated
13.9643,93,-2.46208,-0.306563,-9.10107,0.0,0.0,0.0,0.0,0.0,0.0,0.0,5.97656,19.6666,0.00674,0.13537,Nothing,seated
14.1145,94,-1.99266,-0.306563,-9.21604,0.0,0.0,0.0,0.0,0.0,0.0,0.0,8.26172,20.3693,0.00674,0.13537,Nothing,seated
14.2646,95,-1.9735,-0.344883,-9.12023,0.0,0.0,0.0,0.0,0.0,0.0,0.0,9.49219,18.2621,0.00674,0.13537,Nothing,seated
14.4164,96,-2.53872,0.268242,-9.05317,0.0,0.0,0.0,0.0,0.0,0.0,0.0,9.14062,12.8491,0.0188,0.1476,Nothing,seated
14.5666,97,-0.603545,-0.479004,-7.13716,0.0,0.0,0.0,0.0,0.0,0.0,0.0,7.55859,5.8406,0.0188,0.1476,Nothing,seated
14.7167,98,-12.5882,-0.162861,-7.39582,0.0,0.0,0.0,0.0,0.0,0.0,0.0,5.44922,-0.700884,0.0188,0.1476,Nothing,seated
14.8669,99,-6.36117,0.0958008,-6.63899,0.0,0.0,0.0,0.0,0.0,0.0,0.0,2.10938,-8.17686,0.0188,0.1476,Nothing,seated
15.017,100,-6.8306,-0.613125,-7.18506,0.0,0.0,0.0,0.0,0.0,0.0,0.0,-1.40625,-14.4847,0.0188,0.1476,Nothing,seated
15.1672,101,-6.22705,-0.105381,-7.08926,0.0,0.0,0.0,0.0,0.0,0.0,0.0,-4.74609,-18.4961,0.0188,0.1476,Nothing,seated
15.3174,102,-6.57193,-0.249082,-6.93598,0.0,0.0,0.0,0.0,0.0,0.0,0.0,-7.38281,-19.9008,0.0188,0.1476,Nothing,seated
15.4675,103,-6.7827,-0.258662,-7.18506,0.0,0.0,0.0,0.0,0.0,0.0,0.0,-9.14062,-19.4326,0.0188,0.1476,Nothing,seated
15.6177,104,-6.45697,-0.287402,-6.91682,0.0,0.0,0.0,0.0,0.0,0.0,0.0,-9.49219,-15.4526,0.0188,0.1476,Nothing,seated
15.7677,105,-6.47613,-0.526904,-6.54319,0.0,0.0,0.0,0.0,0.0,0.0,0.0,-8.78906,-9.83461,0.00674,0.13537,Nothing,seated
15.9179,106,-7.57784,0.574805,-7.23296,0.0,0.0,0.0,0.0,0.0,0.0,0.0,-6.85547,-2.80991,0.00674,0.13537,Nothing,seated
16.0681,107,-3.18059,0.526904,-8.19097,0.0,0.0,0.0,0.0,0.0,0.0,0.0,-3.86719,4.68315,0.00674,0.13537,Nothing,seated
16.2182,108,-4.44516,-0.0479004,-10.2507,0.0,0.0,0.0,0.0,0.0,0.0,0.0,-0.703125,11.2395,0.00674,0.13537,Nothing,seated
16.3684,109,-0.708926,-0.201182,-9.73336,0.0,0.0,0.0,0.0,0.0,0.0,0.0,2.98828,16.6251,0.00674,0.13537,Nothing,seated
16.5185,110,-1.74357,-0.0287402,-9.30226,0.0,0.0,0.0,0.0,0.0,0.0,0.0,5.97656,19.6665,0.00674,0.13537,Nothing,seated
16.6687,111,-1.85854,-0.0479004,-9.54176,0.0,0.0,0.0,0.0,0.0,0.0,0.0,8.4375,20.3691,0.00674,0.13537,Nothing,seated
16.8188,112,-1.98308,-0.258662,-9.4747,0.0,0.0,0.0,0.0,0.0,0.0,0.0,9.49219,17.7943,0.00674,0.13537,Nothing,seated
16.9689,113,-1.89686,0.335303,-9.67588,0.0,0.0,0.0,0.0,0.0,0.0,0.0,9.14062,13.1131,0.0188,0.1476,Nothing,seated
17.1191,114,-4.73256,-1.33163,-8.04727,0.0,0.0,0.0,0.0,0.0,0.0,0.0,7.73438,6.32242,0.0188,0.1476,Nothing,seated
17.2692,115,-10.3465,-0.296982,-6.60067,0.0,0.0,0.0,0.0,0.0,0.0,0.0,5.27344,-0.936681,0.0188,0.1476,Nothing,seated
17.4194,116,-5.96839,0.0862207,-6.37075,0.0,0.0,0.0,0.0,0.0,0.0,0.0,2.10938,-8.43012,0.0188,0.1476,Nothing,seated
17.5695,117,-6.44739,0.0287402,-6.71563,0.0,0.0,0.0,0.0,0.0,0.0,0.0,-1.40625,-14.5183,0.0188,0.1476,Nothing,seated
17.7197,118,-7.01262,-0.182021,-7.2138,0.0,0.0,0.0,0.0,0.0,0.0,0.0,-4.74609,-18.4968,0.0188,0.1476,Nothing,seated
17.8698,119,-6.66773,-0.0862207,-7.22338,0.0,0.0,0.0,0.0,0.0,0.0,0.0,-7.38281,-20.1355,0.0188,0.1476,Nothing,seated
18.02,120,-6.59109,-0.201182,-6.91682,0.0,0.0,0.0,0.0,0.0,0.0,0.0,-9.14062,-19.1988,0.0188,0.1476,Nothing,seated
18.1701,121,-6.57193,-0.220342,-6.93598,0.0,0.0,0.0,0.0,0.0,0.0,0.0,-9.66797,-15.6868,0.0188,0.1476,Nothing,seated
18.3202,122,-7.6449,-0.114961,-6.74438,0.0,0.0,0.0,0.0,0.0,0.0,0.0,-8.78906,-9.83453,0.00674,0.13537,Nothing,seated
18.4704,123,-7.07968,-0.182021,-7.81734,0.0,0.0,0.0,0.0,0.0,0.0,0.0,-6.85547,-2.80989,0.00674,0.13537,Nothing,seated
18.6205,124,3.31471,-0.364043,-9.2352,0.0,0.0,0.0,0.0,0.0,0.0,0.0,-4.04297,4.44904,0.00674,0.13537,Nothing,seated
18.7707,125,-4.04279,-0.325723,-9.77168,0.0,0.0,0.0,0.0,0.0,0.0,0.0,-0.527344,11.4738,0.00674,0.13537,Nothing,seated
18.9208,126,-1.63819,-0.143701,-9.88664,0.0,0.0,0.0,0.0,0.0,0.0,0.0,2.98828,16.8594,0.00674,0.13537,Nothing,seated
19.071,127,-1.95434,0.0670606,-9.2352,0.0,0.0,0.0,0.0,0.0,0.0,0.0,5.97656,19.6669,0.00674,0.13537,Nothing,seated
19.2212,128,-2.03098,-0.0287402,-9.14898,0.0,0.0,0.0,0.0,0.0,0.0,0.0,8.26172,20.135,0.00674,0.13537,Nothing,seated
19.3713,129,-2.18426,-0.296982,-9.35016,0.0,0.0,0.0,0.0,0.0,0.0,0.0,9.49219,18.0278,0.00674,0.13537,Nothing,seated
19.5214,130,-2.79738,-0.613125,-10.289,0.0,0.0,0.0,0.0,0.0,0.0,0.0,9.31641,13.1127,0.0188,0.1476,Nothing,seated
19.6715,131,-2.70158,-0.392783,-9.12023,0.0,0.0,0.0,0.0,0.0,0.0,0.0,7.73438,6.32217,0.0188,0.1476,Nothing,seated
19.8217,132,-7.37666,-1.05381,-7.87482,0.0,0.0,0.0,0.0,0.0,0.0,0.0,5.27344,-0.936619,0.0188,0.1476,Nothing,seated
19.9719,133,-6.13125,0.143701,-6.84976,0.0,0.0,0.0,0.0,0.0,0.0,0.0,2.28516,-7.96131,0.0188,0.1476,Nothing,seated
20.122,134,-5.82469,0.402363,-6.47613,0.0,0.0,0.0,0.0,0.0,0.0,0.0,-1.23047,-14.2835,0.0188,0.1476,Nothing,seated
20.2722,135,-6.86892,0.0574805,-7.15632,0.0,0.0,0.0,0.0,0.0,0.0,0.0,-4.74609,-18.7301,0.0188,0.1476,Nothing,seated
20.4223,136,-6.7827,-0.00958008,-7.20422,0.0,0.0,0.0,0.0,0.0,0.0,0.0,-7.38281,-20.1348,0.0188,0.1476,Nothing,seated
20.5725,137,-6.54319,-0.0958008,-7.06052,0.0,0.0,0.0,0.0,0.0,0.0,0.0,-9.14062,-19.1987,0.0188,0.1476,Nothing,seated
20.7226,138,-6.60067,-0.143701,-7.0222,0.0,0.0,0.0,0.0,0.0,0.0,0.0,-9.66797,-15.921,0.0188,0.1476,Nothing,seated
20.8727,139,-6.36117,-0.325723,-6.39949,0.0,0.0,0.0,0.0,0.0,0.0,0.0,-8.78906,-10.0687,0.00674,0.13537,Nothing,seated
21.0229,140,-6.89766,0.325723,-8.96695,0.0,0.0,0.0,0.0,0.0,0.0,0.0,-7.03125,-3.04411,0.00674,0.13537,Nothing,seated
21.173,141,-0.134121,-1.11129,-8.81367,0.0,0.0,0.0,0.0,0.0,0.0,0.0,-4.21875,4.21493,0.00674,0.13537,Nothing,seated
21.3232,142,0.517324,0.364043,-9.67588,0.0,0.0,0.0,0.0,0.0,0.0,0.0,-0.527344,11.474,0.00674,0.13537,Nothing,seated
21.4733,143,-3.21891,-0.364043,-9.60882,0.0,0.0,0.0,0.0,0.0,0.0,0.0,2.98828,16.8597,0.00674,0.13537,Nothing,seated
21.6235,144,-1.9256,-0.411943,-10.0591,0.0,0.0,0.0,0.0,0.0,0.0,0.0,5.97656,19.6673,0.00674,0.13537,Nothing,seated
21.7736,145,-1.74357,-0.143701,-9.19688,0.0,0.0,0.0,0.0,0.0,0.0,0.0,8.26172,20.3698,0.00674,0.13537,IncreaseAccelerometer,seated
21.9237,146,-1.9735,-0.220342,-9.2352,0.0,0.0,0.0,0.0,0.0,0.0,0.0,9.49219,18.2646,0.00674,0.13537,IncreaseAccelerometer,seated
22.0738,147,-0.632285,-0.823887,-9.58966,0.0,0.0,0.0,0.0,0.0,0.0,0.0,9.14062,12.8802,0.0188,0.1476,IncreaseAccelerometer,seated
22.2239,148,-3.52547,-0.881367,-7.98021,0.0,0.0,0.0,0.0,0.0,0.0,0.0,7.73438,6.32316,0.0188,0.1476,IncreaseAccelerometer,seated
22.3741,149,-11.5344,-0.469424,-8.66997,0.0,0.0,0.0,0.0,0.0,0.0,0.0,5.27344,-0.936775,0.0188,0.1476,IncreaseAccelerometer,seated
22.5242,150,-7.28086,0.239502,-6.32285,0.0,0.0,0.0,0.0,0.0,0.0,0.0,2.28516,-7.96254,0.0188,0.1476,IncreaseAccelerometer,seated
22.6744,151,-6.49529,0.134121,-6.57193,0.0,0.0,0.0,0.0,0.0,0.0,0.0,-1.23047,-14.2842,0.0188,0.1476,IncreaseAccelerometer,seated
22.8245,152,-6.62941,0.0479004,-6.93598,0.0,0.0,0.0,0.0,0.0,0.0,0.0,-4.74609,-18.4969,0.0188,0.1476,IncreaseAccelerometer,seated
22.9747,153,-6.58151,-0.0191602,-7.17548,0.0,0.0,0.0,0.0,0.0,0.0,0.0,-7.55859,-20.3694,0.0188,0.1476,IncreaseAccelerometer,seated
23.1247,154,-6.75396,-0.258662,-7.00304,0.0,0.0,0.0,0.0,0.0,0.0,0.0,-9.14062,-19.2022,0.0188,0.1476,IncreaseAccelerometer,seated
23.2749,155,-6.68689,-0.153281,-6.89766,0.0,0.0,0.0,0.0,0.0,0.0,0.0,-9.66797,-15.9238,0.0188,0.1476,IncreaseAccelerometer,seated
23.4249,156,-7.57784,0.421523,-6.7348,0.0,0.0,0.0,0.0,0.0,0.0,0.0,-8.96484,-10.3048,0.00674,0.13537,IncreaseAccelerometer,seated
23.5751,157,-8.84241,-0.0766406,-7.98021,0.0,0.0,0.0,0.0,0.0,0.0,0.0,-7.03125,-3.04464,0.00674,0.13537,IncreaseAccelerometer,seated
23.7252,158,4.7613,0.498164,-8.31551,0.0,0.0,0.0,0.0,0.0,0.0,0.0,-4.21875,4.44987,0.00674,0.13537,IncreaseAccelerometer,seated
23.8754,159,-4.35894,-0.0574805,-10.0112,0.0,0.0,0.0,0.0,0.0,0.0,0.0,-0.703125,11.2396,0.00674,0.13537,IncreaseAccelerometer,seated
24.0255,160,-0.306563,-0.162861,-9.69504,0.0,0.0,0.0,0.0,0.0,0.0,0.0,2.98828,16.8594,0.00674,0.13537,IncreaseAccelerometer,seated
24.1757,161,-2.213,-0.249082,-9.50344,0.0,0.0,0.0,0.0,0.0,0.0,0.0,5.97656,19.901,0.00674,0.13537,IncreaseAccelerometer,seated
24.3259,162,-2.18426,-0.172441,-9.2831,0.0,0.0,0.0,0.0,0.0,0.0,0.0,8.26172,20.3692,0.00674,0.13537,IncreaseAccelerometer,seated
24.476,163,-1.89686,-0.249082,-9.43638,0.0,0.0,0.0,0.0,0.0,0.0,0.0,9.49219,18.262,0.00674,0.13537,IncreaseAccelerometer,seated
24.6261,164,-1.55197,-0.0958008,-8.89031,0.0,0.0,0.0,0.0,0.0,0.0,0.0,9.31641,13.3469,0.0188,0.1476,IncreaseAccelerometer,extended
24.7762,165,-3.14227,-0.268242,-7.79818,0.0,0.0,0.0,0.0,0.0,0.0,0.0,7.91016,6.55639,0.0188,0.1476,IncreaseAccelerometer,extended
24.9264,166,-10.8542,-0.325723,-5.72889,0.0,0.0,0.0,0.0,0.0,0.0,0.0,5.44922,-0.702471,0.0188,0.1476,IncreaseAccelerometer,extended
25.0766,167,-6.8306,0.354463,-6.61025,0.0,0.0,0.0,0.0,0.0,0.0,0.0,2.28516,-7.9614,0.0188,0.1476,IncreaseAccelerometer,extended
25.2267,168,-6.8306,-0.191602,-6.8306,0.0,0.0,0.0,0.0,0.0,0.0,0.0,-1.23047,-14.284,0.0188,0.1476,IncreaseAccelerometer,extended
25.3769,169,-6.82102,-0.0479004,-7.18506,0.0,0.0,0.0,0.0,0.0,0.0,0.0,-4.57031,-18.4967,0.0188,0.1476,IncreaseAccelerometer,extended
25.527,170,-6.56235,-0.0574805,-7.01262,0.0,0.0,0.0,0.0,0.0,0.0,0.0,-7.55859,-20.6039,0.0188,0.1476,IncreaseAccelerometer,extended
25.6772,171,-6.79228,-0.306563,-7.1659,0.0,0.0,0.0,0.0,0.0,0.0,0.0,-9.14062,-19.4336,0.0188,0.1476,IncreaseAccelerometer,extended
25.8273,172,-6.59109,-0.249082,-6.84018,0.0,0.0,0.0,0.0,0.0,0.0,0.0,-9.66797,-15.9215,0.0188,0.1476,IncreaseAccelerometer,extended
25.9774,173,-7.42456,0.134121,-6.86892,0.0,0.0,0.0,0.0,0.0,0.0,0.0,-8.96484,-10.303,0.00674,0.13537,IncreaseAccelerometer,seated
26.1275,174,-8.19097,0.325723,-7.8365,0.0,0.0,0.0,0.0,0.0,0.0,0.0,-7.20703,-3.51244,0.00674,0.13537,IncreaseAccelerometer,seated
26.2777,175,3.76497,0.536484,-8.44005,0.0,0.0,0.0,0.0,0.0,0.0,0.0,-4.39453,4.21491,0.00674,0.13537,IncreaseAccelerometer,seated
26.4279,176,-4.15775,-0.201182,-10.2028,0.0,0.0,0.0,0.0,0.0,0.0,0.0,-0.703125,11.2396,0.00674,0.13537,IncreaseAccelerometer,seated
26.578,177,-0.708926,-0.0383203,-10.0208,0.0,0.0,0.0,0.0,0.0,0.0,0.0,2.8125,16.6253,0.00674,0.13537,IncreaseAccelerometer,seated
26.7282,178,-2.05014,-0.191602,-9.14898,0.0,0.0,0.0,0.0,0.0,0.0,0.0,5.97656,19.9012,0.00674,0.13537,IncreaseAccelerometer,seated
26.8783,179,-2.00224,-0.229922,-9.4268,0.0,0.0,0.0,0.0,0.0,0.0,0.0,8.26172,20.6034,0.00674,0.13537,IncreaseAccelerometer,seated
27.0285,180,-1.83938,-0.153281,-9.35016,0.0,0.0,0.0,0.0,0.0,0.0,0.0,9.49219,18.4963,0.00674,0.13537,IncreaseAccelerometer,extended
27.1786,181,-0.0287402,0.191602,-8.07601,0.0,0.0,0.0,0.0,0.0,0.0,0.0,9.31641,13.347,0.0188,0.1476,IncreaseAccelerometer,extended
27.3287,182,-4.10027,-0.220342,-6.16957,0.0,0.0,0.0,0.0,0.0,0.0,0.0,6.32812,4.68319,0.0188,0.1476,IncreaseAccelerometer,extended
27.4788,183,-9.89622,-0.0862207,-8.32509,0.0,0.0,0.0,0.0,0.0,0.0,0.0,5.44922,-0.702567,0.0188,0.1476,IncreaseAccelerometer,extended
27.6289,184,-5.81511,-0.143701,-7.24254,0.0,0.0,0.0,0.0,0.0,0.0,0.0,2.10938,-8.1967,0.0188,0.1476,IncreaseAccelerometer,extended
29.125,185,-6.79228,-0.162861,-7.15632,0.0,0.0,0.0,0.0,0.0,0.0,0.0,2.46094,-3.35383,0.0188,0.1476,IncreaseAccelerometer,extended
29.2751,186,-6.40907,-0.268242,-6.85934,0.0,0.0,0.0,0.0,0.0,0.0,0.0,9.14062,-0.0838423,0.0188,0.1476,IncreaseAccelerometer,seated
29.5999,187,-6.46655,-0.268242,-6.84976,0.0,0.0,0.0,0.0,0.0,0.0,0.0,9.31641,1.31573,0.0188,0.1476,IncreaseAccelerometer,seated
29.7501,188,-6.46655,-0.201182,-6.81144,0.0,0.0,0.0,0.0,0.0,0.0,0.0,8.96484,1.54786,0.0188,0.1476,IncreaseAccelerometer,seated
29.9002,189,-6.52403,-0.153281,-6.86892,0.0,0.0,0.0,0.0,0.0,0.0,0.0,7.55859,2.39916,0.0188,0.1476,IncreaseAccelerometer,seated
30.0504,190,-6.56235,-0.143701,-6.99346,0.0,0.0,0.0,0.0,0.0,0.0,0.0,4.74609,2.46935,0.0188,0.1476,IncreaseAccelerometer,seated
30.2005,191,-6.63899,-0.162861,-7.12758,0.0,0.0,0.0,0.0,0.0,0.0,0.0,1.75781,-7.97799,0.0188,0.1476,IncreaseAccelerometer,seated
