9.799e-05,0,-1.47533,-0.277822,-9.62798,0.0,0.0,0.0,0.0,0.0,0.0,0.0,-0.175781,0.0,0.0129973,0.143496,None,seated
0.150267,1,-1.49449,-0.277822,-9.64714,0.0,0.0,0.0,0.0,0.0,0.0,0.0,-0.175781,0.0,0.0129973,0.143496,Nothing,seated
0.300426,2,-1.47533,-0.306563,-9.63756,0.0,0.0,0.0,0.0,0.0,0.0,0.0,-0.175781,0.0,0.0129973,0.143496,Nothing,seated
0.450595,3,-1.30289,-0.296982,-9.70462,0.0,0.0,0.0,0.0,0.0,0.0,0.0,-0.175781,0.0,0.0129973,0.143496,Nothing,seated
0.600761,4,-0.737666,-0.364043,-9.84832,0.0,0.0,0.0,0.0,0.0,0.0,0.0,0.175781,0.0,0.0129973,0.143496,Nothing,seated
0.750929,5,-0.162861,-0.249082,-9.89622,0.0,0.0,0.0,0.0,0.0,0.0,0.0,1.23047,1.87292,0.0129973,0.143496,Nothing,seated
0.901102,6,0.210762,-0.335303,-10.0782,0.0,0.0,0.0,0.0,0.0,0.0,0.0,2.98828,4.21406,0.0129973,0.143496,Nothing,seated
1.05123,7,0.555645,-0.306563,-10.1932,0.0,0.0,0.0,0.0,0.0,0.0,0.0,5.97656,8.19437,0.0129973,0.143496,Nothing,seated
1.20141,8,1.24541,-0.210762,-10.3082,0.0,0.0,0.0,0.0,0.0,0.0,0.0,9.84375,13.345,0.0129973,0.143496,Nothing,seated
1.35157,9,1.12087,-0.191602,-10.2603,0.0,0.0,0.0,0.0,0.0,0.0,0.0,14.5898,19.198,0.0129973,0.143496,Nothing,seated
1.50173,10,0.565225,-0.210762,-10.0303,0.0,0.0,0.0,0.0,0.0,0.0,0.0,18.8086,23.4124,0.0129973,0.143496,Nothing,seated
1.6519,11,-1.03465,-0.344883,-9.08191,0.0,0.0,0.0,0.0,0.0,0.0,0.0,22.1484,25.5197,0.0129973,0.143496,Nothing,seated
1.80206,12,-1.26457,-0.306563,-8.77535,0.0,0.0,0.0,0.0,0.0,0.0,0.0,22.5,22.0067,0.0129973,0.143496,Nothing,seated
1.95223,13,-1.34121,-0.546064,-9.12982,0.0,0.0,0.0,0.0,0.0,0.0,0.0,20.0391,13.5788,0.0129973,0.143496,Nothing,seated
2.10239,14,-1.49449,-0.325723,-10.0112,0.0,0.0,0.0,0.0,0.0,0.0,0.0,14.5898,0.0,0.0129973,0.143496,Nothing,seated
2.25256,15,-1.62861,-0.182021,-10.6818,0.0,0.0,0.0,0.0,0.0,0.0,0.0,7.55859,-14.9835,0.0129973,0.143496,Nothing,seated
2.40273,16,-1.78189,-0.105381,-11.1704,0.0,0.0,0.0,0.0,0.0,0.0,0.0,-0.878906,-30.6694,0.0129973,0.143496,Nothing,seated
2.55289,17,-1.68609,-0.153281,-11.0746,0.0,0.0,0.0,0.0,0.0,0.0,0.0,-8.96484,-41.9069,0.0129973,0.143496,Nothing,seated
2.70305,18,-1.59029,-0.392783,-10.3177,0.0,0.0,0.0,0.0,0.0,0.0,0.0,-15.8203,-47.76,0.0129973,0.143496,Nothing,seated
2.85322,19,-1.41785,-0.373623,-9.5705,0.0,0.0,0.0,0.0,0.0,0.0,0.0,-20.5664,-46.8234,0.0129973,0.143496,Nothing,seated
3.00339,20,-1.36037,-0.325723,-9.09149,0.0,0.0,0.0,0.0,0.0,0.0,0.0,-22.6758,-40.2679,0.0129973,0.143496,Nothing,seated
3.15355,21,-1.31247,-0.229922,-9.04359,0.0,0.0,0.0,0.0,0.0,0.0,0.0,-21.7969,-27.8599,0.0129973,0.143496,Nothing,seated
3.30372,22,-1.42743,-0.220342,-9.60882,0.0,0.0,0.0,0.0,0.0,0.0,0.0,-17.5781,-11.4717,0.0129973,0.143496,Nothing,seated
3.45387,23,-1.62861,-0.316143,-10.3465,0.0,0.0,0.0,0.0,0.0,0.0,0.0,-11.9531,5.15063,0.0129973,0.143496,Nothing,seated
3.60404,24,-1.73399,-0.344883,-10.9979,0.0,0.0,0.0,0.0,0.0,0.0,0.0,-4.04297,22.0072,0.0129973,0.143496,Nothing,seated
3.75422,25,-1.80105,-0.364043,-11.0842,0.0,0.0,0.0,0.0,0.0,0.0,0.0,4.21875,35.8199,0.0129973,0.143496,Nothing,seated
3.90438,26,-1.71483,-0.249082,-10.5477,0.0,0.0,0.0,0.0,0.0,0.0,0.0,11.6016,44.4821,0.0129973,0.143496,Nothing,seated
4.05455,27,-1.55197,-0.239502,-9.94412,0.0,0.0,0.0,0.0,0.0,0.0,0.0,17.5781,46.8233,0.0129973,0.143496,Nothing,seated
4.20471,28,-1.41785,-0.268242,-9.12982,0.0,0.0,0.0,0.0,0.0,0.0,0.0,21.2695,44.2472,0.0129973,0.143496,Nothing,seated
4.35488,29,-1.31247,-0.364043,-8.84241,0.0,0.0,0.0,0.0,0.0,0.0,0.0,21.9727,34.6489,0.0129973,0.143496,Nothing,seated
4.50504,30,-1.35079,-0.364043,-9.12982,0.0,0.0,0.0,0.0,0.0,0.0,0.0,19.8633,20.8365,0.0129973,0.143496,Nothing,seated
4.65522,31,-1.50407,-0.296982,-9.84832,0.0,0.0,0.0,0.0,0.0,0.0,0.0,14.9414,4.44818,0.0129973,0.143496,Nothing,seated
4.80538,32,-1.64777,-0.220342,-10.5572,0.0,0.0,0.0,0.0,0.0,0.0,0.0,8.08594,-12.6422,0.0129973,0.143496,Nothing,seated
4.95555,33,-1.73399,-0.258662,-11.0554,0.0,0.0,0.0,0.0,0.0,0.0,0.0,0.175781,-28.0936,0.0129973,0.143496,Nothing,seated
5.10571,34,-1.67651,-0.296982,-10.95,0.0,0.0,0.0,0.0,0.0,0.0,0.0,-8.26172,-40.2674,0.0129973,0.143496,Nothing,seated
5.25587,35,-1.58071,-0.325723,-10.4614,0.0,0.0,0.0,0.0,0.0,0.0,0.0,-15.1172,-46.5889,0.0129973,0.143496,Nothing,seated
5.40603,36,-1.41785,-0.306563,-9.51302,0.0,0.0,0.0,0.0,0.0,0.0,0.0,-20.3906,-47.0581,0.0129973,0.143496,Nothing,seated
5.55616,37,-1.31247,-0.277822,-9.19688,0.0,0.0,0.0,0.0,0.0,0.0,0.0,-21.9727,-40.0366,0.0129973,0.143496,Nothing,seated
5.70623,38,-1.33163,-0.306563,-9.12023,0.0,0.0,0.0,0.0,0.0,0.0,0.0,-21.4453,-28.8021,0.0129973,0.143496,Nothing,seated
5.8564,39,-1.45617,-0.316143,-9.58966,0.0,0.0,0.0,0.0,0.0,0.0,0.0,-17.9297,-12.8789,0.0129973,0.143496,Nothing,seated
6.00657,40,-1.59987,-0.268242,-10.1836,0.0,0.0,0.0,0.0,0.0,0.0,0.0,-12.3047,3.74654,0.0129973,0.143496,Nothing,seated
6.15673,41,-1.74357,-0.258662,-10.883,0.0,0.0,0.0,0.0,0.0,0.0,0.0,-4.39453,21.3083,0.0129973,0.143496,Nothing,seated
6.30689,42,-1.79147,-0.249082,-10.9979,0.0,0.0,0.0,0.0,0.0,0.0,0.0,3.33984,33.7174,0.0129973,0.143496,Nothing,seated
6.45705,43,-1.73399,-0.239502,-10.6147,0.0,0.0,0.0,0.0,0.0,0.0,0.0,10.5469,42.6098,0.0129973,0.143496,Nothing,seated
6.60721,44,-1.53281,-0.277822,-9.84832,0.0,0.0,0.0,0.0,0.0,0.0,0.0,16.875,46.3559,0.0129973,0.143496,Nothing,seated
6.75737,45,-1.41785,-0.325723,-9.18729,0.0,0.0,0.0,0.0,0.0,0.0,0.0,20.3906,43.547,0.0129973,0.143496,Nothing,seated
6.90754,46,-1.30289,-0.325723,-8.88073,0.0,0.0,0.0,0.0,0.0,0.0,0.0,21.4453,34.4161,0.0129973,0.143496,Nothing,seated
7.0577,47,-1.33163,-0.268242,-9.08191,0.0,0.0,0.0,0.0,0.0,0.0,0.0,19.5117,21.5392,0.0129973,0.143496,Nothing,seated
7.20786,48,-1.51365,-0.249082,-9.77168,0.0,0.0,0.0,0.0,0.0,0.0,0.0,14.9414,5.85301,0.0129973,0.143496,Nothing,seated
7.35802,49,-1.61903,-0.287402,-10.471,0.0,0.0,0.0,0.0,0.0,0.0,0.0,8.4375,-11.2378,0.0129973,0.143496,Nothing,seated
7.50819,50,-1.69567,-0.316143,-10.95,0.0,0.0,0.0,0.0,0.0,0.0,0.0,0.878906,-25.9874,0.0129973,0.143496,Nothing,seated
7.65835,51,-1.65735,-0.277822,-10.9021,0.0,0.0,0.0,0.0,0.0,0.0,0.0,-6.85547,-37.6934,0.0129973,0.143496,Nothing,seated
7.80852,52,-1.58071,-0.249082,-10.404,0.0,0.0,0.0,0.0,0.0,0.0,0.0,-13.7109,-44.2486,0.0129973,0.143496,Nothing,seated
7.95868,53,-1.41785,-0.249082,-9.74294,0.0,0.0,0.0,0.0,0.0,0.0,0.0,-18.8086,-44.951,0.0129973,0.143496,Nothing,seated
8.10885,54,-1.34121,-0.258662,-9.2352,0.0,0.0,0.0,0.0,0.0,0.0,0.0,-21.2695,-39.5659,0.0129973,0.143496,Nothing,seated
8.25901,55,-1.32205,-0.344883,-9.10107,0.0,0.0,0.0,0.0,0.0,0.0,0.0,-21.0938,-29.2646,0.0129973,0.143496,Nothing,seated
8.40919,56,-1.42743,-0.364043,-9.50344,0.0,0.0,0.0,0.0,0.0,0.0,0.0,-17.9297,-14.7491,0.0129973,0.143496,Nothing,seated
8.55936,57,-1.60945,-0.296982,-10.174,0.0,0.0,0.0,0.0,0.0,0.0,0.0,-12.4805,1.63879,0.0129973,0.143496,Nothing,seated
8.70952,58,-1.68609,-0.239502,-10.8159,0.0,0.0,0.0,0.0,0.0,0.0,0.0,-5.09766,18.2608,0.0129973,0.143496,Nothing,seated
8.85968,59,-1.69567,-0.210762,-10.95,0.0,0.0,0.0,0.0,0.0,0.0,0.0,2.28516,31.3716,0.0129973,0.143496,Nothing,seated
9.00984,60,-1.68609,-0.239502,-10.6818,0.0,0.0,0.0,0.0,0.0,0.0,0.0,9.66797,40.9702,0.0129973,0.143496,Nothing,seated
9.16001,61,-1.52323,-0.354463,-9.9537,0.0,0.0,0.0,0.0,0.0,0.0,0.0,15.8203,44.9506,0.0129973,0.143496,Nothing,seated
9.31018,62,-1.40827,-0.325723,-9.32142,0.0,0.0,0.0,0.0,0.0,0.0,0.0,19.6875,42.8438,0.0129973,0.143496,Nothing,seated
9.46022,63,-1.35079,-0.306563,-8.90947,0.0,0.0,0.0,0.0,0.0,0.0,0.0,20.918,34.6552,0.0129973,0.143496,Nothing,seated
9.61039,64,-1.32205,-0.268242,-9.11065,0.0,0.0,0.0,0.0,0.0,0.0,0.0,19.3359,22.7128,0.0129973,0.143496,Nothing,seated
9.76055,65,-1.44659,-0.296982,-9.62798,0.0,0.0,0.0,0.0,0.0,0.0,0.0,15.1172,7.25878,0.0129973,0.143496,Nothing,seated
9.91071,66,-1.58071,-0.306563,-10.3082,0.0,0.0,0.0,0.0,0.0,0.0,0.0,8.96484,-9.13209,0.0129973,0.143496,Nothing,seated
10.0609,67,-1.64777,-0.344883,-10.8542,0.0,0.0,0.0,0.0,0.0,0.0,0.0,1.40625,-24.3521,0.0129973,0.143496,Nothing,seated
10.211,68,-1.66693,-0.287402,-10.9021,0.0,0.0,0.0,0.0,0.0,0.0,0.0,-6.32812,-36.2882,0.0129973,0.143496,Nothing,seated
10.3612,69,-1.58071,-0.239502,-10.3944,0.0,0.0,0.0,0.0,0.0,0.0,0.0,-12.832,-42.8431,0.0129973,0.143496,Nothing,seated
10.5113,70,-1.43701,-0.201182,-9.7621,0.0,0.0,0.0,0.0,0.0,0.0,0.0,-17.9297,-44.0172,0.0129973,0.143496,Nothing,seated
10.6615,71,-1.36995,-0.296982,-9.27352,0.0,0.0,0.0,0.0,0.0,0.0,0.0,-20.5664,-39.3344,0.0129973,0.143496,Nothing,seated
10.8117,72,-1.31247,-0.306563,-9.09149,0.0,0.0,0.0,0.0,0.0,0.0,0.0,-20.5664,-29.2667,0.0129973,0.143496,Nothing,seated
10.9618,73,-1.41785,-0.344883,-9.4747,0.0,0.0,0.0,0.0,0.0,0.0,0.0,-17.7539,-15.2188,0.0129973,0.143496,Nothing,seated
11.112,74,-1.57113,-0.268242,-10.0878,0.0,0.0,0.0,0.0,0.0,0.0,0.0,-12.4805,0.468281,0.0129973,0.143496,Nothing,seated
11.2621,75,-1.69567,-0.210762,-10.7009,0.0,0.0,0.0,0.0,0.0,0.0,0.0,-5.27344,16.8568,0.0129973,0.143496,Nothing,seated
11.4122,76,-1.80105,-0.210762,-10.8734,0.0,0.0,0.0,0.0,0.0,0.0,0.0,1.58203,29.502,0.0129973,0.143496,Nothing,seated
11.5624,77,-1.68609,-0.287402,-10.6626,0.0,0.0,0.0,0.0,0.0,0.0,0.0,8.78906,39.102,0.0129973,0.143496,Nothing,seated
11.7126,78,-1.53281,-0.335303,-10.0495,0.0,0.0,0.0,0.0,0.0,0.0,0.0,14.9414,43.5504,0.0129973,0.143496,Nothing,seated
11.8627,79,-1.44659,-0.335303,-9.3789,0.0,0.0,0.0,0.0,0.0,0.0,0.0,18.9844,41.9109,0.0129973,0.143496,Nothing,seated
12.0129,80,-1.37953,-0.249082,-8.99569,0.0,0.0,0.0,0.0,0.0,0.0,0.0,20.3906,34.1841,0.0129973,0.143496,Nothing,seated
12.1631,81,-1.39869,-0.201182,-9.12982,0.0,0.0,0.0,0.0,0.0,0.0,0.0,18.9844,23.1774,0.0129973,0.143496,Nothing,seated
12.3132,82,-1.45617,-0.277822,-9.60882,0.0,0.0,0.0,0.0,0.0,0.0,0.0,15.1172,8.42821,0.0129973,0.143496,Nothing,seated
12.4634,83,-1.59987,-0.316143,-10.3273,0.0,0.0,0.0,0.0,0.0,0.0,0.0,9.31641,-7.49172,0.0129973,0.143496,Nothing,seated
12.6136,84,-1.66693,-0.325723,-10.7872,0.0,0.0,0.0,0.0,0.0,0.0,0.0,2.10938,-22.4754,0.0129973,0.143496,Nothing,seated
12.7637,85,-1.64777,-0.296982,-10.8446,0.0,0.0,0.0,0.0,0.0,0.0,0.0,-5.27344,-34.1814,0.0129973,0.143496,Nothing,seated
12.9139,86,-1.57113,-0.258662,-10.4614,0.0,0.0,0.0,0.0,0.0,0.0,0.0,-12.1289,-41.4391,0.0129973,0.143496,Nothing,seated
13.064,87,-1.46575,-0.229922,-9.6663,0.0,0.0,0.0,0.0,0.0,0.0,0.0,-17.9297,-44.0143,0.0129973,0.143496,Nothing,seated
13.2142,88,-1.35079,-0.306563,-9.2831,0.0,0.0,0.0,0.0,0.0,0.0,0.0,-20.0391,-39.0995,0.0129973,0.143496,Nothing,seated
13.3642,89,-1.32205,-0.335303,-9.19688,0.0,0.0,0.0,0.0,0.0,0.0,0.0,-20.2148,-29.7389,0.0129973,0.143496,Nothing,seated
13.5144,90,-1.39869,-0.364043,-9.40764,0.0,0.0,0.0,0.0,0.0,0.0,0.0,-17.7539,-16.6257,0.0129973,0.143496,Nothing,seated
13.6646,91,-1.51365,-0.306563,-10.0399,0.0,0.0,0.0,0.0,0.0,0.0,0.0,-12.832,-0.936653,0.0129973,0.143496,Nothing,seated
13.8147,92,-1.70525,-0.210762,-10.5668,0.0,0.0,0.0,0.0,0.0,0.0,0.0,-6.50391,15.2205,0.0129973,0.143496,Nothing,seated
13.9649,93,-1.72441,-0.220342,-10.8255,0.0,0.0,0.0,0.0,0.0,0.0,0.0,1.05469,28.0981,0.0129973,0.143496,Nothing,seated
14.1151,94,-1.68609,-0.287402,-10.6339,0.0,0.0,0.0,0.0,0.0,0.0,0.0,8.08594,37.6923,0.0129973,0.143496,Nothing,seated
14.2652,95,-1.57113,-0.325723,-9.96328,0.0,0.0,0.0,0.0,0.0,0.0,0.0,14.2383,42.6084,0.0129973,0.143496,Nothing,seated
14.4154,96,-1.42743,-0.335303,-9.4268,0.0,0.0,0.0,0.0,0.0,0.0,0.0,18.2812,41.439,0.0129973,0.143496,Nothing,seated
14.5655,97,-1.36037,-0.296982,-9.03401,0.0,0.0,0.0,0.0,0.0,0.0,0.0,19.6875,34.8842,0.0129973,0.143496,Nothing,seated
14.7157,98,-1.34121,-0.239502,-9.05317,0.0,0.0,0.0,0.0,0.0,0.0,0.0,18.8086,23.6466,0.0129973,0.143496,Nothing,seated
14.8659,99,-1.42743,-0.316143,-9.54176,0.0,0.0,0.0,0.0,0.0,0.0,0.0,15.1172,9.36491,0.0129973,0.143496,Nothing,seated
15.016,100,-1.55197,-0.306563,-10.2028,0.0,0.0,0.0,0.0,0.0,0.0,0.0,9.49219,-6.32135,0.0129973,0.143496,Nothing,seated
15.1662,101,-1.66693,-0.335303,-10.768,0.0,0.0,0.0,0.0,0.0,0.0,0.0,2.28516,-21.3051,0.0129973,0.143496,Nothing,seated
15.3163,102,-1.64777,-0.249082,-10.7393,0.0,0.0,0.0,0.0,0.0,0.0,0.0,-4.74609,-32.5429,0.0129973,0.143496,Nothing,seated
15.4665,103,-1.56155,-0.220342,-10.3465,0.0,0.0,0.0,0.0,0.0,0.0,0.0,-12.4805,-41.6737,0.0129973,0.143496,Nothing,seated
15.6166,104,-1.49449,-0.220342,-9.87706,0.0,0.0,0.0,0.0,0.0,0.0,0.0,-16.5234,-42.144,0.0129973,0.143496,Nothing,seated
15.7668,105,-1.35079,-0.316143,-9.35974,0.0,0.0,0.0,0.0,0.0,0.0,0.0,-19.3359,-38.3973,0.0129973,0.143496,Nothing,seated
15.917,106,-1.32205,-0.344883,-9.17772,0.0,0.0,0.0,0.0,0.0,0.0,0.0,-19.6875,-29.2658,0.0129973,0.143496,Nothing,seated
16.0672,107,-1.38911,-0.335303,-9.49386,0.0,0.0,0.0,0.0,0.0,0.0,0.0,-17.0508,-16.3886,0.0129973,0.143496,Nothing,seated
16.2172,108,-1.48491,-0.306563,-9.92496,0.0,0.0,0.0,0.0,0.0,0.0,0.0,-13.0078,-0.702453,0.0129973,0.143496,Nothing,seated
16.3674,109,-1.66693,-0.249082,-10.471,0.0,0.0,0.0,0.0,0.0,0.0,0.0,-6.67969,13.1119,0.0129973,0.143496,Nothing,seated
16.5176,110,-1.71483,-0.191602,-10.7872,0.0,0.0,0.0,0.0,0.0,0.0,0.0,0.527344,26.4583,0.0129973,0.143496,Nothing,seated
16.6677,111,-1.66693,-0.306563,-10.6147,0.0,0.0,0.0,0.0,0.0,0.0,0.0,7.38281,36.0586,0.0129973,0.143496,Nothing,seated
16.8179,112,-1.57113,-0.344883,-10.0112,0.0,0.0,0.0,0.0,0.0,0.0,0.0,13.5352,40.7413,0.0129973,0.143496,Nothing,seated
16.9681,113,-1.43701,-0.296982,-9.46512,0.0,0.0,0.0,0.0,0.0,0.0,0.0,17.5781,40.7365,0.0129973,0.143496,Nothing,seated
17.1182,114,-1.36995,-0.268242,-9.06275,0.0,0.0,0.0,0.0,0.0,0.0,0.0,19.3359,34.649,0.0129973,0.143496,Nothing,seated
17.2684,115,-1.36995,-0.220342,-9.07233,0.0,0.0,0.0,0.0,0.0,0.0,0.0,18.457,23.8798,0.0129973,0.143496,Nothing,seated
17.4186,116,-1.41785,-0.277822,-9.54176,0.0,0.0,0.0,0.0,0.0,0.0,0.0,15.1172,10.3011,0.0129973,0.143496,Nothing,seated
17.5687,117,-1.54239,-0.306563,-10.1166,0.0,0.0,0.0,0.0,0.0,0.0,0.0,9.66797,-5.15056,0.0129973,0.143496,Nothing,seated
17.7189,118,-1.61903,-0.306563,-10.6339,0.0,0.0,0.0,0.0,0.0,0.0,0.0,2.98828,-19.4317,0.0129973,0.143496,Nothing,seated
17.869,119,-1.65735,-0.268242,-10.7488,0.0,0.0,0.0,0.0,0.0,0.0,0.0,-4.21875,-31.3721,0.0129973,0.143496,Nothing,seated
18.0192,120,-1.59987,-0.210762,-10.3752,0.0,0.0,0.0,0.0,0.0,0.0,0.0,-10.5469,-38.629,0.0129973,0.143496,Nothing,seated
18.1694,121,-1.47533,-0.229922,-9.91538,0.0,0.0,0.0,0.0,0.0,0.0,0.0,-15.6445,-40.97,0.0129973,0.143496,Nothing,seated
18.3196,122,-1.36037,-0.306563,-9.38848,0.0,0.0,0.0,0.0,0.0,0.0,0.0,-18.8086,-37.9264,0.0129973,0.143496,Nothing,seated
18.4697,123,-1.35079,-0.364043,-9.15856,0.0,0.0,0.0,0.0,0.0,0.0,0.0,-19.3359,-29.7322,0.0129973,0.143496,Nothing,seated
18.6199,124,-1.37953,-0.373623,-9.44596,0.0,0.0,0.0,0.0,0.0,0.0,0.0,-17.2266,-17.3243,0.0129973,0.143496,Nothing,seated
18.77,125,-1.52323,-0.306563,-9.91538,0.0,0.0,0.0,0.0,0.0,0.0,0.0,-12.832,-3.04352,0.0129973,0.143496,Nothing,seated
18.9202,126,-1.66693,-0.229922,-10.4998,0.0,0.0,0.0,0.0,0.0,0.0,0.0,-7.03125,11.4717,0.0129973,0.143496,Nothing,seated
19.0704,127,-1.70525,-0.220342,-10.7201,0.0,0.0,0.0,0.0,0.0,0.0,0.0,0.0,25.0506,0.0129973,0.143496,Nothing,seated
19.2205,128,-1.67651,-0.258662,-10.5477,0.0,0.0,0.0,0.0,0.0,0.0,0.0,6.85547,34.8837,0.0129973,0.143496,Nothing,seated
19.3707,129,-1.57113,-0.316143,-10.0878,0.0,0.0,0.0,0.0,0.0,0.0,0.0,12.6562,39.8,0.0129973,0.143496,Nothing,seated
19.5209,130,-1.45617,-0.325723,-9.44596,0.0,0.0,0.0,0.0,0.0,0.0,0.0,16.875,39.5661,0.0129973,0.143496,Nothing,seated
19.671,131,-1.36037,-0.268242,-9.08191,0.0,0.0,0.0,0.0,0.0,0.0,0.0,18.8086,34.4157,0.0129973,0.143496,Nothing,seated
19.8212,132,-1.35079,-0.249082,-9.15856,0.0,0.0,0.0,0.0,0.0,0.0,0.0,18.1055,24.1152,0.0129973,0.143496,Nothing,seated
19.9712,133,-1.44659,-0.249082,-9.43638,0.0,0.0,0.0,0.0,0.0,0.0,0.0,15.1172,11.0056,0.0129973,0.143496,Nothing,seated
20.1214,134,-1.49449,-0.296982,-10.0782,0.0,0.0,0.0,0.0,0.0,0.0,0.0,9.84375,-3.74657,0.0129973,0.143496,Nothing,seated
20.2716,135,-1.66693,-0.296982,-10.5381,0.0,0.0,0.0,0.0,0.0,0.0,0.0,3.33984,-18.0302,0.0129973,0.143496,Nothing,seated
20.4217,136,-1.62861,-0.287402,-10.7297,0.0,0.0,0.0,0.0,0.0,0.0,0.0,-3.51562,-29.7381,0.0129973,0.143496,Nothing,seated
20.5719,137,-1.59987,-0.229922,-10.471,0.0,0.0,0.0,0.0,0.0,0.0,0.0,-9.84375,-37.2293,0.0129973,0.143496,Nothing,seated
20.7221,138,-1.47533,-0.249082,-9.91538,0.0,0.0,0.0,0.0,0.0,0.0,0.0,-15.1172,-40.2672,0.0129973,0.143496,Nothing,seated
20.8722,139,-1.35079,-0.287402,-9.35974,0.0,0.0,0.0,0.0,0.0,0.0,0.0,-18.2812,-37.4578,0.0129973,0.143496,Nothing,seated
21.0224,140,-1.35079,-0.354463,-9.27352,0.0,0.0,0.0,0.0,0.0,0.0,0.0,-18.8086,-29.4986,0.0129973,0.143496,Nothing,seated
21.1726,141,-1.38911,-0.325723,-9.36932,0.0,0.0,0.0,0.0,0.0,0.0,0.0,-17.0508,-18.0271,0.0129973,0.143496,Nothing,seated
21.3228,142,-1.51365,-0.296982,-9.87706,0.0,0.0,0.0,0.0,0.0,0.0,0.0,-12.832,-3.97983,0.0129973,0.143496,Nothing,seated
21.4729,143,-1.63819,-0.249082,-10.3944,0.0,0.0,0.0,0.0,0.0,0.0,0.0,-7.20703,10.535,0.0129973,0.143496,Nothing,seated
21.6231,144,-1.67651,-0.239502,-10.6626,0.0,0.0,0.0,0.0,0.0,0.0,0.0,-0.527344,23.6454,0.0129973,0.143496,Nothing,seated
21.7732,145,-1.64777,-0.258662,-10.5093,0.0,0.0,0.0,0.0,0.0,0.0,0.0,6.67969,33.9458,0.0129973,0.143496,Nothing,seated
21.9234,146,-1.59029,-0.296982,-10.107,0.0,0.0,0.0,0.0,0.0,0.0,0.0,12.3047,39.0964,0.0129973,0.143496,Nothing,seated
22.0735,147,-1.49449,-0.306563,-9.55134,0.0,0.0,0.0,0.0,0.0,0.0,0.0,16.1719,38.6353,0.0129973,0.143496,IncreaseAccelerometer,seated
22.2235,148,-1.38911,-0.268242,-9.12023,0.0,0.0,0.0,0.0,0.0,0.0,0.0,18.2812,33.9563,0.0129973,0.143496,IncreaseAccelerometer,seated
22.3736,149,-1.36037,-0.239502,-9.12982,0.0,0.0,0.0,0.0,0.0,0.0,0.0,17.7539,24.3578,0.0129973,0.143496,IncreaseAccelerometer,seated
22.5237,150,-1.42743,-0.258662,-9.45554,0.0,0.0,0.0,0.0,0.0,0.0,0.0,14.7656,10.775,0.0129973,0.143496,IncreaseAccelerometer,seated
22.6737,151,-1.53281,-0.296982,-10.0495,0.0,0.0,0.0,0.0,0.0,0.0,0.0,10.0195,-3.04547,0.0129973,0.143496,IncreaseAccelerometer,seated
22.8238,152,-1.58071,-0.316143,-10.4519,0.0,0.0,0.0,0.0,0.0,0.0,0.0,3.69141,-16.6331,0.0129973,0.143496,IncreaseAccelerometer,seated
22.9739,153,-1.64777,-0.287402,-10.6626,0.0,0.0,0.0,0.0,0.0,0.0,0.0,-3.16406,-28.5805,0.0129973,0.143496,IncreaseAccelerometer,seated
23.124,154,-1.59029,-0.249082,-10.471,0.0,0.0,0.0,0.0,0.0,0.0,0.0,-9.49219,-36.3115,0.0129973,0.143496,IncreaseAccelerometer,seated
23.274,155,-1.49449,-0.258662,-9.93454,0.0,0.0,0.0,0.0,0.0,0.0,0.0,-14.5898,-39.1215,0.0129973,0.143496,IncreaseAccelerometer,seated
23.4241,156,-1.37953,-0.296982,-9.45554,0.0,0.0,0.0,0.0,0.0,0.0,0.0,-17.5781,-36.7788,0.0129973,0.143496,IncreaseAccelerometer,seated
23.5742,157,-1.36037,-0.325723,-9.24478,0.0,0.0,0.0,0.0,0.0,0.0,0.0,-18.457,-29.5166,0.0129973,0.143496,IncreaseAccelerometer,seated
23.7242,158,-1.39869,-0.325723,-9.39806,0.0,0.0,0.0,0.0,0.0,0.0,0.0,-16.875,-18.2733,0.0129973,0.143496,IncreaseAccelerometer,seated
23.8743,159,-1.42743,-0.277822,-9.84832,0.0,0.0,0.0,0.0,0.0,0.0,0.0,-13.0078,-4.68545,0.0129973,0.143496,IncreaseAccelerometer,seated
24.0243,160,-1.58071,-0.249082,-10.3082,0.0,0.0,0.0,0.0,0.0,0.0,0.0,-7.38281,9.60552,0.0129973,0.143496,IncreaseAccelerometer,seated
24.1744,161,-1.63819,-0.258662,-10.6339,0.0,0.0,0.0,0.0,0.0,0.0,0.0,-0.878906,22.2568,0.0129973,0.143496,IncreaseAccelerometer,seated
24.3245,162,-1.63819,-0.277822,-10.5477,0.0,0.0,0.0,0.0,0.0,0.0,0.0,5.80078,32.3306,0.0129973,0.143496,IncreaseAccelerometer,seated
24.5117,163,-1.55197,-0.306563,-9.96328,0.0,0.0,0.0,0.0,0.0,0.0,0.0,12.6562,37.5028,0.0129973,0.143496,IncreaseAccelerometer,seated
24.6617,164,-1.46575,-0.335303,-9.4747,0.0,0.0,0.0,0.0,0.0,0.0,0.0,16.5234,37.5028,0.0129973,0.143496,IncreaseAccelerometer,seated
24.8118,165,-1.37953,-0.277822,-9.08191,0.0,0.0,0.0,0.0,0.0,0.0,0.0,17.9297,32.1446,0.0129973,0.143496,IncreaseAccelerometer,seated
24.9619,166,-1.36995,-0.249082,-9.16813,0.0,0.0,0.0,0.0,0.0,0.0,0.0,16.875,22.5459,0.0129973,0.143496,IncreaseAccelerometer,seated
25.1119,167,-1.44659,-0.277822,-9.55134,0.0,0.0,0.0,0.0,0.0,0.0,0.0,13.7109,10.0452,0.0129973,0.143496,IncreaseAccelerometer,seated
25.262,168,-1.51365,-0.335303,-10.1261,0.0,0.0,0.0,0.0,0.0,0.0,0.0,8.4375,-5.62237,0.0129973,0.143496,IncreaseAccelerometer,seated
25.4121,169,-1.59029,-0.325723,-10.4998,0.0,0.0,0.0,0.0,0.0,0.0,0.0,2.46094,-18.741,0.0129973,0.143496,IncreaseAccelerometer,seated
25.5621,170,-1.62861,-0.258662,-10.586,0.0,0.0,0.0,0.0,0.0,0.0,0.0,-4.21875,-29.5189,0.0129973,0.143496,IncreaseAccelerometer,seated
25.7122,171,-1.57113,-0.229922,-10.3752,0.0,0.0,0.0,0.0,0.0,0.0,0.0,-10.1953,-36.0784,0.0129973,0.143496,IncreaseAccelerometer,seated
25.8623,172,-1.47533,-0.258662,-9.84832,0.0,0.0,0.0,0.0,0.0,0.0,0.0,-14.9414,-38.1864,0.0129973,0.143496,IncreaseAccelerometer,seated
26.0123,173,-1.40827,-0.277822,-9.43638,0.0,0.0,0.0,0.0,0.0,0.0,0.0,-17.5781,-34.6723,0.0129973,0.143496,IncreaseAccelerometer,seated
26.1624,174,-1.36037,-0.335303,-9.27352,0.0,0.0,0.0,0.0,0.0,0.0,0.0,-17.9297,-27.1755,0.0129973,0.143496,IncreaseAccelerometer,seated
26.3125,175,-1.41785,-0.335303,-9.51302,0.0,0.0,0.0,0.0,0.0,0.0,0.0,-15.6445,-15.227,0.0129973,0.143496,IncreaseAccelerometer,seated
26.4625,176,-1.55197,-0.287402,-10.0016,0.0,0.0,0.0,0.0,0.0,0.0,0.0,-11.7773,-2.10835,0.0129973,0.143496,IncreaseAccelerometer,seated
26.6126,177,-1.61903,-0.249082,-10.3273,0.0,0.0,0.0,0.0,0.0,0.0,0.0,-6.15234,11.7131,0.0129973,0.143496,IncreaseAccelerometer,seated
26.7627,178,-1.66693,-0.239502,-10.586,0.0,0.0,0.0,0.0,0.0,0.0,0.0,0.351562,23.8948,0.0129973,0.143496,IncreaseAccelerometer,seated
26.9128,179,-1.62861,-0.296982,-10.4327,0.0,0.0,0.0,0.0,0.0,0.0,0.0,6.67969,32.7973,0.0129973,0.143496,IncreaseAccelerometer,seated
27.0628,180,-1.57113,-0.306563,-10.0016,0.0,0.0,0.0,0.0,0.0,0.0,0.0,12.3047,37.2479,0.0129973,0.143496,IncreaseAccelerometer,seated
27.2129,181,-1.42743,-0.296982,-9.46512,0.0,0.0,0.0,0.0,0.0,0.0,0.0,15.8203,36.7797,0.0129973,0.143496,IncreaseAccelerometer,seated
27.363,182,-1.39869,-0.277822,-9.13939,0.0,0.0,0.0,0.0,0.0,0.0,0.0,17.4023,31.3912,0.0129973,0.143496,IncreaseAccelerometer,seated
27.5131,183,-1.38911,-0.268242,-9.17772,0.0,0.0,0.0,0.0,0.0,0.0,0.0,16.6992,21.7864,0.0129973,0.143496,IncreaseAccelerometer,seated
27.6631,184,-1.40827,-0.296982,-9.5705,0.0,0.0,0.0,0.0,0.0,0.0,0.0,13.5352,9.1362,0.0129973,0.143496,IncreaseAccelerometer,seated
27.8132,185,-1.53281,-0.325723,-10.0399,0.0,0.0,0.0,0.0,0.0,0.0,0.0,8.78906,-4.68527,0.0129973,0.143496,IncreaseAccelerometer,seated
27.9632,186,-1.59029,-0.335303,-10.471,0.0,0.0,0.0,0.0,0.0,0.0,0.0,2.63672,-17.5708,0.0129973,0.143496,IncreaseAccelerometer,seated
28.1133,187,-1.58071,-0.258662,-10.5764,0.0,0.0,0.0,0.0,0.0,0.0,0.0,-4.04297,-28.5826,0.0129973,0.143496,IncreaseAccelerometer,seated
28.2633,188,-1.54239,-0.249082,-10.289,0.0,0.0,0.0,0.0,0.0,0.0,0.0,-9.66797,-35.1425,0.0129973,0.143496,IncreaseAccelerometer,seated
28.4134,189,-1.51365,-0.239502,-9.88664,0.0,0.0,0.0,0.0,0.0,0.0,0.0,-14.2383,-37.0164,0.0129973,0.143496,IncreaseAccelerometer,seated
28.5635,190,-1.38911,-0.287402,-9.4268,0.0,0.0,0.0,0.0,0.0,0.0,0.0,-17.0508,-34.4393,0.0129973,0.143496,IncreaseAccelerometer,seated
28.7136,191,-1.38911,-0.306563,-9.29268,0.0,0.0,0.0,0.0,0.0,0.0,0.0,-17.5781,-26.9407,0.0129973,0.143496,IncreaseAccelerometer,seated
28.8636,192,-1.38911,-0.306563,-9.43638,0.0,0.0,0.0,0.0,0.0,0.0,0.0,-15.6445,-15.4616,0.0129973,0.143496,IncreaseAccelerometer,seated
29.0137,193,-1.53281,-0.258662,-9.87706,0.0,0.0,0.0,0.0,0.0,0.0,0.0,-11.7773,-2.81121,0.0129973,0.143496,IncreaseAccelerometer,seated
29.1638,194,-1.59987,-0.258662,-10.2986,0.0,0.0,0.0,0.0,0.0,0.0,0.0,-6.32812,10.5422,0.0129973,0.143496,IncreaseAccelerometer,seated
29.3138,195,-1.64777,-0.239502,-10.5764,0.0,0.0,0.0,0.0,0.0,0.0,0.0,0.0,22.7241,0.0129973,0.143496,IncreaseAccelerometer,seated
29.4639,196,-1.67651,-0.287402,-10.404,0.0,0.0,0.0,0.0,0.0,0.0,0.0,6.15234,31.6263,0.0129973,0.143496,IncreaseAccelerometer,seated
29.6634,197,-1.53281,-0.296982,-9.86748,0.0,0.0,0.0,0.0,0.0,0.0,0.0,13.0078,35.825,0.0129973,0.143496,IncreaseAccelerometer,seated
29.8135,198,-1.47533,-0.277822,-9.32142,0.0,0.0,0.0,0.0,0.0,0.0,0.0,16.1719,34.9459,0.0129973,0.143496,IncreaseAccelerometer,seated
29.9636,199,-1.38911,-0.287402,-9.12982,0.0,0.0,0.0,0.0,0.0,0.0,0.0,17.0508,29.2309,0.0129973,0.143496,IncreaseAccelerometer,seated
30.1136,200,-1.39869,-0.258662,-9.27352,0.0,0.0,0.0,0.0,0.0,0.0,0.0,15.6445,19.5606,0.0129973,0.143496,IncreaseAccelerometer,seated
30.2637,201,-1.41785,-0.287402,-9.6184,0.0,0.0,0.0,0.0,0.0,0.0,0.0,12.1289,7.47261,0.0129973,0.143496,IncreaseAccelerometer,seated
30.4138,202,-1.51365,-0.316143,-10.1645,0.0,0.0,0.0,0.0,0.0,0.0,0.0,6.85547,-8.19937,0.0129973,0.143496,IncreaseAccelerometer,seated
30.5638,203,-1.58071,-0.287402,-10.4614,0.0,0.0,0.0,0.0,0.0,0.0,0.0,0.878906,-20.3812,0.0129973,0.143496,IncreaseAccelerometer,seated
30.7139,204,-1.60945,-0.287402,-10.4806,0.0,0.0,0.0,0.0,0.0,0.0,0.0,-5.44922,-29.9866,0.0129973,0.143496,IncreaseAccelerometer,seated
30.864,205,-1.50407,-0.268242,-10.1645,0.0,0.0,0.0,0.0,0.0,0.0,0.0,-10.8984,-35.3738,0.0129973,0.143496,IncreaseAccelerometer,seated
31.0141,206,-1.49449,-0.258662,-9.70462,0.0,0.0,0.0,0.0,0.0,0.0,0.0,-14.9414,-36.0765,0.0129973,0.143496,IncreaseAccelerometer,seated
31.1641,207,-1.40827,-0.287402,-9.38848,0.0,0.0,0.0,0.0,0.0,0.0,0.0,-17.0508,-31.8598,0.0129973,0.143496,IncreaseAccelerometer,seated
31.3142,208,-1.37953,-0.306563,-9.34058,0.0,0.0,0.0,0.0,0.0,0.0,0.0,-16.1719,-22.7235,0.0129973,0.143496,IncreaseAccelerometer,seated
31.4886,209,-1.44659,-0.296982,-9.69504,0.0,0.0,0.0,0.0,0.0,0.0,0.0,-13.1836,-9.98365,0.0129973,0.143496,IncreaseAccelerometer,seated
31.6387,210,-1.56155,-0.258662,-10.0782,0.0,0.0,0.0,0.0,0.0,0.0,0.0,-9.31641,2.04218,0.0129973,0.143496,IncreaseAccelerometer,seated
31.7887,211,-1.61903,-0.239502,-10.3752,0.0,0.0,0.0,0.0,0.0,0.0,0.0,-3.51562,14.7491,0.0129973,0.143496,IncreaseAccelerometer,seated
31.9388,212,-1.67651,-0.258662,-10.4998,0.0,0.0,0.0,0.0,0.0,0.0,0.0,2.8125,25.6407,0.0129973,0.143496,IncreaseAccelerometer,seated
32.0889,213,-1.59029,-0.277822,-10.2698,0.0,0.0,0.0,0.0,0.0,0.0,0.0,8.4375,31.7673,0.0129973,0.143496,IncreaseAccelerometer,seated
32.2853,214,-1.49449,-0.306563,-9.67588,0.0,0.0,0.0,0.0,0.0,0.0,0.0,14.4141,34.638,0.0129973,0.143496,IncreaseAccelerometer,seated
32.4354,215,-1.40827,-0.277822,-9.2352,0.0,0.0,0.0,0.0,0.0,0.0,0.0,16.5234,32.4319,0.0129973,0.143496,IncreaseAccelerometer,seated
32.5855,216,-1.35079,-0.258662,-9.16813,0.0,0.0,0.0,0.0,0.0,0.0,0.0,16.3477,24.9307,0.0129973,0.143496,IncreaseAccelerometer,seated
32.7355,217,-1.38911,-0.287402,-9.4747,0.0,0.0,0.0,0.0,0.0,0.0,0.0,13.8867,13.8993,0.0129973,0.143496,IncreaseAccelerometer,seated
32.8856,218,-1.49449,-0.287402,-9.88664,0.0,0.0,0.0,0.0,0.0,0.0,0.0,9.84375,1.765,0.0129973,0.143496,IncreaseAccelerometer,seated
33.0357,219,-1.55197,-0.296982,-10.2986,0.0,0.0,0.0,0.0,0.0,0.0,0.0,4.39453,-13.3536,0.0129973,0.143496,IncreaseAccelerometer,seated
33.1857,220,-1.59987,-0.296982,-10.4902,0.0,0.0,0.0,0.0,0.0,0.0,0.0,-1.75781,-24.3643,0.0129973,0.143496,IncreaseAccelerometer,seated
33.3358,221,-1.57113,-0.287402,-10.3944,0.0,0.0,0.0,0.0,0.0,0.0,0.0,-7.73438,-32.0951,0.0129973,0.143496,IncreaseAccelerometer,seated
33.4859,222,-1.52323,-0.249082,-10.0399,0.0,0.0,0.0,0.0,0.0,0.0,0.0,-12.4805,-35.1406,0.0129973,0.143496,IncreaseAccelerometer,seated
33.6359,223,-1.39869,-0.296982,-9.48428,0.0,0.0,0.0,0.0,0.0,0.0,0.0,-15.8203,-34.2035,0.0129973,0.143496,IncreaseAccelerometer,seated
33.786,224,-1.34121,-0.306563,-9.31184,0.0,0.0,0.0,0.0,0.0,0.0,0.0,-16.875,-28.3466,0.0129973,0.143496,IncreaseAccelerometer,seated
33.9361,225,-1.36037,-0.325723,-9.45554,0.0,0.0,0.0,0.0,0.0,0.0,0.0,-15.8203,-18.7416,0.0129973,0.143496,IncreaseAccelerometer,seated
34.0861,226,-1.45617,-0.268242,-9.69504,0.0,0.0,0.0,0.0,0.0,0.0,0.0,-12.6562,-6.55958,0.0129973,0.143496,IncreaseAccelerometer,seated
34.2362,227,-1.59029,-0.258662,-10.1261,0.0,0.0,0.0,0.0,0.0,0.0,0.0,-7.73438,6.32538,0.0129973,0.143496,IncreaseAccelerometer,seated
34.3863,228,-1.63819,-0.258662,-10.4614,0.0,0.0,0.0,0.0,0.0,0.0,0.0,-1.75781,18.7418,0.0129973,0.143496,IncreaseAccelerometer,seated
34.5363,229,-1.65735,-0.277822,-10.3752,0.0,0.0,0.0,0.0,0.0,0.0,0.0,4.39453,28.3471,0.0129973,0.143496,IncreaseAccelerometer,seated
34.7392,230,-1.53281,-0.287402,-9.89622,0.0,0.0,0.0,0.0,0.0,0.0,0.0,11.7773,34.3618,0.0129973,0.143496,IncreaseAccelerometer,seated
34.8893,231,-1.45617,-0.296982,-9.46512,0.0,0.0,0.0,0.0,0.0,0.0,0.0,14.7656,34.143,0.0129973,0.143496,IncreaseAccelerometer,seated
35.0394,232,-1.36037,-0.277822,-9.2352,0.0,0.0,0.0,0.0,0.0,0.0,0.0,16.3477,29.9844,0.0129973,0.143496,IncreaseAccelerometer,seated
35.1894,233,-1.37953,-0.268242,-9.24478,0.0,0.0,0.0,0.0,0.0,0.0,0.0,15.4688,21.4486,0.0129973,0.143496,IncreaseAccelerometer,seated
35.3395,234,-1.43701,-0.296982,-9.54176,0.0,0.0,0.0,0.0,0.0,0.0,0.0,12.6562,10.2865,0.0129973,0.143496,IncreaseAccelerometer,seated
35.4896,235,-1.51365,-0.296982,-10.0112,0.0,0.0,0.0,0.0,0.0,0.0,0.0,8.08594,-4.9197,0.0129973,0.143496,IncreaseAccelerometer,seated
35.6396,236,-1.58071,-0.296982,-10.3561,0.0,0.0,0.0,0.0,0.0,0.0,0.0,2.46094,-16.3989,0.0129973,0.143496,IncreaseAccelerometer,seated
35.7897,237,-1.60945,-0.258662,-10.4327,0.0,0.0,0.0,0.0,0.0,0.0,0.0,-4.04297,-27.1755,0.0129973,0.143496,IncreaseAccelerometer,seated
35.9398,238,-1.52323,-0.239502,-10.2794,0.0,0.0,0.0,0.0,0.0,0.0,0.0,-9.14062,-32.7977,0.0129973,0.143496,IncreaseAccelerometer,seated
36.0898,239,-1.47533,-0.239502,-9.84832,0.0,0.0,0.0,0.0,0.0,0.0,0.0,-13.3594,-34.6719,0.0129973,0.143496,IncreaseAccelerometer,seated
36.2399,240,-1.36995,-0.335303,-9.4747,0.0,0.0,0.0,0.0,0.0,0.0,0.0,-15.9961,-32.0951,0.0129973,0.143496,IncreaseAccelerometer,seated
36.3899,241,-1.38911,-0.325723,-9.34058,0.0,0.0,0.0,0.0,0.0,0.0,0.0,-16.3477,-25.067,0.0129973,0.143496,IncreaseAccelerometer,seated
36.54,242,-1.37953,-0.296982,-9.48428,0.0,0.0,0.0,0.0,0.0,0.0,0.0,-14.5898,-14.0563,0.0129973,0.143496,IncreaseAccelerometer,seated
36.6901,243,-1.49449,-0.258662,-9.93454,0.0,0.0,0.0,0.0,0.0,0.0,0.0,-10.8984,-2.34273,0.0129973,0.143496,IncreaseAccelerometer,seated
36.8402,244,-1.61903,-0.239502,-10.2028,0.0,0.0,0.0,0.0,0.0,0.0,0.0,-5.80078,10.0737,0.0129973,0.143496,IncreaseAccelerometer,seated
36.9902,245,-1.64777,-0.258662,-10.404,0.0,0.0,0.0,0.0,0.0,0.0,0.0,0.175781,21.5533,0.0129973,0.143496,IncreaseAccelerometer,seated
37.1828,246,-1.60945,-0.296982,-10.1836,0.0,0.0,0.0,0.0,0.0,0.0,0.0,7.55859,30.1534,0.0129973,0.143496,IncreaseAccelerometer,seated
37.3328,247,-1.51365,-0.306563,-9.84832,0.0,0.0,0.0,0.0,0.0,0.0,0.0,12.1289,33.7009,0.0129973,0.143496,IncreaseAccelerometer,seated
37.4829,248,-1.41785,-0.306563,-9.38848,0.0,0.0,0.0,0.0,0.0,0.0,0.0,15.1172,32.8142,0.0129973,0.143496,IncreaseAccelerometer,seated
37.633,249,-1.39869,-0.258662,-9.21604,0.0,0.0,0.0,0.0,0.0,0.0,0.0,15.9961,27.4929,0.0129973,0.143496,IncreaseAccelerometer,seated
37.783,250,-1.39869,-0.258662,-9.30226,0.0,0.0,0.0,0.0,0.0,0.0,0.0,14.5898,18.1804,0.0129973,0.143496,IncreaseAccelerometer,seated
37.9331,251,-1.47533,-0.287402,-9.62798,0.0,0.0,0.0,0.0,0.0,0.0,0.0,11.4258,5.15395,0.0129973,0.143496,IncreaseAccelerometer,seated
38.0832,252,-1.57113,-0.287402,-10.0878,0.0,0.0,0.0,0.0,0.0,0.0,0.0,6.67969,-7.26238,0.0129973,0.143496,IncreaseAccelerometer,seated
38.2332,253,-1.60945,-0.277822,-10.3561,0.0,0.0,0.0,0.0,0.0,0.0,0.0,0.878906,-18.9765,0.0129973,0.143496,IncreaseAccelerometer,seated
38.3833,254,-1.59029,-0.258662,-10.3944,0.0,0.0,0.0,0.0,0.0,0.0,0.0,-4.92188,-27.8792,0.0129973,0.143496,IncreaseAccelerometer,seated
38.5333,255,-1.52323,-0.268242,-10.0782,0.0,0.0,0.0,0.0,0.0,0.0,0.0,-10.0195,-32.7991,0.0129973,0.143496,IncreaseAccelerometer,seated
38.6834,256,-1.43701,-0.287402,-9.73336,0.0,0.0,0.0,0.0,0.0,0.0,0.0,-13.8867,-33.7361,0.0129973,0.143496,IncreaseAccelerometer,seated
38.8335,257,-1.39869,-0.277822,-9.4268,0.0,0.0,0.0,0.0,0.0,0.0,0.0,-15.8203,-29.9877,0.0129973,0.143496,IncreaseAccelerometer,seated
38.9836,258,-1.37953,-0.296982,-9.35974,0.0,0.0,0.0,0.0,0.0,0.0,0.0,-15.8203,-22.2555,0.0129973,0.143496,IncreaseAccelerometer,seated
39.1336,259,-1.45617,-0.316143,-9.63756,0.0,0.0,0.0,0.0,0.0,0.0,0.0,-13.5352,-11.4792,0.0129973,0.143496,IncreaseAccelerometer,seated
39.2837,260,-1.52323,-0.258662,-9.9537,0.0,0.0,0.0,0.0,0.0,0.0,0.0,-9.49219,0.702814,0.0129973,0.143496,IncreaseAccelerometer,seated
39.4337,261,-1.59029,-0.277822,-10.2794,0.0,0.0,0.0,0.0,0.0,0.0,0.0,-4.04297,13.1192,0.0129973,0.143496,IncreaseAccelerometer,seated
39.5838,262,-1.60945,-0.296982,-10.4135,0.0,0.0,0.0,0.0,0.0,0.0,0.0,1.75781,23.427,0.0129973,0.143496,IncreaseAccelerometer,seated
39.7339,263,-1.59029,-0.287402,-10.1836,0.0,0.0,0.0,0.0,0.0,0.0,0.0,7.38281,30.9238,0.0129973,0.143496,IncreaseAccelerometer,seated
39.9716,264,-1.46575,-0.306563,-9.62798,0.0,0.0,0.0,0.0,0.0,0.0,0.0,13.5352,32.3023,0.0129973,0.143496,IncreaseAccelerometer,seated
40.1217,265,-1.41785,-0.277822,-9.24478,0.0,0.0,0.0,0.0,0.0,0.0,0.0,15.4688,29.785,0.0129973,0.143496,IncreaseAccelerometer,seated
40.2718,266,-1.42743,-0.268242,-9.25436,0.0,0.0,0.0,0.0,0.0,0.0,0.0,15.1172,22.863,0.0129973,0.143496,IncreaseAccelerometer,seated
40.4218,267,-1.41785,-0.287402,-9.4747,0.0,0.0,0.0,0.0,0.0,0.0,0.0,12.4805,12.795,0.0129973,0.143496,IncreaseAccelerometer,seated
40.5719,268,-1.48491,-0.287402,-9.89622,0.0,0.0,0.0,0.0,0.0,0.0,0.0,8.4375,1.25853,0.0129973,0.143496,IncreaseAccelerometer,seated
40.722,269,-1.55197,-0.296982,-10.2794,0.0,0.0,0.0,0.0,0.0,0.0,0.0,3.51562,-13.3534,0.0129973,0.143496,IncreaseAccelerometer,seated
40.872,270,-1.54239,-0.287402,-10.3656,0.0,0.0,0.0,0.0,0.0,0.0,0.0,-2.28516,-23.6614,0.0129973,0.143496,IncreaseAccelerometer,seated
41.0221,271,-1.53281,-0.258662,-10.2315,0.0,0.0,0.0,0.0,0.0,0.0,0.0,-7.73438,-30.4554,0.0129973,0.143496,IncreaseAccelerometer,seated
41.1722,272,-1.47533,-0.258662,-9.88664,0.0,0.0,0.0,0.0,0.0,0.0,0.0,-12.1289,-32.798,0.0129973,0.143496,IncreaseAccelerometer,seated
41.3229,273,-1.37953,-0.316143,-9.51302,0.0,0.0,0.0,0.0,0.0,0.0,0.0,-15.293,-31.5995,0.0129973,0.143496,IncreaseAccelerometer,seated
41.473,274,-1.41785,-0.325723,-9.38848,0.0,0.0,0.0,0.0,0.0,0.0,0.0,-15.8203,-25.7476,0.0129973,0.143496,IncreaseAccelerometer,seated
41.623,275,-1.40827,-0.287402,-9.4747,0.0,0.0,0.0,0.0,0.0,0.0,0.0,-14.0625,-15.6825,0.0129973,0.143496,IncreaseAccelerometer,seated
41.7731,276,-1.44659,-0.287402,-9.84832,0.0,0.0,0.0,0.0,0.0,0.0,0.0,-11.25,-4.68137,0.0129973,0.143496,IncreaseAccelerometer,seated
41.9232,277,-1.55197,-0.249082,-10.1357,0.0,0.0,0.0,0.0,0.0,0.0,0.0,-6.50391,7.49013,0.0129973,0.143496,IncreaseAccelerometer,seated
42.0732,278,-1.58071,-0.277822,-10.3561,0.0,0.0,0.0,0.0,0.0,0.0,0.0,-1.05469,18.9764,0.0129973,0.143496,IncreaseAccelerometer,seated
42.2233,279,-1.58071,-0.287402,-10.2794,0.0,0.0,0.0,0.0,0.0,0.0,0.0,4.74609,27.4105,0.0129973,0.143496,IncreaseAccelerometer,seated
42.4219,280,-1.57113,-0.325723,-9.87706,0.0,0.0,0.0,0.0,0.0,0.0,0.0,11.25,31.6871,0.0129973,0.143496,IncreaseAccelerometer,seated
42.5719,281,-1.46575,-0.306563,-9.49386,0.0,0.0,0.0,0.0,0.0,0.0,0.0,14.0625,31.6869,0.0129973,0.143496,IncreaseAccelerometer,seated
42.722,282,-1.40827,-0.306563,-9.24478,0.0,0.0,0.0,0.0,0.0,0.0,0.0,15.293,27.2863,0.0129973,0.143496,IncreaseAccelerometer,seated
42.8721,283,-1.39869,-0.268242,-9.32142,0.0,0.0,0.0,0.0,0.0,0.0,0.0,14.4141,19.3638,0.0129973,0.143496,IncreaseAccelerometer,seated
43.0221,284,-1.45617,-0.306563,-9.59924,0.0,0.0,0.0,0.0,0.0,0.0,0.0,11.25,8.14154,0.0129973,0.143496,IncreaseAccelerometer,seated
43.1722,285,-1.51365,-0.296982,-9.99202,0.0,0.0,0.0,0.0,0.0,0.0,0.0,7.03125,-5.62248,0.0129973,0.143496,IncreaseAccelerometer,seated
43.3228,286,-1.58071,-0.296982,-10.289,0.0,0.0,0.0,0.0,0.0,0.0,0.0,1.58203,-16.6222,0.0129973,0.143496,IncreaseAccelerometer,seated
43.4728,287,-1.56155,-0.277822,-10.3465,0.0,0.0,0.0,0.0,0.0,0.0,0.0,-4.04297,-25.7525,0.0129973,0.143496,IncreaseAccelerometer,seated
43.6229,288,-1.52323,-0.287402,-10.1549,0.0,0.0,0.0,0.0,0.0,0.0,0.0,-9.14062,-31.3712,0.0129973,0.143496,IncreaseAccelerometer,seated
43.773,289,-1.42743,-0.258662,-9.7621,0.0,0.0,0.0,0.0,0.0,0.0,0.0,-13.0078,-32.3079,0.0129973,0.143496,IncreaseAccelerometer,seated
