0.000104904,0,-1.46575,-0.268242,-9.59924,0.0,0.0,0.0,0.0,0.0,0.0,0.0,0.703125,0.0,0.0129973,0.143496,None,seated
0.150268,1,-1.49449,-0.296982,-9.6663,0.0,0.0,0.0,0.0,0.0,0.0,0.0,0.703125,0.0,0.0129973,0.143496,Nothing,seated
0.300429,2,-1.45617,-0.306563,-9.69504,0.0,0.0,0.0,0.0,0.0,0.0,0.0,0.703125,0.0,0.0129973,0.143496,Nothing,seated
0.450588,3,-1.40827,-0.277822,-9.6663,0.0,0.0,0.0,0.0,0.0,0.0,0.0,0.703125,0.0,0.0129973,0.143496,Nothing,seated
0.600748,4,-1.14961,-0.354463,-9.74294,0.0,0.0,0.0,0.0,0.0,0.0,0.0,0.878906,0.0,0.0129973,0.143496,Nothing,seated
0.750918,5,-0.325723,-0.210762,-9.89622,0.0,0.0,0.0,0.0,0.0,0.0,0.0,1.40625,0.936485,0.0129973,0.143496,Nothing,seated
0.90108,6,0.431104,-0.402363,-10.0974,0.0,0.0,0.0,0.0,0.0,0.0,0.0,2.98828,3.04358,0.0129973,0.143496,Nothing,seated
1.05124,7,0.929268,-0.201182,-10.2507,0.0,0.0,0.0,0.0,0.0,0.0,0.0,5.80078,6.7895,0.0129973,0.143496,Nothing,seated
1.20142,8,1.13045,-0.316143,-10.3561,0.0,0.0,0.0,0.0,0.0,0.0,0.0,9.84375,12.174,0.0129973,0.143496,Nothing,seated
1.35158,9,1.20709,-0.316143,-10.4231,0.0,0.0,0.0,0.0,0.0,0.0,0.0,14.5898,18.2609,0.0129973,0.143496,Nothing,seated
1.50175,10,0.977168,-0.258662,-10.107,0.0,0.0,0.0,0.0,0.0,0.0,0.0,19.6875,24.348,0.0129973,0.143496,Nothing,seated
1.65191,11,0.0287402,-0.201182,-9.45554,0.0,0.0,0.0,0.0,0.0,0.0,0.0,23.9062,27.8598,0.0129973,0.143496,Nothing,seated
1.80208,12,-1.75315,-0.0383203,-8.66997,0.0,0.0,0.0,0.0,0.0,0.0,0.0,25.4883,26.2208,0.0129973,0.143496,Nothing,seated
1.95224,13,-1.29331,-0.402363,-8.78493,0.0,0.0,0.0,0.0,0.0,0.0,0.0,24.2578,19.1976,0.0129973,0.143496,Nothing,seated
2.10241,14,-1.30289,-0.517324,-9.54176,0.0,0.0,0.0,0.0,0.0,0.0,0.0,19.3359,6.32114,0.0129973,0.143496,Nothing,seated
2.25257,15,-1.59029,-0.364043,-10.4902,0.0,0.0,0.0,0.0,0.0,0.0,0.0,12.3047,-9.83293,0.0129973,0.143496,Nothing,seated
2.40274,16,-1.70525,-0.162861,-11.3524,0.0,0.0,0.0,0.0,0.0,0.0,0.0,3.33984,-27.3917,0.0129973,0.143496,Nothing,seated
2.5529,17,-1.76273,-0.0862207,-11.429,0.0,0.0,0.0,0.0,0.0,0.0,0.0,-5.44922,-41.205,0.0129973,0.143496,Nothing,seated
2.70306,18,-1.68609,-0.229922,-10.8542,0.0,0.0,0.0,0.0,0.0,0.0,0.0,-13.5352,-50.3355,0.0129973,0.143496,Nothing,seated
2.85323,19,-1.41785,-0.383203,-10.0016,0.0,0.0,0.0,0.0,0.0,0.0,0.0,-19.8633,-52.2084,0.0129973,0.143496,Nothing,seated
3.0034,20,-1.30289,-0.479004,-9.05317,0.0,0.0,0.0,0.0,0.0,0.0,0.0,-23.5547,-47.7601,0.0129973,0.143496,Nothing,seated
3.15353,21,-1.26457,-0.258662,-8.93821,0.0,0.0,0.0,0.0,0.0,0.0,0.0,-23.3789,-35.5872,0.0129973,0.143496,Nothing,seated
3.30363,22,-1.37953,-0.201182,-9.38848,0.0,0.0,0.0,0.0,0.0,0.0,0.0,-20.7422,-20.3707,0.0129973,0.143496,Nothing,seated
3.45379,23,-1.55197,-0.162861,-10.3082,0.0,0.0,0.0,0.0,0.0,0.0,0.0,-14.7656,-1.63903,0.0129973,0.143496,Nothing,seated
3.60395,24,-1.70525,-0.287402,-10.9309,0.0,0.0,0.0,0.0,0.0,0.0,0.0,-7.03125,17.093,0.0129973,0.143496,Nothing,seated
3.75411,25,-1.8298,-0.411943,-11.3907,0.0,0.0,0.0,0.0,0.0,0.0,0.0,1.58203,33.4838,0.0129973,0.143496,Nothing,seated
3.90425,26,-1.75315,-0.392783,-11.0842,0.0,0.0,0.0,0.0,0.0,0.0,0.0,10.1953,44.7226,0.0129973,0.143496,Nothing,seated
4.05442,27,-1.60945,-0.258662,-10.289,0.0,0.0,0.0,0.0,0.0,0.0,0.0,17.7539,51.2744,0.0129973,0.143496,Nothing,seated
4.20458,28,-1.43701,-0.191602,-9.31184,0.0,0.0,0.0,0.0,0.0,0.0,0.0,22.6758,49.8697,0.0129973,0.143496,Nothing,seated
4.35474,29,-1.30289,-0.268242,-8.77535,0.0,0.0,0.0,0.0,0.0,0.0,0.0,24.7852,42.3772,0.0129973,0.143496,Nothing,seated
4.50491,30,-1.34121,-0.364043,-8.81367,0.0,0.0,0.0,0.0,0.0,0.0,0.0,23.9062,29.7339,0.0129973,0.143496,Nothing,seated
4.65508,31,-1.41785,-0.373623,-9.39806,0.0,0.0,0.0,0.0,0.0,0.0,0.0,19.6875,12.6424,0.0129973,0.143496,Nothing,seated
4.80525,32,-1.59029,-0.296982,-10.3561,0.0,0.0,0.0,0.0,0.0,0.0,0.0,12.832,-6.55524,0.0129973,0.143496,Nothing,seated
4.95541,33,-1.70525,-0.220342,-11.1512,0.0,0.0,0.0,0.0,0.0,0.0,0.0,4.74609,-23.8799,0.0129973,0.143496,Nothing,seated
5.10557,34,-1.71483,-0.182021,-11.3141,0.0,0.0,0.0,0.0,0.0,0.0,0.0,-3.86719,-38.1609,0.0129973,0.143496,Nothing,seated
5.25574,35,-1.63819,-0.229922,-10.8159,0.0,0.0,0.0,0.0,0.0,0.0,0.0,-11.9531,-47.7598,0.0129973,0.143496,Nothing,seated
5.4059,36,-1.44659,-0.316143,-9.92496,0.0,0.0,0.0,0.0,0.0,0.0,0.0,-18.457,-50.8035,0.0129973,0.143496,Nothing,seated
5.55607,37,-1.34121,-0.344883,-9.25436,0.0,0.0,0.0,0.0,0.0,0.0,0.0,-22.3242,-46.8237,0.0129973,0.143496,Nothing,seated
5.70623,38,-1.26457,-0.316143,-8.92863,0.0,0.0,0.0,0.0,0.0,0.0,0.0,-23.0273,-36.9904,0.0129973,0.143496,Nothing,seated
5.85639,39,-1.36995,-0.296982,-9.24478,0.0,0.0,0.0,0.0,0.0,0.0,0.0,-20.7422,-22.4755,0.0129973,0.143496,Nothing,seated
6.00656,40,-1.51365,-0.277822,-10.0303,0.0,0.0,0.0,0.0,0.0,0.0,0.0,-15.4688,-4.68239,0.0129973,0.143496,Nothing,seated
6.15672,41,-1.72441,-0.258662,-10.8351,0.0,0.0,0.0,0.0,0.0,0.0,0.0,-8.26172,13.5789,0.0129973,0.143496,Nothing,seated
6.30689,42,-1.80105,-0.277822,-11.2758,0.0,0.0,0.0,0.0,0.0,0.0,0.0,0.351562,30.2014,0.0129973,0.143496,Nothing,seated
6.45705,43,-1.81063,-0.249082,-11.1129,0.0,0.0,0.0,0.0,0.0,0.0,0.0,8.78906,42.3757,0.0129973,0.143496,Nothing,seated
6.60723,44,-1.66693,-0.249082,-10.3177,0.0,0.0,0.0,0.0,0.0,0.0,0.0,16.3477,49.3979,0.0129973,0.143496,Nothing,seated
6.75739,45,-1.42743,-0.268242,-9.49386,0.0,0.0,0.0,0.0,0.0,0.0,0.0,21.6211,49.3981,0.0129973,0.143496,Nothing,seated
6.90756,46,-1.34121,-0.325723,-8.84241,0.0,0.0,0.0,0.0,0.0,0.0,0.0,24.082,43.0769,0.0129973,0.143496,Nothing,seated
7.05771,47,-1.27415,-0.296982,-8.82325,0.0,0.0,0.0,0.0,0.0,0.0,0.0,23.3789,30.6693,0.0129973,0.143496,Nothing,seated
7.20788,48,-1.43701,-0.268242,-9.49386,0.0,0.0,0.0,0.0,0.0,0.0,0.0,19.8633,14.7494,0.0129973,0.143496,Nothing,seated
7.35805,49,-1.53281,-0.268242,-10.3273,0.0,0.0,0.0,0.0,0.0,0.0,0.0,13.7109,-3.5118,0.0129973,0.143496,Nothing,seated
7.50821,50,-1.67651,-0.296982,-10.9117,0.0,0.0,0.0,0.0,0.0,0.0,0.0,5.80078,-21.0707,0.0129973,0.143496,Nothing,seated
7.65838,51,-1.72441,-0.296982,-11.2374,0.0,0.0,0.0,0.0,0.0,0.0,0.0,-2.63672,-35.5859,0.0129973,0.143496,Nothing,seated
7.80855,52,-1.66693,-0.249082,-10.9309,0.0,0.0,0.0,0.0,0.0,0.0,0.0,-10.7227,-45.4183,0.0129973,0.143496,Nothing,seated
7.95871,53,-1.48491,-0.249082,-10.0782,0.0,0.0,0.0,0.0,0.0,0.0,0.0,-17.4023,-49.6325,0.0129973,0.143496,Nothing,seated
8.10887,54,-1.34121,-0.277822,-9.38848,0.0,0.0,0.0,0.0,0.0,0.0,0.0,-21.2695,-46.5895,0.0129973,0.143496,Nothing,seated
8.25904,55,-1.27415,-0.296982,-8.97653,0.0,0.0,0.0,0.0,0.0,0.0,0.0,-22.3242,-37.4585,0.0129973,0.143496,Nothing,seated
8.40919,56,-1.32205,-0.325723,-9.12982,0.0,0.0,0.0,0.0,0.0,0.0,0.0,-20.5664,-23.8804,0.0129973,0.143496,Nothing,seated
8.55925,57,-1.50407,-0.296982,-9.86748,0.0,0.0,0.0,0.0,0.0,0.0,0.0,-15.293,-6.08805,0.0129973,0.143496,Nothing,seated
8.7094,58,-1.65735,-0.249082,-10.6626,0.0,0.0,0.0,0.0,0.0,0.0,0.0,-8.96484,11.2396,0.0129973,0.143496,Nothing,seated
8.85957,59,-1.74357,-0.220342,-11.1512,0.0,0.0,0.0,0.0,0.0,0.0,0.0,-0.703125,27.3964,0.0129973,0.143496,Nothing,seated
9.00973,60,-1.74357,-0.249082,-11.0842,0.0,0.0,0.0,0.0,0.0,0.0,0.0,7.73438,40.0414,0.0129973,0.143496,Nothing,seated
9.1599,61,-1.65735,-0.287402,-10.3465,0.0,0.0,0.0,0.0,0.0,0.0,0.0,15.1172,47.5337,0.0129973,0.143496,Nothing,seated
9.31006,62,-1.49449,-0.364043,-9.58008,0.0,0.0,0.0,0.0,0.0,0.0,0.0,20.5664,47.7607,0.0129973,0.143496,Nothing,seated
9.46022,63,-1.36995,-0.306563,-8.98611,0.0,0.0,0.0,0.0,0.0,0.0,0.0,23.2031,42.8437,0.0129973,0.143496,Nothing,seated
9.61039,64,-1.33163,-0.268242,-8.82325,0.0,0.0,0.0,0.0,0.0,0.0,0.0,23.0273,31.6061,0.0129973,0.143496,Nothing,seated
9.76055,65,-1.36995,-0.258662,-9.31184,0.0,0.0,0.0,0.0,0.0,0.0,0.0,19.6875,15.9201,0.0129973,0.143496,Nothing,seated
9.91071,66,-1.57113,-0.287402,-10.1261,0.0,0.0,0.0,0.0,0.0,0.0,0.0,13.8867,-1.63885,0.0129973,0.143496,Nothing,seated
10.0609,67,-1.64777,-0.344883,-10.8638,0.0,0.0,0.0,0.0,0.0,0.0,0.0,6.50391,-18.7298,0.0129973,0.143496,Nothing,seated
10.211,68,-1.70525,-0.306563,-11.1704,0.0,0.0,0.0,0.0,0.0,0.0,0.0,-1.58203,-33.011,0.0129973,0.143496,Nothing,seated
10.3612,69,-1.67651,-0.249082,-10.883,0.0,0.0,0.0,0.0,0.0,0.0,0.0,-9.66797,-43.5462,0.0129973,0.143496,Nothing,seated
10.5114,70,-1.53281,-0.229922,-10.2124,0.0,0.0,0.0,0.0,0.0,0.0,0.0,-16.1719,-47.7601,0.0129973,0.143496,Nothing,seated
10.6615,71,-1.40827,-0.268242,-9.39806,0.0,0.0,0.0,0.0,0.0,0.0,0.0,-20.3906,-45.6528,0.0129973,0.143496,Nothing,seated
10.8117,72,-1.29331,-0.306563,-9.01485,0.0,0.0,0.0,0.0,0.0,0.0,0.0,-21.7969,-37.6922,0.0129973,0.143496,Nothing,seated
10.9619,73,-1.33163,-0.364043,-9.19688,0.0,0.0,0.0,0.0,0.0,0.0,0.0,-20.2148,-24.816,0.0129973,0.143496,Nothing,seated
11.112,74,-1.46575,-0.344883,-9.8579,0.0,0.0,0.0,0.0,0.0,0.0,0.0,-15.9961,-8.42814,0.0129973,0.143496,Nothing,seated
11.2622,75,-1.59987,-0.258662,-10.5381,0.0,0.0,0.0,0.0,0.0,0.0,0.0,-9.31641,9.13053,0.0129973,0.143496,Nothing,seated
11.4122,76,-1.77231,-0.210762,-10.9979,0.0,0.0,0.0,0.0,0.0,0.0,0.0,-1.40625,25.2886,0.0129973,0.143496,Nothing,seated
11.5624,77,-1.80105,-0.239502,-11.0171,0.0,0.0,0.0,0.0,0.0,0.0,0.0,6.50391,37.6993,0.0129973,0.143496,Nothing,seated
11.7126,78,-1.65735,-0.316143,-10.4327,0.0,0.0,0.0,0.0,0.0,0.0,0.0,13.8867,45.4265,0.0129973,0.143496,Nothing,seated
11.8627,79,-1.51365,-0.344883,-9.58008,0.0,0.0,0.0,0.0,0.0,0.0,0.0,19.5117,47.2997,0.0129973,0.143496,Nothing,seated
12.0129,80,-1.36037,-0.306563,-9.01485,0.0,0.0,0.0,0.0,0.0,0.0,0.0,22.5,42.3823,0.0129973,0.143496,Nothing,seated
12.1631,81,-1.33163,-0.220342,-8.89031,0.0,0.0,0.0,0.0,0.0,0.0,0.0,22.5,31.8402,0.0129973,0.143496,Nothing,seated
12.3132,82,-1.36037,-0.220342,-9.24478,0.0,0.0,0.0,0.0,0.0,0.0,0.0,19.6875,17.5588,0.0129973,0.143496,Nothing,seated
12.4634,83,-1.51365,-0.316143,-10.0303,0.0,0.0,0.0,0.0,0.0,0.0,0.0,14.2383,0.46824,0.0129973,0.143496,Nothing,seated
12.6135,84,-1.59987,-0.354463,-10.6914,0.0,0.0,0.0,0.0,0.0,0.0,0.0,7.03125,-16.6226,0.0129973,0.143496,Nothing,seated
12.7637,85,-1.70525,-0.287402,-11.1129,0.0,0.0,0.0,0.0,0.0,0.0,0.0,-0.703125,-30.9043,0.0129973,0.143496,Nothing,seated
12.9139,86,-1.66693,-0.249082,-10.6722,0.0,0.0,0.0,0.0,0.0,0.0,0.0,-9.84375,-43.0786,0.0129973,0.143496,Nothing,seated
13.064,87,-1.55197,-0.201182,-10.2411,0.0,0.0,0.0,0.0,0.0,0.0,0.0,-15.8203,-47.2946,0.0129973,0.143496,Nothing,seated
13.2142,88,-1.36995,-0.258662,-9.58008,0.0,0.0,0.0,0.0,0.0,0.0,0.0,-19.6875,-45.1882,0.0129973,0.143496,Nothing,seated
13.3642,89,-1.28373,-0.354463,-9.11065,0.0,0.0,0.0,0.0,0.0,0.0,0.0,-21.2695,-37.6995,0.0129973,0.143496,Nothing,seated
13.5144,90,-1.32205,-0.383203,-9.13939,0.0,0.0,0.0,0.0,0.0,0.0,0.0,-19.8633,-25.5232,0.0129973,0.143496,Nothing,seated
13.6646,91,-1.44659,-0.325723,-9.78126,0.0,0.0,0.0,0.0,0.0,0.0,0.0,-15.9961,-8.1955,0.0129973,0.143496,Nothing,seated
13.8147,92,-1.60945,-0.249082,-10.4327,0.0,0.0,0.0,0.0,0.0,0.0,0.0,-9.66797,8.19522,0.0129973,0.143496,Nothing,seated
13.9649,93,-1.70525,-0.201182,-10.9596,0.0,0.0,0.0,0.0,0.0,0.0,0.0,-2.28516,23.1803,0.0129973,0.143496,Nothing,seated
14.1151,94,-1.74357,-0.229922,-10.9596,0.0,0.0,0.0,0.0,0.0,0.0,0.0,5.625,35.8202,0.0129973,0.143496,Nothing,seated
14.2652,95,-1.62861,-0.316143,-10.4614,0.0,0.0,0.0,0.0,0.0,0.0,0.0,13.0078,43.7799,0.0129973,0.143496,Nothing,seated
14.4154,96,-1.52323,-0.344883,-9.74294,0.0,0.0,0.0,0.0,0.0,0.0,0.0,18.457,45.8872,0.0129973,0.143496,Nothing,seated
14.5656,97,-1.36995,-0.316143,-9.04359,0.0,0.0,0.0,0.0,0.0,0.0,0.0,21.7969,41.9071,0.0129973,0.143496,Nothing,seated
14.7157,98,-1.34121,-0.258662,-8.92863,0.0,0.0,0.0,0.0,0.0,0.0,0.0,22.1484,32.5423,0.0129973,0.143496,Nothing,seated
14.8659,99,-1.35079,-0.201182,-9.11065,0.0,0.0,0.0,0.0,0.0,0.0,0.0,19.6875,18.7292,0.0129973,0.143496,Nothing,seated
15.0161,100,-1.51365,-0.258662,-9.87706,0.0,0.0,0.0,0.0,0.0,0.0,0.0,14.5898,2.10705,0.0129973,0.143496,Nothing,seated
15.1662,101,-1.59029,-0.325723,-10.5668,0.0,0.0,0.0,0.0,0.0,0.0,0.0,7.91016,-14.0467,0.0129973,0.143496,Nothing,seated
15.3164,102,-1.69567,-0.325723,-10.9883,0.0,0.0,0.0,0.0,0.0,0.0,0.0,0.0,-29.03,0.0129973,0.143496,Nothing,seated
15.4666,103,-1.62861,-0.239502,-10.8542,0.0,0.0,0.0,0.0,0.0,0.0,0.0,-7.55859,-39.5654,0.0129973,0.143496,Nothing,seated
15.6167,104,-1.54239,-0.220342,-10.2411,0.0,0.0,0.0,0.0,0.0,0.0,0.0,-14.0625,-44.9505,0.0129973,0.143496,Nothing,seated
15.7669,105,-1.42743,-0.239502,-9.58008,0.0,0.0,0.0,0.0,0.0,0.0,0.0,-18.9844,-44.7164,0.0129973,0.143496,Nothing,seated
15.917,106,-1.30289,-0.296982,-9.19688,0.0,0.0,0.0,0.0,0.0,0.0,0.0,-20.5664,-37.9283,0.0129973,0.143496,Nothing,seated
16.0672,107,-1.29331,-0.383203,-9.16813,0.0,0.0,0.0,0.0,0.0,0.0,0.0,-19.5117,-25.988,0.0129973,0.143496,Nothing,seated
16.2172,108,-1.41785,-0.335303,-9.67588,0.0,0.0,0.0,0.0,0.0,0.0,0.0,-15.9961,-11.2396,0.0129973,0.143496,Nothing,seated
16.3674,109,-1.56155,-0.258662,-10.3752,0.0,0.0,0.0,0.0,0.0,0.0,0.0,-10.0195,5.38569,0.0129973,0.143496,Nothing,seated
16.5176,110,-1.72441,-0.220342,-10.8926,0.0,0.0,0.0,0.0,0.0,0.0,0.0,-2.98828,21.3087,0.0129973,0.143496,Nothing,seated
16.6677,111,-1.74357,-0.249082,-10.9117,0.0,0.0,0.0,0.0,0.0,0.0,0.0,6.15234,35.5916,0.0129973,0.143496,Nothing,seated
16.8179,112,-1.65735,-0.306563,-10.5189,0.0,0.0,0.0,0.0,0.0,0.0,0.0,12.4805,42.6177,0.0129973,0.143496,Nothing,seated
16.968,113,-1.52323,-0.344883,-9.73336,0.0,0.0,0.0,0.0,0.0,0.0,0.0,18.1055,45.4215,0.0129973,0.143496,Nothing,seated
17.1182,114,-1.36995,-0.277822,-9.12982,0.0,0.0,0.0,0.0,0.0,0.0,0.0,21.0938,41.4419,0.0129973,0.143496,Nothing,seated
17.2682,115,-1.35079,-0.229922,-8.93821,0.0,0.0,0.0,0.0,0.0,0.0,0.0,21.6211,32.783,0.0129973,0.143496,Nothing,seated
17.4184,116,-1.34121,-0.229922,-9.24478,0.0,0.0,0.0,0.0,0.0,0.0,0.0,19.5117,17.7967,0.0129973,0.143496,Nothing,seated
17.5686,117,-1.47533,-0.296982,-9.84832,0.0,0.0,0.0,0.0,0.0,0.0,0.0,14.7656,3.04412,0.0129973,0.143496,Nothing,seated
17.7187,118,-1.59987,-0.325723,-10.471,0.0,0.0,0.0,0.0,0.0,0.0,0.0,8.26172,-13.113,0.0129973,0.143496,Nothing,seated
17.8689,119,-1.65735,-0.306563,-10.8734,0.0,0.0,0.0,0.0,0.0,0.0,0.0,0.878906,-26.9279,0.0129973,0.143496,Nothing,seated
18.019,120,-1.64777,-0.268242,-10.8255,0.0,0.0,0.0,0.0,0.0,0.0,0.0,-7.03125,-38.1623,0.0129973,0.143496,Nothing,seated
18.1692,121,-1.57113,-0.220342,-10.2698,0.0,0.0,0.0,0.0,0.0,0.0,0.0,-13.5352,-44.0152,0.0129973,0.143496,Nothing,seated
18.3194,122,-1.39869,-0.258662,-9.59924,0.0,0.0,0.0,0.0,0.0,0.0,0.0,-18.1055,-43.7807,0.0129973,0.143496,Nothing,seated
18.4695,123,-1.30289,-0.344883,-9.18729,0.0,0.0,0.0,0.0,0.0,0.0,0.0,-20.0391,-37.694,0.0129973,0.143496,Nothing,seated
18.6197,124,-1.33163,-0.344883,-9.17772,0.0,0.0,0.0,0.0,0.0,0.0,0.0,-19.3359,-26.9243,0.0129973,0.143496,Nothing,seated
18.7698,125,-1.42743,-0.325723,-9.59924,0.0,0.0,0.0,0.0,0.0,0.0,0.0,-15.9961,-11.9404,0.0129973,0.143496,Nothing,seated
18.92,126,-1.53281,-0.268242,-10.2507,0.0,0.0,0.0,0.0,0.0,0.0,0.0,-10.5469,3.98015,0.0129973,0.143496,Nothing,seated
19.0702,127,-1.68609,-0.210762,-10.768,0.0,0.0,0.0,0.0,0.0,0.0,0.0,-3.51562,19.4323,0.0129973,0.143496,Nothing,seated
19.2203,128,-1.69567,-0.258662,-10.8734,0.0,0.0,0.0,0.0,0.0,0.0,0.0,4.04297,32.0744,0.0129973,0.143496,Nothing,seated
19.3705,129,-1.64777,-0.335303,-10.4998,0.0,0.0,0.0,0.0,0.0,0.0,0.0,11.0742,40.5027,0.0129973,0.143496,Nothing,seated
19.5207,130,-1.50407,-0.335303,-9.86748,0.0,0.0,0.0,0.0,0.0,0.0,0.0,16.6992,43.5461,0.0129973,0.143496,Nothing,seated
19.6708,131,-1.41785,-0.316143,-9.2352,0.0,0.0,0.0,0.0,0.0,0.0,0.0,20.2148,40.9704,0.0129973,0.143496,Nothing,seated
19.821,132,-1.37953,-0.249082,-8.99569,0.0,0.0,0.0,0.0,0.0,0.0,0.0,21.0938,32.7764,0.0129973,0.143496,Nothing,seated
19.9712,133,-1.36995,-0.229922,-9.12982,0.0,0.0,0.0,0.0,0.0,0.0,0.0,19.1602,20.1341,0.0129973,0.143496,Nothing,seated
20.1212,134,-1.45617,-0.287402,-9.77168,0.0,0.0,0.0,0.0,0.0,0.0,0.0,14.7656,4.91698,0.0129973,0.143496,Nothing,seated
20.2714,135,-1.58071,-0.306563,-10.4231,0.0,0.0,0.0,0.0,0.0,0.0,0.0,8.61328,-10.7706,0.0129973,0.143496,Nothing,seated
20.4216,136,-1.61903,-0.287402,-10.3082,0.0,0.0,0.0,0.0,0.0,0.0,0.0,-12.6562,-43.7854,0.0129973,0.143496,Nothing,seated
20.7435,137,-1.54239,-0.229922,-10.3082,0.0,0.0,0.0,0.0,0.0,0.0,0.0,-13.1836,-37.1555,0.0129973,0.143496,Nothing,seated
20.8937,138,-1.38911,-0.268242,-9.62798,0.0,0.0,0.0,0.0,0.0,0.0,0.0,-17.5781,-39.823,0.0129973,0.143496,Nothing,seated
21.0439,139,-1.32205,-0.316143,-9.18729,0.0,0.0,0.0,0.0,0.0,0.0,0.0,-19.5117,-37.1521,0.0129973,0.143496,Nothing,seated
21.194,140,-1.31247,-0.383203,-9.24478,0.0,0.0,0.0,0.0,0.0,0.0,0.0,-18.8086,-29.7216,0.0129973,0.143496,Nothing,seated
21.3442,141,-1.41785,-0.296982,-9.73336,0.0,0.0,0.0,0.0,0.0,0.0,0.0,-15.293,-2.85782,0.0129973,0.143496,Nothing,seated
21.4942,142,-1.54239,-0.229922,-10.2028,0.0,0.0,0.0,0.0,0.0,0.0,0.0,-9.84375,4.4489,0.0129973,0.143496,Nothing,seated
21.6444,143,-1.68609,-0.229922,-10.6914,0.0,0.0,0.0,0.0,0.0,0.0,0.0,-2.98828,19.4346,0.0129973,0.143496,Nothing,seated
21.7946,144,-1.70525,-0.229922,-10.8159,0.0,0.0,0.0,0.0,0.0,0.0,0.0,4.39453,31.8446,0.0129973,0.143496,Nothing,seated
21.9447,145,-1.63819,-0.277822,-10.4998,0.0,0.0,0.0,0.0,0.0,0.0,0.0,11.25,40.0398,0.0129973,0.143496,Nothing,seated
22.0948,146,-1.51365,-0.354463,-9.78126,0.0,0.0,0.0,0.0,0.0,0.0,0.0,16.875,42.8555,0.0129973,0.143496,IncreaseAccelerometer,seated
22.2449,147,-1.38911,-0.277822,-9.24478,0.0,0.0,0.0,0.0,0.0,0.0,0.0,19.8633,39.576,0.0129973,0.143496,IncreaseAccelerometer,seated
22.3949,148,-1.34121,-0.220342,-8.95737,0.0,0.0,0.0,0.0,0.0,0.0,0.0,20.5664,31.3842,0.0129973,0.143496,IncreaseAccelerometer,seated
22.545,149,-1.36037,-0.239502,-9.14898,0.0,0.0,0.0,0.0,0.0,0.0,0.0,18.6328,18.9735,0.0129973,0.143496,IncreaseAccelerometer,seated
22.6951,150,-1.45617,-0.277822,-9.89622,0.0,0.0,0.0,0.0,0.0,0.0,0.0,13.5352,3.04552,0.0129973,0.143496,IncreaseAccelerometer,seated
22.8451,151,-1.58071,-0.325723,-10.3752,0.0,0.0,0.0,0.0,0.0,0.0,0.0,8.26172,-11.4792,0.0129973,0.143496,IncreaseAccelerometer,seated
22.9952,152,-1.65735,-0.316143,-10.7967,0.0,0.0,0.0,0.0,0.0,0.0,0.0,1.05469,-25.0666,0.0129973,0.143496,IncreaseAccelerometer,seated
23.1453,153,-1.62861,-0.220342,-10.7009,0.0,0.0,0.0,0.0,0.0,0.0,0.0,-6.15234,-35.6086,0.0129973,0.143496,IncreaseAccelerometer,seated
23.2954,154,-1.53281,-0.229922,-10.2794,0.0,0.0,0.0,0.0,0.0,0.0,0.0,-12.3047,-41.2308,0.0129973,0.143496,IncreaseAccelerometer,seated
23.4454,155,-1.41785,-0.249082,-9.74294,0.0,0.0,0.0,0.0,0.0,0.0,0.0,-16.6992,-40.2939,0.0129973,0.143496,IncreaseAccelerometer,seated
23.5955,156,-1.34121,-0.325723,-9.25436,0.0,0.0,0.0,0.0,0.0,0.0,0.0,-18.8086,-36.0773,0.0129973,0.143496,IncreaseAccelerometer,seated
23.7456,157,-1.31247,-0.335303,-9.2352,0.0,0.0,0.0,0.0,0.0,0.0,0.0,-18.2812,-25.7697,0.0129973,0.143496,IncreaseAccelerometer,seated
23.8956,158,-1.40827,-0.325723,-9.65672,0.0,0.0,0.0,0.0,0.0,0.0,0.0,-15.293,-12.182,0.0129973,0.143496,IncreaseAccelerometer,seated
24.0457,159,-1.56155,-0.239502,-10.2315,0.0,0.0,0.0,0.0,0.0,0.0,0.0,-10.0195,3.04553,0.0129973,0.143496,IncreaseAccelerometer,seated
24.1958,160,-1.65735,-0.229922,-10.6914,0.0,0.0,0.0,0.0,0.0,0.0,0.0,-3.51562,17.5703,0.0129973,0.143496,IncreaseAccelerometer,seated
24.3458,161,-1.66693,-0.258662,-10.7393,0.0,0.0,0.0,0.0,0.0,0.0,0.0,3.69141,29.9863,0.0129973,0.143496,IncreaseAccelerometer,seated
24.4959,162,-1.65735,-0.287402,-10.4231,0.0,0.0,0.0,0.0,0.0,0.0,0.0,10.5469,38.42,0.0129973,0.143496,IncreaseAccelerometer,seated
24.646,163,-1.53281,-0.364043,-9.89622,0.0,0.0,0.0,0.0,0.0,0.0,0.0,15.8203,41.4652,0.0129973,0.143496,IncreaseAccelerometer,seated
24.796,164,-1.42743,-0.296982,-9.25436,0.0,0.0,0.0,0.0,0.0,0.0,0.0,19.1602,38.8882,0.0129973,0.143496,IncreaseAccelerometer,seated
24.9461,165,-1.36995,-0.258662,-9.05317,0.0,0.0,0.0,0.0,0.0,0.0,0.0,20.0391,31.3916,0.0129973,0.143496,IncreaseAccelerometer,seated
25.0962,166,-1.36995,-0.249082,-9.24478,0.0,0.0,0.0,0.0,0.0,0.0,0.0,18.457,19.6781,0.0129973,0.143496,IncreaseAccelerometer,seated
25.2462,167,-1.44659,-0.287402,-9.6663,0.0,0.0,0.0,0.0,0.0,0.0,0.0,14.4141,5.15398,0.0129973,0.143496,IncreaseAccelerometer,seated
25.3963,168,-1.58071,-0.306563,-10.2411,0.0,0.0,0.0,0.0,0.0,0.0,0.0,8.4375,-9.83948,0.0129973,0.143496,IncreaseAccelerometer,seated
25.5464,169,-1.64777,-0.306563,-10.7201,0.0,0.0,0.0,0.0,0.0,0.0,0.0,1.58203,-23.4275,0.0129973,0.143496,IncreaseAccelerometer,seated
25.6964,170,-1.64777,-0.249082,-10.7201,0.0,0.0,0.0,0.0,0.0,0.0,0.0,-5.44922,-33.97,0.0129973,0.143496,IncreaseAccelerometer,seated
25.8777,171,-1.51365,-0.239502,-10.1549,0.0,0.0,0.0,0.0,0.0,0.0,0.0,-12.6562,-39.8141,0.0129973,0.143496,IncreaseAccelerometer,seated
26.0277,172,-1.36995,-0.296982,-9.58966,0.0,0.0,0.0,0.0,0.0,0.0,0.0,-16.6992,-39.8127,0.0129973,0.143496,IncreaseAccelerometer,seated
26.1778,173,-1.36037,-0.316143,-9.20646,0.0,0.0,0.0,0.0,0.0,0.0,0.0,-18.457,-34.4144,0.0129973,0.143496,IncreaseAccelerometer,seated
26.3279,174,-1.31247,-0.325723,-9.27352,0.0,0.0,0.0,0.0,0.0,0.0,0.0,-17.5781,-24.5172,0.0129973,0.143496,IncreaseAccelerometer,seated
26.4779,175,-1.44659,-0.306563,-9.63756,0.0,0.0,0.0,0.0,0.0,0.0,0.0,-14.2383,-11.2464,0.0129973,0.143496,IncreaseAccelerometer,seated
26.628,176,-1.56155,-0.258662,-10.2219,0.0,0.0,0.0,0.0,0.0,0.0,0.0,-9.14062,4.68539,0.0129973,0.143496,IncreaseAccelerometer,seated
26.7781,177,-1.66693,-0.229922,-10.6339,0.0,0.0,0.0,0.0,0.0,0.0,0.0,-2.46094,18.9757,0.0129973,0.143496,IncreaseAccelerometer,seated
26.9281,178,-1.68609,-0.287402,-10.6435,0.0,0.0,0.0,0.0,0.0,0.0,0.0,4.57031,30.6891,0.0129973,0.143496,IncreaseAccelerometer,seated
27.0782,179,-1.59029,-0.277822,-10.3273,0.0,0.0,0.0,0.0,0.0,0.0,0.0,11.0742,38.1855,0.0129973,0.143496,IncreaseAccelerometer,seated
27.2283,180,-1.47533,-0.306563,-9.77168,0.0,0.0,0.0,0.0,0.0,0.0,0.0,15.9961,40.2939,0.0129973,0.143496,IncreaseAccelerometer,seated
27.3784,181,-1.37953,-0.296982,-9.24478,0.0,0.0,0.0,0.0,0.0,0.0,0.0,18.9844,37.482,0.0129973,0.143496,IncreaseAccelerometer,seated
27.5284,182,-1.36037,-0.258662,-9.08191,0.0,0.0,0.0,0.0,0.0,0.0,0.0,19.5117,29.2829,0.0129973,0.143496,IncreaseAccelerometer,seated
27.6785,183,-1.39869,-0.258662,-9.35974,0.0,0.0,0.0,0.0,0.0,0.0,0.0,17.5781,17.3355,0.0129973,0.143496,IncreaseAccelerometer,seated
27.8286,184,-1.47533,-0.268242,-9.84832,0.0,0.0,0.0,0.0,0.0,0.0,0.0,13.0078,2.5769,0.0129973,0.143496,IncreaseAccelerometer,seated
27.9786,185,-1.57113,-0.325723,-10.3752,0.0,0.0,0.0,0.0,0.0,0.0,0.0,7.20703,-11.7132,0.0129973,0.143496,IncreaseAccelerometer,seated
28.1626,186,-1.65735,-0.277822,-10.7009,0.0,0.0,0.0,0.0,0.0,0.0,0.0,-1.23047,-25.7751,0.0129973,0.143496,IncreaseAccelerometer,seated
28.3127,187,-1.59987,-0.239502,-10.5477,0.0,0.0,0.0,0.0,0.0,0.0,0.0,-7.55859,-34.5163,0.0129973,0.143496,IncreaseAccelerometer,seated
28.4628,188,-1.53281,-0.249082,-10.0591,0.0,0.0,0.0,0.0,0.0,0.0,0.0,-13.1836,-39.2232,0.0129973,0.143496,IncreaseAccelerometer,seated
28.6128,189,-1.39869,-0.277822,-9.49386,0.0,0.0,0.0,0.0,0.0,0.0,0.0,-16.6992,-37.8782,0.0129973,0.143496,IncreaseAccelerometer,seated
28.7629,190,-1.32205,-0.316143,-9.20646,0.0,0.0,0.0,0.0,0.0,0.0,0.0,-18.1055,-32.2748,0.0129973,0.143496,IncreaseAccelerometer,seated
28.913,191,-1.35079,-0.325723,-9.31184,0.0,0.0,0.0,0.0,0.0,0.0,0.0,-16.875,-20.85,0.0129973,0.143496,IncreaseAccelerometer,seated
29.063,192,-1.42743,-0.296982,-9.84832,0.0,0.0,0.0,0.0,0.0,0.0,0.0,-13.1836,-7.49661,0.0129973,0.143496,IncreaseAccelerometer,seated
29.2131,193,-1.57113,-0.268242,-10.2794,0.0,0.0,0.0,0.0,0.0,0.0,0.0,-7.73438,7.26232,0.0129973,0.143496,IncreaseAccelerometer,seated
29.3632,194,-1.66693,-0.258662,-10.6051,0.0,0.0,0.0,0.0,0.0,0.0,0.0,-1.40625,20.3815,0.0129973,0.143496,IncreaseAccelerometer,seated
29.5133,195,-1.66693,-0.287402,-10.6147,0.0,0.0,0.0,0.0,0.0,0.0,0.0,5.44922,31.3917,0.0129973,0.143496,IncreaseAccelerometer,seated
29.6633,196,-1.56155,-0.306563,-10.2124,0.0,0.0,0.0,0.0,0.0,0.0,0.0,11.6016,37.951,0.0129973,0.143496,IncreaseAccelerometer,seated
29.8134,197,-1.47533,-0.335303,-9.64714,0.0,0.0,0.0,0.0,0.0,0.0,0.0,16.1719,39.1224,0.0129973,0.143496,IncreaseAccelerometer,seated
29.9635,198,-1.38911,-0.258662,-9.2831,0.0,0.0,0.0,0.0,0.0,0.0,0.0,18.8086,35.3738,0.0129973,0.143496,IncreaseAccelerometer,seated
30.1135,199,-1.38911,-0.229922,-9.09149,0.0,0.0,0.0,0.0,0.0,0.0,0.0,18.8086,26.9401,0.0129973,0.143496,IncreaseAccelerometer,seated
30.2636,200,-1.36037,-0.239502,-9.331,0.0,0.0,0.0,0.0,0.0,0.0,0.0,16.6992,14.993,0.0129973,0.143496,IncreaseAccelerometer,seated
30.4137,201,-1.42743,-0.296982,-9.9058,0.0,0.0,0.0,0.0,0.0,0.0,0.0,12.1289,0.702794,0.0129973,0.143496,IncreaseAccelerometer,seated
30.5637,202,-1.57113,-0.306563,-10.404,0.0,0.0,0.0,0.0,0.0,0.0,0.0,6.15234,-13.3531,0.0129973,0.143496,IncreaseAccelerometer,seated
30.7465,203,-1.63819,-0.277822,-10.6435,0.0,0.0,0.0,0.0,0.0,0.0,0.0,-2.10938,-26.7137,0.0129973,0.143496,IncreaseAccelerometer,seated
30.8966,204,-1.58071,-0.220342,-10.4614,0.0,0.0,0.0,0.0,0.0,0.0,0.0,-8.4375,-34.7955,0.0129973,0.143496,IncreaseAccelerometer,seated
31.0466,205,-1.49449,-0.249082,-10.0112,0.0,0.0,0.0,0.0,0.0,0.0,0.0,-13.5352,-38.6116,0.0129973,0.143496,IncreaseAccelerometer,seated
31.1967,206,-1.40827,-0.258662,-9.4747,0.0,0.0,0.0,0.0,0.0,0.0,0.0,-16.6992,-36.816,0.0129973,0.143496,IncreaseAccelerometer,seated
31.3468,207,-1.33163,-0.335303,-9.2831,0.0,0.0,0.0,0.0,0.0,0.0,0.0,-17.5781,-30.3056,0.0129973,0.143496,IncreaseAccelerometer,seated
31.4968,208,-1.36995,-0.306563,-9.40764,0.0,0.0,0.0,0.0,0.0,0.0,0.0,-15.9961,-18.5073,0.0129973,0.143496,IncreaseAccelerometer,seated
31.6469,209,-1.47533,-0.325723,-9.84832,0.0,0.0,0.0,0.0,0.0,0.0,0.0,-12.3047,-5.15392,0.0129973,0.143496,IncreaseAccelerometer,seated
31.797,210,-1.59029,-0.249082,-10.3082,0.0,0.0,0.0,0.0,0.0,0.0,0.0,-6.50391,9.3708,0.0129973,0.143496,IncreaseAccelerometer,seated
31.947,211,-1.65735,-0.229922,-10.5668,0.0,0.0,0.0,0.0,0.0,0.0,0.0,-0.175781,22.0212,0.0129973,0.143496,IncreaseAccelerometer,seated
32.0971,212,-1.65735,-0.296982,-10.5093,0.0,0.0,0.0,0.0,0.0,0.0,0.0,6.50391,32.0952,0.0129973,0.143496,IncreaseAccelerometer,seated
32.2472,213,-1.57113,-0.277822,-10.1166,0.0,0.0,0.0,0.0,0.0,0.0,0.0,12.1289,37.4832,0.0129973,0.143496,IncreaseAccelerometer,seated
32.3972,214,-1.42743,-0.306563,-9.5226,0.0,0.0,0.0,0.0,0.0,0.0,0.0,16.5234,38.4213,0.0129973,0.143496,IncreaseAccelerometer,seated
32.5473,215,-1.39869,-0.296982,-9.18729,0.0,0.0,0.0,0.0,0.0,0.0,0.0,18.6328,33.5007,0.0129973,0.143496,IncreaseAccelerometer,seated
32.6974,216,-1.37953,-0.249082,-9.15856,0.0,0.0,0.0,0.0,0.0,0.0,0.0,18.2812,24.5987,0.0129973,0.143496,IncreaseAccelerometer,seated
32.8474,217,-1.41785,-0.287402,-9.38848,0.0,0.0,0.0,0.0,0.0,0.0,0.0,15.6445,12.1822,0.0129973,0.143496,IncreaseAccelerometer,seated
32.9975,218,-1.51365,-0.306563,-9.96328,0.0,0.0,0.0,0.0,0.0,0.0,0.0,11.0742,-1.40564,0.0129973,0.143496,IncreaseAccelerometer,seated
33.1476,219,-1.59029,-0.325723,-10.3944,0.0,0.0,0.0,0.0,0.0,0.0,0.0,5.09766,-15.2274,0.0129973,0.143496,IncreaseAccelerometer,seated
33.3314,220,-1.58071,-0.258662,-10.6147,0.0,0.0,0.0,0.0,0.0,0.0,0.0,-3.16406,-27.7982,0.0129973,0.143496,IncreaseAccelerometer,seated
33.4815,221,-1.55197,-0.258662,-10.3177,0.0,0.0,0.0,0.0,0.0,0.0,0.0,-9.49219,-35.4201,0.0129973,0.143496,IncreaseAccelerometer,seated
33.6316,222,-1.47533,-0.249082,-9.9058,0.0,0.0,0.0,0.0,0.0,0.0,0.0,-13.7109,-37.4371,0.0129973,0.143496,IncreaseAccelerometer,seated
33.7816,223,-1.36995,-0.277822,-9.43638,0.0,0.0,0.0,0.0,0.0,0.0,0.0,-16.6992,-35.4193,0.0129973,0.143496,IncreaseAccelerometer,seated
33.9317,224,-1.34121,-0.344883,-9.25436,0.0,0.0,0.0,0.0,0.0,0.0,0.0,-17.0508,-28.2457,0.0129973,0.143496,IncreaseAccelerometer,seated
34.0818,225,-1.39869,-0.316143,-9.46512,0.0,0.0,0.0,0.0,0.0,0.0,0.0,-15.1172,-15.93,0.0129973,0.143496,IncreaseAccelerometer,seated
34.2318,226,-1.51365,-0.296982,-9.8579,0.0,0.0,0.0,0.0,0.0,0.0,0.0,-11.0742,-2.10838,0.0129973,0.143496,IncreaseAccelerometer,seated
34.3819,227,-1.62861,-0.268242,-10.3656,0.0,0.0,0.0,0.0,0.0,0.0,0.0,-5.625,10.7763,0.0129973,0.143496,IncreaseAccelerometer,seated
34.6079,228,-1.66693,-0.277822,-10.5477,0.0,0.0,0.0,0.0,0.0,0.0,0.0,4.21875,25.3168,0.0129973,0.143496,IncreaseAccelerometer,seated
34.758,229,-1.62861,-0.296982,-10.3082,0.0,0.0,0.0,0.0,0.0,0.0,0.0,10.1953,32.9757,0.0129973,0.143496,IncreaseAccelerometer,seated
34.908,230,-1.49449,-0.287402,-9.78126,0.0,0.0,0.0,0.0,0.0,0.0,0.0,15.1172,36.5925,0.0129973,0.143496,IncreaseAccelerometer,seated
35.0581,231,-1.41785,-0.277822,-9.2352,0.0,0.0,0.0,0.0,0.0,0.0,0.0,17.9297,35.1032,0.0129973,0.143496,IncreaseAccelerometer,seated
35.2082,232,-1.36995,-0.268242,-9.14898,0.0,0.0,0.0,0.0,0.0,0.0,0.0,18.2812,28.9333,0.0129973,0.143496,IncreaseAccelerometer,seated
35.3582,233,-1.38911,-0.239502,-9.331,0.0,0.0,0.0,0.0,0.0,0.0,0.0,16.3477,16.1644,0.0129973,0.143496,IncreaseAccelerometer,seated
35.5083,234,-1.47533,-0.277822,-9.84832,0.0,0.0,0.0,0.0,0.0,0.0,0.0,12.6562,3.27973,0.0129973,0.143496,IncreaseAccelerometer,seated
35.6584,235,-1.57113,-0.325723,-10.2794,0.0,0.0,0.0,0.0,0.0,0.0,0.0,6.85547,-11.0105,0.0129973,0.143496,IncreaseAccelerometer,seated
35.8084,236,-1.60945,-0.287402,-10.5189,0.0,0.0,0.0,0.0,0.0,0.0,0.0,0.351562,-23.4267,0.0129973,0.143496,IncreaseAccelerometer,seated
35.9585,237,-1.59029,-0.220342,-10.4327,0.0,0.0,0.0,0.0,0.0,0.0,0.0,-6.15234,-32.5637,0.0129973,0.143496,IncreaseAccelerometer,seated
36.1086,238,-1.51365,-0.268242,-10.0591,0.0,0.0,0.0,0.0,0.0,0.0,0.0,-11.25,-36.7798,0.0129973,0.143496,IncreaseAccelerometer,seated
36.2586,239,-1.45617,-0.268242,-9.64714,0.0,0.0,0.0,0.0,0.0,0.0,0.0,-14.9414,-36.7799,0.0129973,0.143496,IncreaseAccelerometer,seated
36.4087,240,-1.36037,-0.306563,-9.34058,0.0,0.0,0.0,0.0,0.0,0.0,0.0,-16.6992,-31.3919,0.0129973,0.143496,IncreaseAccelerometer,seated
36.5588,241,-1.34121,-0.325723,-9.34058,0.0,0.0,0.0,0.0,0.0,0.0,0.0,-15.9961,-21.7867,0.0129973,0.143496,IncreaseAccelerometer,seated
36.7089,242,-1.44659,-0.296982,-9.64714,0.0,0.0,0.0,0.0,0.0,0.0,0.0,-13.3594,-9.60483,0.0129973,0.143496,IncreaseAccelerometer,seated
36.8589,243,-1.50407,-0.287402,-10.0495,0.0,0.0,0.0,0.0,0.0,0.0,0.0,-8.61328,3.51402,0.0129973,0.143496,IncreaseAccelerometer,seated
37.0477,244,-1.66693,-0.268242,-10.5093,0.0,0.0,0.0,0.0,0.0,0.0,0.0,-1.05469,17.6001,0.0129973,0.143496,IncreaseAccelerometer,seated
37.1977,245,-1.61903,-0.296982,-10.4902,0.0,0.0,0.0,0.0,0.0,0.0,0.0,5.44922,28.0708,0.0129973,0.143496,IncreaseAccelerometer,seated
37.3478,246,-1.57113,-0.258662,-10.1645,0.0,0.0,0.0,0.0,0.0,0.0,0.0,11.0742,34.3088,0.0129973,0.143496,IncreaseAccelerometer,seated
37.4979,247,-1.45617,-0.287402,-9.68546,0.0,0.0,0.0,0.0,0.0,0.0,0.0,15.4688,36.5368,0.0129973,0.143496,IncreaseAccelerometer,seated
37.6479,248,-1.41785,-0.306563,-9.25436,0.0,0.0,0.0,0.0,0.0,0.0,0.0,17.5781,33.1949,0.0129973,0.143496,IncreaseAccelerometer,seated
37.798,249,-1.36037,-0.258662,-9.22562,0.0,0.0,0.0,0.0,0.0,0.0,0.0,17.5781,24.8319,0.0129973,0.143496,IncreaseAccelerometer,seated
37.9481,250,-1.37953,-0.287402,-9.45554,0.0,0.0,0.0,0.0,0.0,0.0,0.0,15.4688,13.3531,0.0129973,0.143496,IncreaseAccelerometer,seated
38.0982,251,-1.45617,-0.325723,-9.88664,0.0,0.0,0.0,0.0,0.0,0.0,0.0,11.25,0.234265,0.0129973,0.143496,IncreaseAccelerometer,seated
38.2482,252,-1.59029,-0.287402,-10.3561,0.0,0.0,0.0,0.0,0.0,0.0,0.0,5.44922,-13.353,0.0129973,0.143496,IncreaseAccelerometer,seated
38.3983,253,-1.59029,-0.296982,-10.5093,0.0,0.0,0.0,0.0,0.0,0.0,0.0,-1.23047,-25.0664,0.0129973,0.143496,IncreaseAccelerometer,seated
38.6127,254,-1.59029,-0.277822,-10.2411,0.0,0.0,0.0,0.0,0.0,0.0,0.0,-8.96484,-32.5822,0.0129973,0.143496,IncreaseAccelerometer,seated
38.7627,255,-1.48491,-0.287402,-9.7142,0.0,0.0,0.0,0.0,0.0,0.0,0.0,-16.3477,-39.0546,0.0129973,0.143496,IncreaseAccelerometer,seated
39.1199,256,-1.37953,-0.325723,-9.331,0.0,0.0,0.0,0.0,0.0,0.0,0.0,-15.6445,-26.3233,0.0129973,0.143496,IncreaseAccelerometer,seated
39.2699,257,-1.43701,-0.306563,-9.67588,0.0,0.0,0.0,0.0,0.0,0.0,0.0,-12.832,-17.8929,0.0129973,0.143496,IncreaseAccelerometer,seated
39.42,258,-1.52323,-0.249082,-10.0687,0.0,0.0,0.0,0.0,0.0,0.0,0.0,-8.08594,-6.70986,0.0129973,0.143496,IncreaseAccelerometer,seated
39.6043,259,-1.49449,-0.220342,-10.6147,0.0,0.0,0.0,0.0,0.0,0.0,0.0,-1.05469,7.97659,0.0178673,0.140658,IncreaseAccelerometer,extended
39.7544,260,0.766406,0.0,-8.24845,0.0,0.0,0.0,0.0,0.0,0.0,0.0,5.44922,21.9799,0.0178673,0.140658,IncreaseAccelerometer,extended
39.9045,261,-11.4099,-0.344883,-9.18729,0.0,0.0,0.0,0.0,0.0,0.0,0.0,10.5469,33.3803,0.0178673,0.140658,IncreaseAccelerometer,extended
40.0546,262,-6.66773,-0.402363,-6.89766,0.0,0.0,0.0,0.0,0.0,0.0,0.0,14.7656,35.1728,0.0178673,0.140658,IncreaseAccelerometer,extended
40.2046,263,-5.95881,0.0574805,-7.118,0.0,0.0,0.0,0.0,0.0,0.0,0.0,17.0508,32.0362,0.0178673,0.140658,IncreaseAccelerometer,extended
40.3547,264,-5.48939,-0.220342,-7.13716,0.0,0.0,0.0,0.0,0.0,0.0,0.0,17.0508,24.1293,0.0178673,0.140658,IncreaseAccelerometer,extended
40.5048,265,-6.10251,-0.210762,-7.48204,0.0,0.0,0.0,0.0,0.0,0.0,0.0,14.4141,11.9477,0.0178673,0.140658,IncreaseAccelerometer,extended
40.6548,266,-6.18873,-0.182021,-7.55868,0.0,0.0,0.0,0.0,0.0,0.0,0.0,10.7227,0.234269,0.0178673,0.140658,IncreaseAccelerometer,extended
40.8378,267,-6.49529,-0.239502,-8.02811,0.0,0.0,0.0,0.0,0.0,0.0,0.0,3.86719,-13.9149,0.0129973,0.143496,IncreaseAccelerometer,seated
40.9878,268,-7.37666,-0.402363,-9.12023,0.0,0.0,0.0,0.0,0.0,0.0,0.0,-2.63672,-25.1368,0.0129973,0.143496,IncreaseAccelerometer,seated
41.1379,269,-2.87402,0.00958008,-11.247,0.0,0.0,0.0,0.0,0.0,0.0,0.0,-8.26172,-32.3182,0.0129973,0.143496,IncreaseAccelerometer,seated
41.288,270,-3.50631,-0.182021,-10.0878,0.0,0.0,0.0,0.0,0.0,0.0,0.0,-12.6562,-34.5625,0.0129973,0.143496,IncreaseAccelerometer,seated
41.4381,271,-0.958008,-0.191602,-9.32142,0.0,0.0,0.0,0.0,0.0,0.0,0.0,-15.4688,-33.4404,0.0129973,0.143496,IncreaseAccelerometer,seated
41.5881,272,-1.45617,-0.459844,-9.26394,0.0,0.0,0.0,0.0,0.0,0.0,0.0,-15.9961,-26.4722,0.0129973,0.143496,IncreaseAccelerometer,seated
41.7382,273,-1.76273,-0.258662,-9.40764,0.0,0.0,0.0,0.0,0.0,0.0,0.0,-14.5898,-15.9302,0.0129973,0.143496,IncreaseAccelerometer,seated
41.8882,274,-1.59987,-0.182021,-9.7142,0.0,0.0,0.0,0.0,0.0,0.0,0.0,-10.8984,-3.51415,0.0129973,0.143496,IncreaseAccelerometer,seated
42.0643,275,-1.74357,-0.124541,-10.471,0.0,0.0,0.0,0.0,0.0,0.0,0.0,-4.57031,10.4162,0.0178673,0.140658,IncreaseAccelerometer,extended
42.2143,276,1.95434,1.40827,-10.1357,0.0,0.0,0.0,0.0,0.0,0.0,0.0,1.40625,21.7381,0.0178673,0.140658,IncreaseAccelerometer,extended
42.3644,277,-9.46512,0.268242,-8.22929,0.0,0.0,0.0,0.0,0.0,0.0,0.0,8.4375,31.4743,0.0178673,0.140658,IncreaseAccelerometer,extended
42.5145,278,-7.4533,0.162861,-7.44372,0.0,0.0,0.0,0.0,0.0,0.0,0.0,13.1836,35.7768,0.0178673,0.140658,IncreaseAccelerometer,extended
42.6646,279,-6.82102,-0.220342,-6.67731,0.0,0.0,0.0,0.0,0.0,0.0,0.0,15.9961,34.6437,0.0178673,0.140658,IncreaseAccelerometer,extended
42.8146,280,-5.63309,-0.143701,-7.08926,0.0,0.0,0.0,0.0,0.0,0.0,0.0,17.0508,28.815,0.0178673,0.140658,IncreaseAccelerometer,extended
42.9647,281,-5.89175,-0.201182,-7.43414,0.0,0.0,0.0,0.0,0.0,0.0,0.0,16.1719,19.6785,0.0178673,0.140658,IncreaseAccelerometer,extended
43.1446,282,-6.05461,-0.143701,-7.3575,0.0,0.0,0.0,0.0,0.0,0.0,0.0,12.3047,4.95652,0.0129973,0.143496,IncreaseAccelerometer,seated
43.2947,283,-8.82325,-0.210762,-8.31551,0.0,0.0,0.0,0.0,0.0,0.0,0.0,7.55859,-7.20944,0.0129973,0.143496,IncreaseAccelerometer,seated
43.4448,284,0.316143,-1.56155,-10.1932,0.0,0.0,0.0,0.0,0.0,0.0,0.0,1.75781,-18.2489,0.0129973,0.143496,IncreaseAccelerometer,seated
43.5949,285,-3.19017,-0.325723,-10.174,0.0,0.0,0.0,0.0,0.0,0.0,0.0,-4.57031,-27.7107,0.0129973,0.143496,IncreaseAccelerometer,seated
43.7449,286,-1.56155,-0.536484,-10.5477,0.0,0.0,0.0,0.0,0.0,0.0,0.0,-9.49219,-32.8922,0.0129973,0.143496,IncreaseAccelerometer,seated
43.895,287,-1.68609,-0.392783,-9.8579,0.0,0.0,0.0,0.0,0.0,0.0,0.0,-13.5352,-34.4369,0.0129973,0.143496,IncreaseAccelerometer,seated
44.0451,288,-1.72441,-0.364043,-9.35974,0.0,0.0,0.0,0.0,0.0,0.0,0.0,-15.4688,-30.6888,0.0129973,0.143496,IncreaseAccelerometer,seated
44.1951,289,-1.59029,-0.316143,-9.24478,0.0,0.0,0.0,0.0,0.0,0.0,0.0,-15.293,-22.7237,0.0129973,0.143496,IncreaseAccelerometer,seated
44.3785,290,-1.54239,-0.249082,-9.59924,0.0,0.0,0.0,0.0,0.0,0.0,0.0,-12.1289,-9.64502,0.0178673,0.140658,IncreaseAccelerometer,extended
44.5286,291,1.01549,0.201182,-8.70829,0.0,0.0,0.0,0.0,0.0,0.0,0.0,-7.91016,2.01873,0.0178673,0.140658,IncreaseAccelerometer,extended
44.6787,292,-11.2853,-0.986748,-9.43638,0.0,0.0,0.0,0.0,0.0,0.0,0.0,-2.10938,14.5798,0.0178673,0.140658,IncreaseAccelerometer,extended
44.8288,293,-8.50711,-0.0383203,-8.28677,0.0,0.0,0.0,0.0,0.0,0.0,0.0,3.69141,24.4489,0.0178673,0.140658,IncreaseAccelerometer,extended
44.9788,294,-6.57193,-0.287402,-6.98388,0.0,0.0,0.0,0.0,0.0,0.0,0.0,10.7227,33.1966,0.0178673,0.140658,IncreaseAccelerometer,extended
45.1289,295,-5.80553,-0.0958008,-7.3575,0.0,0.0,0.0,0.0,0.0,0.0,0.0,13.5352,34.2033,0.0178673,0.140658,IncreaseAccelerometer,extended
45.2789,296,-5.57561,-0.306563,-7.20422,0.0,0.0,0.0,0.0,0.0,0.0,0.0,16.3477,32.3292,0.0178673,0.140658,IncreaseAccelerometer,extended
45.429,297,-5.70973,-0.105381,-6.96472,0.0,0.0,0.0,0.0,0.0,0.0,0.0,16.3477,24.598,0.0178673,0.140658,IncreaseAccelerometer,extended
45.6481,298,-6.09293,-0.162861,-7.24254,0.0,0.0,0.0,0.0,0.0,0.0,0.0,13.3594,11.7989,0.0129973,0.143496,IncreaseAccelerometer,seated
45.7982,299,-7.71196,0.258662,-9.32142,0.0,0.0,0.0,0.0,0.0,0.0,0.0,8.96484,-2.14526,0.0129973,0.143496,IncreaseAccelerometer,seated
45.9483,300,-1.05381,0.201182,-10.2411,0.0,0.0,0.0,0.0,0.0,0.0,0.0,2.63672,-13.3005,0.0129973,0.143496,IncreaseAccelerometer,seated
46.0984,301,-4.05237,-0.153281,-11.2853,0.0,0.0,0.0,0.0,0.0,0.0,0.0,-2.63672,-23.1683,0.0129973,0.143496,IncreaseAccelerometer,seated
46.2484,302,-1.27415,-0.249082,-10.3561,0.0,0.0,0.0,0.0,0.0,0.0,0.0,-8.26172,-30.033,0.0129973,0.143496,IncreaseAccelerometer,seated
46.3985,303,-1.57113,-0.364043,-9.94412,0.0,0.0,0.0,0.0,0.0,0.0,0.0,-11.9531,-33.7341,0.0129973,0.143496,IncreaseAccelerometer,seated
46.5486,304,-1.64777,-0.134121,-9.331,0.0,0.0,0.0,0.0,0.0,0.0,0.0,-14.7656,-31.6259,0.0129973,0.143496,IncreaseAccelerometer,seated
46.6986,305,-1.59029,-0.287402,-9.2831,0.0,0.0,0.0,0.0,0.0,0.0,0.0,-15.1172,-23.6608,0.0129973,0.143496,IncreaseAccelerometer,seated
46.8487,306,-1.49449,-0.220342,-9.45554,0.0,0.0,0.0,0.0,0.0,0.0,0.0,-13.5352,-14.5247,0.0129973,0.143496,IncreaseAccelerometer,seated
47.1488,307,-1.06339,-1.11129,-11.1033,0.0,0.0,0.0,0.0,0.0,0.0,0.0,-4.21875,4.49039,0.0178673,0.140658,IncreaseAccelerometer,extended
47.2989,308,-1.59029,-0.919688,-7.00304,0.0,0.0,0.0,0.0,0.0,0.0,0.0,0.527344,13.8616,0.0178673,0.140658,IncreaseAccelerometer,extended
47.4489,309,-7.7407,-0.0191602,-9.24478,0.0,0.0,0.0,0.0,0.0,0.0,0.0,5.97656,23.0371,0.0178673,0.140658,IncreaseAccelerometer,extended
47.599,310,-6.74438,-0.134121,-7.23296,0.0,0.0,0.0,0.0,0.0,0.0,0.0,11.0742,29.0891,0.0178673,0.140658,IncreaseAccelerometer,extended
47.7491,311,-5.86301,-0.0670606,-7.13716,0.0,0.0,0.0,0.0,0.0,0.0,0.0,14.5898,31.2365,0.0178673,0.140658,IncreaseAccelerometer,extended
47.8991,312,-5.4319,-0.249082,-7.13716,0.0,0.0,0.0,0.0,0.0,0.0,0.0,16.1719,27.1744,0.0178673,0.140658,IncreaseAccelerometer,extended
48.0492,313,-5.97797,-0.296982,-7.29044,0.0,0.0,0.0,0.0,0.0,0.0,0.0,15.6445,20.1466,0.0178673,0.140658,IncreaseAccelerometer,extended
48.1993,314,-5.94923,-0.162861,-7.20422,0.0,0.0,0.0,0.0,0.0,0.0,0.0,13.0078,9.3707,0.0178673,0.140658,IncreaseAccelerometer,extended
48.412,315,-6.38033,-0.201182,-7.63532,0.0,0.0,0.0,0.0,0.0,0.0,0.0,6.50391,-5.62133,0.0129973,0.143496,IncreaseAccelerometer,seated
48.5621,316,-8.36341,0.134121,-9.01485,0.0,0.0,0.0,0.0,0.0,0.0,0.0,1.05469,-16.6475,0.0129973,0.143496,IncreaseAccelerometer,seated
48.7122,317,-2.8357,0.00958008,-9.08191,0.0,0.0,0.0,0.0,0.0,0.0,0.0,-4.57031,-25.5117,0.0129973,0.143496,IncreaseAccelerometer,seated
48.8622,318,-2.27048,-0.708926,-9.7621,0.0,0.0,0.0,0.0,0.0,0.0,0.0,-9.66797,-31.1342,0.0129973,0.143496,IncreaseAccelerometer,seated
49.0123,319,-1.45617,-0.354463,-9.84832,0.0,0.0,0.0,0.0,0.0,0.0,0.0,-13.1836,-32.2152,0.0129973,0.143496,IncreaseAccelerometer,seated
49.1624,320,-1.70525,-0.402363,-9.44596,0.0,0.0,0.0,0.0,0.0,0.0,0.0,-14.7656,-28.3471,0.0129973,0.143496,IncreaseAccelerometer,seated
49.3124,321,-1.63819,-0.277822,-9.29268,0.0,0.0,0.0,0.0,0.0,0.0,0.0,-14.5898,-20.8507,0.0129973,0.143496,IncreaseAccelerometer,seated
49.5629,322,-0.440684,-0.0287402,-9.2831,0.0,0.0,0.0,0.0,0.0,0.0,0.0,-9.31641,-5.57891,0.0178673,0.140658,IncreaseAccelerometer,extended
49.713,323,-2.8836,-0.258662,-10.7393,0.0,0.0,0.0,0.0,0.0,0.0,0.0,-4.74609,5.78534,0.0178673,0.140658,IncreaseAccelerometer,extended
49.8631,324,-9.78126,0.0383203,-8.24845,0.0,0.0,0.0,0.0,0.0,0.0,0.0,0.878906,16.5293,0.0178673,0.140658,IncreaseAccelerometer,extended
50.0131,325,-6.94556,-0.162861,-7.65448,0.0,0.0,0.0,0.0,0.0,0.0,0.0,6.50391,25.0005,0.0178673,0.140658,IncreaseAccelerometer,extended
50.1632,326,-6.85934,0.134121,-7.4054,0.0,0.0,0.0,0.0,0.0,0.0,0.0,11.25,30.3726,0.0178673,0.140658,IncreaseAccelerometer,extended
50.3132,327,-5.82469,-0.210762,-7.30002,0.0,0.0,0.0,0.0,0.0,0.0,0.0,14.5898,31.8614,0.0178673,0.140658,IncreaseAccelerometer,extended
50.4633,328,-5.80553,-0.191602,-7.25212,0.0,0.0,0.0,0.0,0.0,0.0,0.0,15.8203,27.4104,0.0178673,0.140658,IncreaseAccelerometer,extended
50.6134,329,-5.87259,-0.201182,-7.13716,0.0,0.0,0.0,0.0,0.0,0.0,0.0,15.1172,18.9767,0.0178673,0.140658,IncreaseAccelerometer,extended
50.7988,330,-6.00671,-0.220342,-7.32876,0.0,0.0,0.0,0.0,0.0,0.0,0.0,11.6016,6.48829,0.0129973,0.143496,IncreaseAccelerometer,seated
50.9489,331,-7.7407,-0.402363,-7.98021,0.0,0.0,0.0,0.0,0.0,0.0,0.0,7.03125,-5.3696,0.0129973,0.143496,IncreaseAccelerometer,seated
51.0989,332,-1.00591,-0.00958008,-9.11065,0.0,0.0,0.0,0.0,0.0,0.0,0.0,1.58203,-16.5555,0.0129973,0.143496,IncreaseAccelerometer,seated
51.249,333,-3.18059,0.0574805,-10.7967,0.0,0.0,0.0,0.0,0.0,0.0,0.0,-4.04297,-25.28,0.0129973,0.143496,IncreaseAccelerometer,seated
51.3991,334,-1.12087,-0.431104,-10.0112,0.0,0.0,0.0,0.0,0.0,0.0,0.0,-8.78906,-30.4254,0.0129973,0.143496,IncreaseAccelerometer,seated
51.5492,335,-1.71483,-0.296982,-9.84832,0.0,0.0,0.0,0.0,0.0,0.0,0.0,-12.4805,-32.0939,0.0129973,0.143496,IncreaseAccelerometer,seated
51.6992,336,-1.68609,-0.258662,-9.35974,0.0,0.0,0.0,0.0,0.0,0.0,0.0,-14.4141,-28.5802,0.0129973,0.143496,IncreaseAccelerometer,seated
51.8493,337,-1.70525,-0.296982,-9.35974,0.0,0.0,0.0,0.0,0.0,0.0,0.0,-14.2383,-21.0838,0.0129973,0.143496,IncreaseAccelerometer,seated
51.9994,338,-1.57113,-0.191602,-9.39806,0.0,0.0,0.0,0.0,0.0,0.0,0.0,-12.1289,-10.7764,0.0129973,0.143496,IncreaseAccelerometer,seated
52.1797,339,-1.64777,-0.306563,-9.9537,0.0,0.0,0.0,0.0,0.0,0.0,0.0,-7.20703,2.02674,0.0178673,0.140658,IncreaseAccelerometer,extended
52.3297,340,2.85486,0.718506,-8.70829,0.0,0.0,0.0,0.0,0.0,0.0,0.0,-2.28516,13.0613,0.0178673,0.140658,IncreaseAccelerometer,extended
52.4798,341,-13.7953,-0.306563,-10.1836,0.0,0.0,0.0,0.0,0.0,0.0,0.0,3.33984,22.7441,0.0178673,0.140658,IncreaseAccelerometer,extended
52.6299,342,-6.67731,-0.134121,-7.94188,0.0,0.0,0.0,0.0,0.0,0.0,0.0,8.61328,29.2746,0.0178673,0.140658,IncreaseAccelerometer,extended
52.78,343,-6.76354,0.0479004,-7.7886,0.0,0.0,0.0,0.0,0.0,0.0,0.0,12.4805,31.5265,0.0178673,0.140658,IncreaseAccelerometer,extended
52.93,344,-5.65225,-0.172441,-7.32876,0.0,0.0,0.0,0.0,0.0,0.0,0.0,14.9414,29.5173,0.0178673,0.140658,IncreaseAccelerometer,extended
53.0801,345,-5.90133,-0.258662,-7.13716,0.0,0.0,0.0,0.0,0.0,0.0,0.0,15.4688,23.6607,0.0178673,0.140658,IncreaseAccelerometer,extended
53.2302,346,-5.89175,-0.201182,-7.13716,0.0,0.0,0.0,0.0,0.0,0.0,0.0,13.8867,14.0559,0.0178673,0.140658,IncreaseAccelerometer,extended
53.4132,347,-6.09293,-0.210762,-7.47246,0.0,0.0,0.0,0.0,0.0,0.0,0.0,9.66797,1.34649,0.0129973,0.143496,IncreaseAccelerometer,seated
53.5632,348,-7.98021,-0.296982,-9.12982,0.0,0.0,0.0,0.0,0.0,0.0,0.0,4.04297,-10.7721,0.0129973,0.143496,IncreaseAccelerometer,seated
53.7133,349,-0.325723,-0.411943,-10.2219,0.0,0.0,0.0,0.0,0.0,0.0,0.0,-0.703125,-19.9729,0.0129973,0.143496,IncreaseAccelerometer,seated
53.8634,350,-2.58662,-0.574805,-10.6147,0.0,0.0,0.0,0.0,0.0,0.0,0.0,-6.15234,-27.6029,0.0129973,0.143496,IncreaseAccelerometer,seated
54.0135,351,-1.47533,-0.488584,-10.3561,0.0,0.0,0.0,0.0,0.0,0.0,0.0,-10.5469,-31.1941,0.0129973,0.143496,IncreaseAccelerometer,seated
54.1635,352,-1.59987,-0.306563,-9.2352,0.0,0.0,0.0,0.0,0.0,0.0,0.0,-13.1836,-30.4548,0.0129973,0.143496,IncreaseAccelerometer,seated
54.3136,353,-1.57113,-0.229922,-9.54176,0.0,0.0,0.0,0.0,0.0,0.0,0.0,-14.2383,-24.3634,0.0129973,0.143496,IncreaseAccelerometer,seated
54.4637,354,-1.43701,-0.220342,-9.16813,0.0,0.0,0.0,0.0,0.0,0.0,0.0,-13.1836,-16.6331,0.0129973,0.143496,IncreaseAccelerometer,seated
54.643,355,-1.60945,-0.220342,-9.75252,0.0,0.0,0.0,0.0,0.0,0.0,0.0,-9.49219,-4.28383,0.0178673,0.140658,IncreaseAccelerometer,extended
54.7931,356,2.82612,1.65735,-6.82102,0.0,0.0,0.0,0.0,0.0,0.0,0.0,-5.09766,6.9894,0.0178673,0.140658,IncreaseAccelerometer,extended
54.9432,357,-8.09517,0.239502,-8.42089,0.0,0.0,0.0,0.0,0.0,0.0,0.0,0.175781,17.1354,0.0178673,0.140658,IncreaseAccelerometer,extended
55.0932,358,-7.43414,-0.0862207,-8.21971,0.0,0.0,0.0,0.0,0.0,0.0,0.0,5.625,25.4777,0.0178673,0.140658,IncreaseAccelerometer,extended
55.2433,359,-7.23296,-0.0574805,-8.13349,0.0,0.0,0.0,0.0,0.0,0.0,0.0,10.1953,29.9868,0.0178673,0.140658,IncreaseAccelerometer,extended
55.3934,360,-5.65225,-0.105381,-7.0222,0.0,0.0,0.0,0.0,0.0,0.0,0.0,13.5352,30.6894,0.0178673,0.140658,IncreaseAccelerometer,extended
55.5434,361,-5.80553,-0.201182,-7.00304,0.0,0.0,0.0,0.0,0.0,0.0,0.0,15.1172,26.9408,0.0178673,0.140658,IncreaseAccelerometer,extended
55.6935,362,-5.96839,-0.182021,-7.24254,0.0,0.0,0.0,0.0,0.0,0.0,0.0,14.5898,19.21,0.0178673,0.140658,IncreaseAccelerometer,extended
55.8436,363,-5.91091,-0.229922,-7.31918,0.0,0.0,0.0,0.0,0.0,0.0,0.0,12.3047,8.90217,0.0178673,0.140658,IncreaseAccelerometer,extended
55.9936,364,-6.38033,-0.0766406,-7.7407,0.0,0.0,0.0,0.0,0.0,0.0,0.0,8.08594,-2.81122,0.0178673,0.140658,IncreaseAccelerometer,extended
56.1437,365,-6.42823,-0.114961,-7.82692,0.0,0.0,0.0,0.0,0.0,0.0,0.0,3.33984,-13.5875,0.0178673,0.140658,IncreaseAccelerometer,extended
56.2938,366,-6.43781,-0.201182,-7.90356,0.0,0.0,0.0,0.0,0.0,0.0,0.0,-1.93359,-22.7237,0.0178673,0.140658,IncreaseAccelerometer,extended
56.4439,367,-6.40907,-0.153281,-7.92272,0.0,0.0,0.0,0.0,0.0,0.0,0.0,-7.55859,-29.5171,0.0178673,0.140658,IncreaseAccelerometer,extended
56.5939,368,-6.22705,-0.239502,-7.72154,0.0,0.0,0.0,0.0,0.0,0.0,0.0,-11.0742,-31.157,0.0178673,0.140658,IncreaseAccelerometer,extended
56.744,369,-5.93007,-0.143701,-7.44372,0.0,0.0,0.0,0.0,0.0,0.0,0.0,-13.5352,-28.8144,0.0178673,0.140658,IncreaseAccelerometer,extended
56.8941,370,-5.93007,-0.134121,-7.39582,0.0,0.0,0.0,0.0,0.0,0.0,0.0,-14.0625,-23.1922,0.0178673,0.140658,IncreaseAccelerometer,extended
57.0949,371,-5.94923,-0.182021,-7.49162,0.0,0.0,0.0,0.0,0.0,0.0,0.0,-11.7773,-12.2875,0.0178673,0.140658,IncreaseAccelerometer,extended
57.245,372,-6.22705,-0.210762,-7.70238,0.0,0.0,0.0,0.0,0.0,0.0,0.0,-8.26172,-0.877678,0.0178673,0.140658,IncreaseAccelerometer,extended
57.3951,373,-6.43781,-0.182021,-7.85566,0.0,0.0,0.0,0.0,0.0,0.0,0.0,-3.16406,9.87374,0.0178673,0.140658,IncreaseAccelerometer,extended
57.5451,374,-6.52403,-0.143701,-7.92272,0.0,0.0,0.0,0.0,0.0,0.0,0.0,1.93359,19.3087,0.0178673,0.140658,IncreaseAccelerometer,extended
57.6952,375,-6.42823,-0.105381,-7.80776,0.0,0.0,0.0,0.0,0.0,0.0,0.0,7.03125,26.33,0.0178673,0.140658,IncreaseAccelerometer,extended
57.8453,376,-6.18873,-0.182021,-7.46288,0.0,0.0,0.0,0.0,0.0,0.0,0.0,11.25,30.689,0.0178673,0.140658,IncreaseAccelerometer,extended
57.9953,377,-5.93007,-0.191602,-7.25212,0.0,0.0,0.0,0.0,0.0,0.0,0.0,14.0625,29.7521,0.0178673,0.140658,IncreaseAccelerometer,extended
58.1454,378,-5.83427,-0.210762,-7.10842,0.0,0.0,0.0,0.0,0.0,0.0,0.0,14.9414,24.1301,0.0178673,0.140658,IncreaseAccelerometer,extended
58.3235,379,-5.86301,-0.172441,-7.19464,0.0,0.0,0.0,0.0,0.0,0.0,0.0,13.5352,14.9043,0.0129973,0.143496,IncreaseAccelerometer,seated
58.4736,380,-7.61616,-0.364043,-8.02811,0.0,0.0,0.0,0.0,0.0,0.0,0.0,10.5469,4.51642,0.0129973,0.143496,IncreaseAccelerometer,seated
58.6237,381,-1.48491,0.0862207,-8.23887,0.0,0.0,0.0,0.0,0.0,0.0,0.0,5.97656,-6.77461,0.0129973,0.143496,IncreaseAccelerometer,seated
58.7737,382,-4.48348,0.364043,-11.3811,0.0,0.0,0.0,0.0,0.0,0.0,0.0,0.878906,-16.9362,0.0129973,0.143496,IncreaseAccelerometer,seated
58.9238,383,-1.53281,-0.411943,-10.2411,0.0,0.0,0.0,0.0,0.0,0.0,0.0,-4.21875,-24.6137,0.0129973,0.143496,IncreaseAccelerometer,seated
59.0739,384,-1.84896,-0.507744,-10.3369,0.0,0.0,0.0,0.0,0.0,0.0,0.0,-8.78906,-29.7515,0.0129973,0.143496,IncreaseAccelerometer,seated
59.2239,385,-1.66693,-0.191602,-9.43638,0.0,0.0,0.0,0.0,0.0,0.0,0.0,-12.1289,-30.2204,0.0129973,0.143496,IncreaseAccelerometer,seated
59.374,386,-1.72441,-0.220342,-9.50344,0.0,0.0,0.0,0.0,0.0,0.0,0.0,-13.5352,-26.0036,0.0129973,0.143496,IncreaseAccelerometer,seated
59.5621,387,-1.67651,-0.344883,-9.64714,0.0,0.0,0.0,0.0,0.0,0.0,0.0,-12.6562,-17.1699,0.0178673,0.140658,IncreaseAccelerometer,extended
59.7121,388,1.13045,0.411943,-7.4054,0.0,0.0,0.0,0.0,0.0,0.0,0.0,-10.0195,-7.35861,0.0178673,0.140658,IncreaseAccelerometer,extended
59.8622,389,-14.5042,-0.114961,-8.85199,0.0,0.0,0.0,0.0,0.0,0.0,0.0,-5.97656,3.56776,0.0178673,0.140658,IncreaseAccelerometer,extended
60.0123,390,-7.58742,0.373623,-8.43047,0.0,0.0,0.0,0.0,0.0,0.0,0.0,-1.05469,14.0478,0.0178673,0.140658,IncreaseAccelerometer,extended
60.1623,391,-7.8844,0.114961,-7.73112,0.0,0.0,0.0,0.0,0.0,0.0,0.0,4.21875,22.5209,0.0178673,0.140658,IncreaseAccelerometer,extended
60.3124,392,-5.88217,-0.114961,-7.42456,0.0,0.0,0.0,0.0,0.0,0.0,0.0,8.96484,28.8144,0.0178673,0.140658,IncreaseAccelerometer,extended
60.4625,393,-5.66183,-0.258662,-7.0222,0.0,0.0,0.0,0.0,0.0,0.0,0.0,12.4805,29.9858,0.0178673,0.140658,IncreaseAccelerometer,extended
60.6125,394,-6.44739,-0.191602,-7.27128,0.0,0.0,0.0,0.0,0.0,0.0,0.0,14.2383,26.9405,0.0178673,0.140658,IncreaseAccelerometer,extended
60.7626,395,-5.90133,-0.239502,-7.2617,0.0,0.0,0.0,0.0,0.0,0.0,0.0,14.4141,20.6158,0.0178673,0.140658,IncreaseAccelerometer,extended
60.9433,396,-6.09293,-0.114961,-7.32876,0.0,0.0,0.0,0.0,0.0,0.0,0.0,11.7773,9.67874,0.0129973,0.143496,IncreaseAccelerometer,seated
61.0934,397,-8.49753,-0.507744,-7.92272,0.0,0.0,0.0,0.0,0.0,0.0,0.0,8.26172,-0.900352,0.0129973,0.143496,IncreaseAccelerometer,seated
61.2434,398,-3.34345,-0.105381,-10.2411,0.0,0.0,0.0,0.0,0.0,0.0,0.0,3.69141,-11.2541,0.0129973,0.143496,IncreaseAccelerometer,seated
61.3935,399,-2.52914,-0.306563,-10.3177,0.0,0.0,0.0,0.0,0.0,0.0,0.0,-1.93359,-20.7076,0.0129973,0.143496,IncreaseAccelerometer,seated
61.5436,400,-1.72441,-0.555645,-10.3848,0.0,0.0,0.0,0.0,0.0,0.0,0.0,-6.32812,-26.5598,0.0129973,0.143496,IncreaseAccelerometer,seated
61.6936,401,-1.60945,-0.354463,-9.9058,0.0,0.0,0.0,0.0,0.0,0.0,0.0,-10.1953,-29.2834,0.0129973,0.143496,IncreaseAccelerometer,seated
61.8437,402,-1.75315,-0.201182,-9.55134,0.0,0.0,0.0,0.0,0.0,0.0,0.0,-12.6562,-27.8778,0.0129973,0.143496,IncreaseAccelerometer,seated
62.0223,403,-1.58071,-0.316143,-9.4747,0.0,0.0,0.0,0.0,0.0,0.0,0.0,-13.1836,-21.6659,0.0178673,0.140658,IncreaseAccelerometer,extended
62.1724,404,0.843047,0.402363,-6.84018,0.0,0.0,0.0,0.0,0.0,0.0,0.0,-11.6016,-12.4127,0.0178673,0.140658,IncreaseAccelerometer,extended
62.3224,405,-9.51302,-0.823887,-8.63165,0.0,0.0,0.0,0.0,0.0,0.0,0.0,-8.26172,-2.48253,0.0178673,0.140658,IncreaseAccelerometer,extended
62.4725,406,-8.17181,0.249082,-8.34425,0.0,0.0,0.0,0.0,0.0,0.0,0.0,-3.69141,8.35017,0.0178673,0.140658,IncreaseAccelerometer,extended
62.6226,407,-7.12758,0.124541,-8.20055,0.0,0.0,0.0,0.0,0.0,0.0,0.0,1.05469,17.603,0.0178673,0.140658,IncreaseAccelerometer,extended
62.7727,408,-5.96839,-0.0287402,-7.39582,0.0,0.0,0.0,0.0,0.0,0.0,0.0,6.15234,25.7691,0.0178673,0.140658,IncreaseAccelerometer,extended
62.9227,409,-5.98755,-0.210762,-7.34792,0.0,0.0,0.0,0.0,0.0,0.0,0.0,10.1953,29.0486,0.0178673,0.140658,IncreaseAccelerometer,extended
