0.000149012,0,-1.59029,-0.249082,-9.64714,0.0,0.0,0.0,0.0,0.0,0.0,0.0,-0.175781,0.0,0.0129973,0.143496,None,seated
0.100265,1,-1.57113,-0.277822,-9.63756,0.0,0.0,0.0,0.0,0.0,0.0,0.0,-0.175781,0.0,0.0129973,0.143496,Nothing,seated
0.200388,2,-1.52323,-0.258662,-9.64714,0.0,0.0,0.0,0.0,0.0,0.0,0.0,-0.175781,0.0,0.0129973,0.143496,Nothing,seated
0.300501,3,-1.53281,-0.296982,-9.62798,0.0,0.0,0.0,0.0,0.0,0.0,0.0,-0.175781,0.0,0.0129973,0.143496,Nothing,seated
0.40062,4,-1.56155,-0.287402,-9.64714,0.0,0.0,0.0,0.0,0.0,0.0,0.0,-0.175781,0.0,0.0129973,0.143496,Nothing,seated
0.500742,5,-1.56155,-0.306563,-9.60882,0.0,0.0,0.0,0.0,0.0,0.0,0.0,-0.175781,0.0,0.0129973,0.143496,Nothing,seated
0.600857,6,-1.53281,-0.287402,-9.65672,0.0,0.0,0.0,0.0,0.0,0.0,0.0,-0.175781,0.0,0.0129973,0.143496,Nothing,seated
0.700905,7,-1.45617,-0.296982,-9.64714,0.0,0.0,0.0,0.0,0.0,0.0,0.0,-0.175781,0.0,0.0129973,0.143496,Nothing,seated
0.801021,8,-1.26457,-0.306563,-9.74294,0.0,0.0,0.0,0.0,0.0,0.0,0.0,-0.175781,0.0,0.0129973,0.143496,Nothing,seated
0.901135,9,-1.30289,-0.344883,-9.77168,0.0,0.0,0.0,0.0,0.0,0.0,0.0,0.0,0.351201,0.0129973,0.143496,Nothing,seated
1.00126,10,-0.919688,-0.229922,-9.84832,0.0,0.0,0.0,0.0,0.0,0.0,0.0,0.351562,1.0536,0.0129973,0.143496,Nothing,seated
1.10137,11,-0.488584,-0.258662,-9.86748,0.0,0.0,0.0,0.0,0.0,0.0,0.0,0.878906,2.1072,0.0129973,0.143496,Nothing,seated
1.20149,12,-0.00958008,-0.258662,-10.0399,0.0,0.0,0.0,0.0,0.0,0.0,0.0,1.75781,3.86268,0.0129973,0.143496,Nothing,seated
1.3016,13,0.201182,-0.296982,-10.0687,0.0,0.0,0.0,0.0,0.0,0.0,0.0,2.98828,6.32078,0.0129973,0.143496,Nothing,seated
1.40172,14,0.153281,-0.306563,-10.0878,0.0,0.0,0.0,0.0,0.0,0.0,0.0,4.92188,9.83234,0.0129973,0.143496,Nothing,seated
1.50182,15,0.392783,-0.249082,-10.2219,0.0,0.0,0.0,0.0,0.0,0.0,0.0,7.03125,13.3443,0.0129973,0.143496,Nothing,seated
1.60194,16,0.182021,-0.440684,-10.1932,0.0,0.0,0.0,0.0,0.0,0.0,0.0,9.31641,16.856,0.0129973,0.143496,Nothing,seated
1.70206,17,0.162861,-0.239502,-10.0687,0.0,0.0,0.0,0.0,0.0,0.0,0.0,11.6016,19.6651,0.0129973,0.143496,Nothing,seated
1.80218,18,0.392783,-0.105381,-9.9537,0.0,0.0,0.0,0.0,0.0,0.0,0.0,13.8867,21.7719,0.0129973,0.143496,Nothing,seated
1.9023,19,0.316143,-0.239502,-9.84832,0.0,0.0,0.0,0.0,0.0,0.0,0.0,15.8203,21.7713,0.0129973,0.143496,Nothing,seated
2.00239,20,0.210762,-0.153281,-9.63756,0.0,0.0,0.0,0.0,0.0,0.0,0.0,17.5781,21.0697,0.0129973,0.143496,Nothing,seated
2.10251,21,-0.268242,-0.239502,-9.25436,0.0,0.0,0.0,0.0,0.0,0.0,0.0,18.8086,18.9626,0.0129973,0.143496,Nothing,seated
2.20262,22,-1.32205,-0.210762,-9.15856,0.0,0.0,0.0,0.0,0.0,0.0,0.0,18.9844,14.7491,0.0129973,0.143496,Nothing,seated
2.30273,23,-1.38911,-0.249082,-9.16813,0.0,0.0,0.0,0.0,0.0,0.0,0.0,17.9297,8.07691,0.0129973,0.143496,Nothing,seated
2.40284,24,-1.42743,-0.277822,-9.35974,0.0,0.0,0.0,0.0,0.0,0.0,0.0,15.8203,0.0,0.0129973,0.143496,Nothing,seated
2.50295,25,-1.55197,-0.344883,-9.72378,0.0,0.0,0.0,0.0,0.0,0.0,0.0,12.832,-9.48155,0.0129973,0.143496,Nothing,seated
2.60307,26,-1.60945,-0.383203,-10.2411,0.0,0.0,0.0,0.0,0.0,0.0,0.0,9.14062,-19.3144,0.0129973,0.143496,Nothing,seated
2.70318,27,-1.66693,-0.364043,-10.6147,0.0,0.0,0.0,0.0,0.0,0.0,0.0,4.57031,-28.7957,0.0129973,0.143496,Nothing,seated
2.80329,28,-1.70525,-0.229922,-10.768,0.0,0.0,0.0,0.0,0.0,0.0,0.0,-0.175781,-36.1706,0.0129973,0.143496,Nothing,seated
2.90341,29,-1.70525,-0.143701,-10.7201,0.0,0.0,0.0,0.0,0.0,0.0,0.0,-5.625,-42.8422,0.0129973,0.143496,Nothing,seated
3.0035,30,-1.71483,-0.191602,-10.5477,0.0,0.0,0.0,0.0,0.0,0.0,0.0,-9.31641,-44.2483,0.0129973,0.143496,Nothing,seated
3.10361,31,-1.62861,-0.191602,-10.2507,0.0,0.0,0.0,0.0,0.0,0.0,0.0,-13.0078,-44.2491,0.0129973,0.143496,Nothing,seated
3.20372,32,-1.51365,-0.249082,-9.84832,0.0,0.0,0.0,0.0,0.0,0.0,0.0,-16.1719,-41.4396,0.0129973,0.143496,Nothing,seated
3.30383,33,-1.44659,-0.287402,-9.45554,0.0,0.0,0.0,0.0,0.0,0.0,0.0,-17.9297,-35.4696,0.0129973,0.143496,Nothing,seated
3.40395,34,-1.38911,-0.402363,-9.25436,0.0,0.0,0.0,0.0,0.0,0.0,0.0,-19.1602,-27.041,0.0129973,0.143496,Nothing,seated
3.50405,35,-1.36995,-0.354463,-9.24478,0.0,0.0,0.0,0.0,0.0,0.0,0.0,-18.9844,-19.3148,0.0129973,0.143496,Nothing,seated
3.60416,36,-1.42743,-0.316143,-9.34058,0.0,0.0,0.0,0.0,0.0,0.0,0.0,-17.9297,-9.83282,0.0129973,0.143496,Nothing,seated
3.70428,37,-1.50407,-0.287402,-9.64714,0.0,0.0,0.0,0.0,0.0,0.0,0.0,-15.6445,1.05351,0.0129973,0.143496,Nothing,seated
3.8044,38,-1.57113,-0.249082,-10.0112,0.0,0.0,0.0,0.0,0.0,0.0,0.0,-12.4805,10.8861,0.0129973,0.143496,Nothing,seated
3.90451,39,-1.67651,-0.220342,-10.3656,0.0,0.0,0.0,0.0,0.0,0.0,0.0,-8.61328,21.0699,0.0129973,0.143496,Nothing,seated
4.00463,40,-1.76273,-0.229922,-10.5477,0.0,0.0,0.0,0.0,0.0,0.0,0.0,-4.04297,29.8483,0.0129973,0.143496,Nothing,seated
4.10474,41,-1.75315,-0.258662,-10.7393,0.0,0.0,0.0,0.0,0.0,0.0,0.0,0.527344,36.8717,0.0129973,0.143496,Nothing,seated
4.20486,42,-1.80105,-0.268242,-10.586,0.0,0.0,0.0,0.0,0.0,0.0,0.0,5.27344,41.7877,0.0129973,0.143496,Nothing,seated
4.30496,43,-1.72441,-0.344883,-10.3465,0.0,0.0,0.0,0.0,0.0,0.0,0.0,9.31641,43.5445,0.0129973,0.143496,Nothing,seated
4.40508,44,-1.65735,-0.325723,-9.93454,0.0,0.0,0.0,0.0,0.0,0.0,0.0,13.0078,43.1931,0.0129973,0.143496,Nothing,seated
4.5052,45,-1.53281,-0.287402,-9.58008,0.0,0.0,0.0,0.0,0.0,0.0,0.0,15.9961,40.0323,0.0129973,0.143496,Nothing,seated
4.60531,46,-1.46575,-0.249082,-9.2831,0.0,0.0,0.0,0.0,0.0,0.0,0.0,17.7539,34.4138,0.0129973,0.143496,Nothing,seated
4.70543,47,-1.42743,-0.249082,-9.09149,0.0,0.0,0.0,0.0,0.0,0.0,0.0,18.6328,26.6882,0.0129973,0.143496,Nothing,seated
4.80554,48,-1.42743,-0.220342,-9.07233,0.0,0.0,0.0,0.0,0.0,0.0,0.0,18.2812,17.909,0.0129973,0.143496,Nothing,seated
4.90566,49,-1.42743,-0.249082,-9.24478,0.0,0.0,0.0,0.0,0.0,0.0,0.0,16.875,7.72546,0.0129973,0.143496,Nothing,seated
5.00577,50,-1.50407,-0.296982,-9.55134,0.0,0.0,0.0,0.0,0.0,0.0,0.0,14.4141,-3.16043,0.0129973,0.143496,Nothing,seated
5.1059,51,-1.55197,-0.344883,-9.92496,0.0,0.0,0.0,0.0,0.0,0.0,0.0,10.8984,-13.6948,0.0129973,0.143496,Nothing,seated
5.20601,52,-1.64777,-0.325723,-10.2698,0.0,0.0,0.0,0.0,0.0,0.0,0.0,7.03125,-23.1761,0.0129973,0.143496,Nothing,seated
5.30613,53,-1.66693,-0.277822,-10.5572,0.0,0.0,0.0,0.0,0.0,0.0,0.0,2.63672,-31.2522,0.0129973,0.143496,Nothing,seated
5.40625,54,-1.72441,-0.296982,-10.6626,0.0,0.0,0.0,0.0,0.0,0.0,0.0,-1.93359,-37.5728,0.0129973,0.143496,Nothing,seated
5.50636,55,-1.69567,-0.249082,-10.5764,0.0,0.0,0.0,0.0,0.0,0.0,0.0,-6.85547,-42.489,0.0129973,0.143496,Nothing,seated
5.60648,56,-1.62861,-0.239502,-10.3177,0.0,0.0,0.0,0.0,0.0,0.0,0.0,-10.5469,-42.8411,0.0129973,0.143496,Nothing,seated
5.70659,57,-1.55197,-0.258662,-9.9537,0.0,0.0,0.0,0.0,0.0,0.0,0.0,-14.0625,-42.1384,0.0129973,0.143496,Nothing,seated
5.80671,58,-1.45617,-0.287402,-9.60882,0.0,0.0,0.0,0.0,0.0,0.0,0.0,-16.5234,-38.2762,0.0129973,0.143496,Nothing,seated
5.90682,59,-1.44659,-0.277822,-9.38848,0.0,0.0,0.0,0.0,0.0,0.0,0.0,-18.2812,-32.6578,0.0129973,0.143496,Nothing,seated
6.00694,60,-1.41785,-0.296982,-9.2352,0.0,0.0,0.0,0.0,0.0,0.0,0.0,-18.8086,-23.8788,0.0129973,0.143496,Nothing,seated
6.10705,61,-1.41785,-0.287402,-9.24478,0.0,0.0,0.0,0.0,0.0,0.0,0.0,-18.2812,-15.4511,0.0129973,0.143496,Nothing,seated
6.20716,62,-1.51365,-0.325723,-9.38848,0.0,0.0,0.0,0.0,0.0,0.0,0.0,-16.5234,-4.9163,0.0129973,0.143496,Nothing,seated
6.30728,63,-1.57113,-0.258662,-9.7621,0.0,0.0,0.0,0.0,0.0,0.0,0.0,-14.0625,4.91625,0.0129973,0.143496,Nothing,seated
6.4074,64,-1.62861,-0.268242,-10.1166,0.0,0.0,0.0,0.0,0.0,0.0,0.0,-10.5469,15.451,0.0129973,0.143496,Nothing,seated
6.50751,65,-1.69567,-0.258662,-10.4327,0.0,0.0,0.0,0.0,0.0,0.0,0.0,-6.50391,24.5811,0.0129973,0.143496,Nothing,seated
6.60763,66,-1.73399,-0.277822,-10.6243,0.0,0.0,0.0,0.0,0.0,0.0,0.0,-1.93359,32.6573,0.0129973,0.143496,Nothing,seated
6.70774,67,-1.77231,-0.287402,-10.6339,0.0,0.0,0.0,0.0,0.0,0.0,0.0,2.46094,37.9248,0.0129973,0.143496,Nothing,seated
6.80785,68,-1.72441,-0.277822,-10.4902,0.0,0.0,0.0,0.0,0.0,0.0,0.0,7.03125,42.1392,0.0129973,0.143496,Nothing,seated
6.90796,69,-1.67651,-0.296982,-10.1932,0.0,0.0,0.0,0.0,0.0,0.0,0.0,11.0742,43.1934,0.0129973,0.143496,Nothing,seated
7.00807,70,-1.59987,-0.306563,-9.8579,0.0,0.0,0.0,0.0,0.0,0.0,0.0,14.0625,41.0874,0.0129973,0.143496,Nothing,seated
7.10818,71,-1.57113,-0.287402,-9.54176,0.0,0.0,0.0,0.0,0.0,0.0,0.0,16.3477,36.5223,0.0129973,0.143496,Nothing,seated
7.2083,72,-1.47533,-0.296982,-9.20646,0.0,0.0,0.0,0.0,0.0,0.0,0.0,17.7539,30.5521,0.0129973,0.143496,Nothing,seated
7.30841,73,-1.45617,-0.287402,-9.07233,0.0,0.0,0.0,0.0,0.0,0.0,0.0,18.1055,22.1239,0.0129973,0.143496,Nothing,seated
7.40851,74,-1.45617,-0.258662,-9.09149,0.0,0.0,0.0,0.0,0.0,0.0,0.0,17.2266,12.2911,0.0129973,0.143496,Nothing,seated
7.50863,75,-1.50407,-0.287402,-9.35974,0.0,0.0,0.0,0.0,0.0,0.0,0.0,15.4688,2.80934,0.0129973,0.143496,Nothing,seated
7.60874,76,-1.55197,-0.287402,-9.7142,0.0,0.0,0.0,0.0,0.0,0.0,0.0,12.6562,-7.37451,0.0129973,0.143496,Nothing,seated
7.70886,77,-1.60945,-0.287402,-10.0112,0.0,0.0,0.0,0.0,0.0,0.0,0.0,9.14062,-17.2072,0.0129973,0.143496,Nothing,seated
7.80897,78,-1.62861,-0.306563,-10.3369,0.0,0.0,0.0,0.0,0.0,0.0,0.0,5.09766,-25.9862,0.0129973,0.143496,Nothing,seated
7.90909,79,-1.70525,-0.296982,-10.5764,0.0,0.0,0.0,0.0,0.0,0.0,0.0,0.703125,-33.0091,0.0129973,0.143496,Nothing,seated
8.0092,80,-1.73399,-0.287402,-10.6147,0.0,0.0,0.0,0.0,0.0,0.0,0.0,-3.86719,-38.6274,0.0129973,0.143496,Nothing,seated
8.10932,81,-1.63819,-0.258662,-10.4902,0.0,0.0,0.0,0.0,0.0,0.0,0.0,-8.08594,-41.4364,0.0129973,0.143496,Nothing,seated
8.2094,82,-1.57113,-0.268242,-10.2411,0.0,0.0,0.0,0.0,0.0,0.0,0.0,-11.9531,-42.1421,0.0129973,0.143496,Nothing,seated
8.30951,83,-1.49449,-0.316143,-9.88664,0.0,0.0,0.0,0.0,0.0,0.0,0.0,-14.7656,-39.6839,0.0129973,0.143496,Nothing,seated
8.40963,84,-1.43701,-0.277822,-9.59924,0.0,0.0,0.0,0.0,0.0,0.0,0.0,-17.0508,-35.4697,0.0129973,0.143496,Nothing,seated
8.50974,85,-1.41785,-0.325723,-9.32142,0.0,0.0,0.0,0.0,0.0,0.0,0.0,-18.1055,-28.446,0.0129973,0.143496,Nothing,seated
8.60986,86,-1.40827,-0.325723,-9.24478,0.0,0.0,0.0,0.0,0.0,0.0,0.0,-18.2812,-20.3687,0.0129973,0.143496,Nothing,seated
8.70998,87,-1.40827,-0.325723,-9.34058,0.0,0.0,0.0,0.0,0.0,0.0,0.0,-17.2266,-10.5347,0.0129973,0.143496,Nothing,seated
8.81009,88,-1.47533,-0.296982,-9.58008,0.0,0.0,0.0,0.0,0.0,0.0,0.0,-15.1172,-0.702311,0.0129973,0.143496,Nothing,seated
8.9102,89,-1.58071,-0.316143,-9.8579,0.0,0.0,0.0,0.0,0.0,0.0,0.0,-12.3047,9.48123,0.0129973,0.143496,Nothing,seated
9.01032,90,-1.64777,-0.249082,-10.1836,0.0,0.0,0.0,0.0,0.0,0.0,0.0,-8.61328,18.9625,0.0129973,0.143496,Nothing,seated
9.1104,91,-1.70525,-0.258662,-10.5093,0.0,0.0,0.0,0.0,0.0,0.0,0.0,-4.39453,27.7436,0.0129973,0.143496,Nothing,seated
9.21052,92,-1.72441,-0.277822,-10.6147,0.0,0.0,0.0,0.0,0.0,0.0,0.0,-0.175781,34.0647,0.0129973,0.143496,Nothing,seated
9.31063,93,-1.68609,-0.277822,-10.586,0.0,0.0,0.0,0.0,0.0,0.0,0.0,4.21875,38.6302,0.0129973,0.143496,Nothing,seated
9.41074,94,-1.69567,-0.287402,-10.3082,0.0,0.0,0.0,0.0,0.0,0.0,0.0,8.4375,41.4395,0.0129973,0.143496,Nothing,seated
9.51086,95,-1.59029,-0.287402,-9.94412,0.0,0.0,0.0,0.0,0.0,0.0,0.0,12.3047,41.7909,0.0129973,0.143496,Nothing,seated
9.61096,96,-1.60945,-0.306563,-9.63756,0.0,0.0,0.0,0.0,0.0,0.0,0.0,14.7656,38.2772,0.0129973,0.143496,Nothing,seated
9.71108,97,-1.53281,-0.306563,-9.39806,0.0,0.0,0.0,0.0,0.0,0.0,0.0,16.6992,33.7121,0.0129973,0.143496,Nothing,seated
9.81119,98,-1.44659,-0.296982,-9.15856,0.0,0.0,0.0,0.0,0.0,0.0,0.0,17.5781,26.6887,0.0129973,0.143496,Nothing,seated
9.9113,99,-1.43701,-0.287402,-9.12982,0.0,0.0,0.0,0.0,0.0,0.0,0.0,17.4023,17.9096,0.0129973,0.143496,Nothing,seated
10.0114,100,-1.48491,-0.277822,-9.26394,0.0,0.0,0.0,0.0,0.0,0.0,0.0,16.1719,7.72601,0.0129973,0.143496,Nothing,seated
10.1115,101,-1.53281,-0.268242,-9.58008,0.0,0.0,0.0,0.0,0.0,0.0,0.0,13.7109,-2.10707,0.0129973,0.143496,Nothing,seated
10.2116,102,-1.57113,-0.306563,-9.91538,0.0,0.0,0.0,0.0,0.0,0.0,0.0,10.5469,-12.2917,0.0129973,0.143496,Nothing,seated
10.3117,103,-1.64777,-0.306563,-10.1932,0.0,0.0,0.0,0.0,0.0,0.0,0.0,7.03125,-21.0719,0.0129973,0.143496,Nothing,seated
10.4118,104,-1.66693,-0.316143,-10.4998,0.0,0.0,0.0,0.0,0.0,0.0,0.0,2.8125,-29.1497,0.0129973,0.143496,Nothing,seated
10.5119,105,-1.67651,-0.287402,-10.5764,0.0,0.0,0.0,0.0,0.0,0.0,0.0,-1.23047,-34.7677,0.0129973,0.143496,Nothing,seated
10.612,106,-1.62861,-0.287402,-10.5477,0.0,0.0,0.0,0.0,0.0,0.0,0.0,-5.625,-38.6305,0.0129973,0.143496,Nothing,seated
10.7122,107,-1.67651,-0.296982,-10.3561,0.0,0.0,0.0,0.0,0.0,0.0,0.0,-9.49219,-40.0339,0.0129973,0.143496,Nothing,seated
10.8123,108,-1.59987,-0.239502,-10.0687,0.0,0.0,0.0,0.0,0.0,0.0,0.0,-13.0078,-40.0332,0.0129973,0.143496,Nothing,seated
10.9124,109,-1.53281,-0.287402,-9.73336,0.0,0.0,0.0,0.0,0.0,0.0,0.0,-15.4688,-36.521,0.0129973,0.143496,Nothing,seated
11.0125,110,-1.43701,-0.306563,-9.48428,0.0,0.0,0.0,0.0,0.0,0.0,0.0,-17.2266,-31.9554,0.0129973,0.143496,Nothing,seated
11.1126,111,-1.42743,-0.306563,-9.32142,0.0,0.0,0.0,0.0,0.0,0.0,0.0,-17.9297,-24.5812,0.0129973,0.143496,Nothing,seated
11.2127,112,-1.43701,-0.296982,-9.2831,0.0,0.0,0.0,0.0,0.0,0.0,0.0,-17.4023,-15.8022,0.0129973,0.143496,Nothing,seated
11.3128,113,-1.43701,-0.296982,-9.4747,0.0,0.0,0.0,0.0,0.0,0.0,0.0,-15.8203,-5.61851,0.0129973,0.143496,Nothing,seated
11.413,114,-1.54239,-0.296982,-9.74294,0.0,0.0,0.0,0.0,0.0,0.0,0.0,-13.1836,4.56513,0.0129973,0.143496,Nothing,seated
11.5131,115,-1.59987,-0.249082,-10.0974,0.0,0.0,0.0,0.0,0.0,0.0,0.0,-10.0195,14.3983,0.0129973,0.143496,Nothing,seated
11.6132,116,-1.68609,-0.239502,-10.3848,0.0,0.0,0.0,0.0,0.0,0.0,0.0,-6.67969,22.476,0.0129973,0.143496,Nothing,seated
11.7133,117,-1.74357,-0.258662,-10.4614,0.0,0.0,0.0,0.0,0.0,0.0,0.0,-2.46094,29.8507,0.0129973,0.143496,Nothing,seated
11.8134,118,-1.72441,-0.239502,-10.5285,0.0,0.0,0.0,0.0,0.0,0.0,0.0,2.28516,36.1719,0.0129973,0.143496,Nothing,seated
11.9135,119,-1.72441,-0.316143,-10.4231,0.0,0.0,0.0,0.0,0.0,0.0,0.0,6.15234,38.6301,0.0129973,0.143496,Nothing,seated
12.0181,120,-1.66693,-0.306563,-10.107,0.0,0.0,0.0,0.0,0.0,0.0,0.0,10.1953,40.0275,0.0129973,0.143496,IncreaseAccelerometer,seated
12.1249,121,-1.59987,-0.296982,-9.78126,0.0,0.0,0.0,0.0,0.0,0.0,0.0,13.7109,39.846,0.0129973,0.143496,IncreaseAccelerometer,seated
12.2384,122,-1.48491,-0.296982,-9.46512,0.0,0.0,0.0,0.0,0.0,0.0,0.0,15.8203,34.8133,0.0129973,0.143496,IncreaseAccelerometer,seated
12.3449,123,-1.45617,-0.258662,-9.19688,0.0,0.0,0.0,0.0,0.0,0.0,0.0,17.2266,28.1109,0.0129973,0.143496,IncreaseAccelerometer,seated
12.4565,124,-1.42743,-0.277822,-9.14898,0.0,0.0,0.0,0.0,0.0,0.0,0.0,17.2266,20.3926,0.0129973,0.143496,IncreaseAccelerometer,seated
12.5606,125,-1.44659,-0.296982,-9.18729,0.0,0.0,0.0,0.0,0.0,0.0,0.0,15.9961,10.6923,0.0129973,0.143496,IncreaseAccelerometer,seated
12.6622,126,-1.48491,-0.306563,-9.44596,0.0,0.0,0.0,0.0,0.0,0.0,0.0,13.8867,0.327136,0.0129973,0.143496,IncreaseAccelerometer,seated
12.7666,127,-1.55197,-0.277822,-9.84832,0.0,0.0,0.0,0.0,0.0,0.0,0.0,10.5469,-9.98331,0.0129973,0.143496,IncreaseAccelerometer,seated
12.8784,128,-1.58071,-0.306563,-10.1932,0.0,0.0,0.0,0.0,0.0,0.0,0.0,6.67969,-19.7712,0.0129973,0.143496,IncreaseAccelerometer,seated
12.9807,129,-1.66693,-0.325723,-10.4614,0.0,0.0,0.0,0.0,0.0,0.0,0.0,2.63672,-27.8372,0.0129973,0.143496,IncreaseAccelerometer,seated
13.0807,130,-1.67651,-0.268242,-10.5189,0.0,0.0,0.0,0.0,0.0,0.0,0.0,-1.93359,-34.4715,0.0129973,0.143496,IncreaseAccelerometer,seated
13.1896,131,-1.69567,-0.287402,-10.471,0.0,0.0,0.0,0.0,0.0,0.0,0.0,-6.85547,-39.3318,0.0129973,0.143496,IncreaseAccelerometer,seated
13.3078,132,-1.61903,-0.220342,-10.1932,0.0,0.0,0.0,0.0,0.0,0.0,0.0,-10.7227,-39.3052,0.0129973,0.143496,IncreaseAccelerometer,seated
13.4157,133,-1.53281,-0.239502,-9.84832,0.0,0.0,0.0,0.0,0.0,0.0,0.0,-13.7109,-37.9454,0.0129973,0.143496,IncreaseAccelerometer,seated
13.5158,134,-1.51365,-0.277822,-9.55134,0.0,0.0,0.0,0.0,0.0,0.0,0.0,-15.9961,-34.8191,0.0129973,0.143496,IncreaseAccelerometer,seated
13.6159,135,-1.45617,-0.306563,-9.39806,0.0,0.0,0.0,0.0,0.0,0.0,0.0,-17.2266,-28.578,0.0129973,0.143496,IncreaseAccelerometer,seated
13.7159,136,-1.38911,-0.316143,-9.31184,0.0,0.0,0.0,0.0,0.0,0.0,0.0,-17.4023,-20.0383,0.0129973,0.143496,IncreaseAccelerometer,seated
13.816,137,-1.42743,-0.306563,-9.34058,0.0,0.0,0.0,0.0,0.0,0.0,0.0,-16.5234,-11.4137,0.0129973,0.143496,IncreaseAccelerometer,seated
13.9161,138,-1.46575,-0.287402,-9.55134,0.0,0.0,0.0,0.0,0.0,0.0,0.0,-14.7656,-2.10797,0.0129973,0.143496,IncreaseAccelerometer,seated
14.0161,139,-1.52323,-0.287402,-9.84832,0.0,0.0,0.0,0.0,0.0,0.0,0.0,-12.1289,7.72927,0.0129973,0.143496,IncreaseAccelerometer,seated
14.1162,140,-1.59987,-0.277822,-10.174,0.0,0.0,0.0,0.0,0.0,0.0,0.0,-8.61328,17.2151,0.0129973,0.143496,IncreaseAccelerometer,seated
14.2163,141,-1.71483,-0.258662,-10.3944,0.0,0.0,0.0,0.0,0.0,0.0,0.0,-4.74609,25.2957,0.0129973,0.143496,IncreaseAccelerometer,seated
14.3168,142,-1.74357,-0.249082,-10.4902,0.0,0.0,0.0,0.0,0.0,0.0,0.0,-0.351562,32.2941,0.0129973,0.143496,IncreaseAccelerometer,seated
14.4207,143,-1.72441,-0.258662,-10.4614,0.0,0.0,0.0,0.0,0.0,0.0,0.0,3.86719,36.926,0.0129973,0.143496,IncreaseAccelerometer,seated
14.5229,144,-1.66693,-0.258662,-10.3561,0.0,0.0,0.0,0.0,0.0,0.0,0.0,7.73438,39.1988,0.0129973,0.143496,IncreaseAccelerometer,seated
14.6231,145,-1.60945,-0.335303,-10.0399,0.0,0.0,0.0,0.0,0.0,0.0,0.0,11.4258,39.531,0.0129973,0.143496,IncreaseAccelerometer,seated
14.7283,146,-1.54239,-0.268242,-9.7142,0.0,0.0,0.0,0.0,0.0,0.0,0.0,14.0625,36.7315,0.0129973,0.143496,IncreaseAccelerometer,seated
14.8297,147,-1.47533,-0.316143,-9.38848,0.0,0.0,0.0,0.0,0.0,0.0,0.0,15.9961,31.8695,0.0129973,0.143496,IncreaseAccelerometer,seated
14.9319,148,-1.45617,-0.268242,-9.20646,0.0,0.0,0.0,0.0,0.0,0.0,0.0,16.875,25.4409,0.0129973,0.143496,IncreaseAccelerometer,seated
15.0329,149,-1.44659,-0.258662,-9.16813,0.0,0.0,0.0,0.0,0.0,0.0,0.0,16.5234,17.2316,0.0129973,0.143496,IncreaseAccelerometer,seated
15.1363,150,-1.41785,-0.258662,-9.32142,0.0,0.0,0.0,0.0,0.0,0.0,0.0,15.293,7.53581,0.0129973,0.143496,IncreaseAccelerometer,seated
15.2395,151,-1.52323,-0.306563,-9.58008,0.0,0.0,0.0,0.0,0.0,0.0,0.0,13.0078,-2.06329,0.0129973,0.143496,IncreaseAccelerometer,seated
15.3423,152,-1.59029,-0.325723,-9.91538,0.0,0.0,0.0,0.0,0.0,0.0,0.0,10.0195,-11.6606,0.0129973,0.143496,IncreaseAccelerometer,seated
15.4423,153,-1.59029,-0.287402,-10.1932,0.0,0.0,0.0,0.0,0.0,0.0,0.0,6.32812,-20.6653,0.0129973,0.143496,IncreaseAccelerometer,seated
15.5429,154,-1.65735,-0.296982,-10.3752,0.0,0.0,0.0,0.0,0.0,0.0,0.0,2.46094,-27.5719,0.0129973,0.143496,IncreaseAccelerometer,seated
15.643,155,-1.70525,-0.258662,-10.4998,0.0,0.0,0.0,0.0,0.0,0.0,0.0,-1.93359,-33.9963,0.0129973,0.143496,IncreaseAccelerometer,seated
15.7444,156,-1.67651,-0.287402,-10.3752,0.0,0.0,0.0,0.0,0.0,0.0,0.0,-6.50391,-38.646,0.0129973,0.143496,IncreaseAccelerometer,seated
15.8581,157,-1.64777,-0.287402,-10.2028,0.0,0.0,0.0,0.0,0.0,0.0,0.0,-10.1953,-39.19,0.0129973,0.143496,IncreaseAccelerometer,seated
15.9615,158,-1.56155,-0.287402,-9.8579,0.0,0.0,0.0,0.0,0.0,0.0,0.0,-13.3594,-37.9164,0.0129973,0.143496,IncreaseAccelerometer,seated
16.0644,159,-1.46575,-0.277822,-9.60882,0.0,0.0,0.0,0.0,0.0,0.0,0.0,-15.6445,-34.7239,0.0129973,0.143496,IncreaseAccelerometer,seated
16.1714,160,-1.44659,-0.296982,-9.39806,0.0,0.0,0.0,0.0,0.0,0.0,0.0,-16.875,-28.2761,0.0129973,0.143496,IncreaseAccelerometer,seated
16.2728,161,-1.41785,-0.325723,-9.27352,0.0,0.0,0.0,0.0,0.0,0.0,0.0,-17.0508,-19.9585,0.0129973,0.143496,IncreaseAccelerometer,seated
16.4612,162,-1.58071,-0.268242,-9.58008,0.0,0.0,0.0,0.0,0.0,0.0,0.0,-14.5898,-7.28603,0.0178673,0.140658,IncreaseAccelerometer,extended
16.5635,163,-0.0191602,-0.613125,-11.1512,0.0,0.0,0.0,0.0,0.0,0.0,0.0,-12.1289,2.04398,0.0178673,0.140658,IncreaseAccelerometer,extended
16.6643,164,-4.34936,-0.373623,-8.34425,0.0,0.0,0.0,0.0,0.0,0.0,0.0,-8.61328,11.7192,0.0178673,0.140658,IncreaseAccelerometer,extended
16.7701,165,-10.0399,-0.747246,-8.31551,0.0,0.0,0.0,0.0,0.0,0.0,0.0,-4.92188,19.9639,0.0178673,0.140658,IncreaseAccelerometer,extended
16.8718,166,-8.08559,-0.0287402,-8.25803,0.0,0.0,0.0,0.0,0.0,0.0,0.0,0.0,28.4666,0.0178673,0.140658,IncreaseAccelerometer,extended
16.988,167,-6.32285,-0.296982,-7.75028,0.0,0.0,0.0,0.0,0.0,0.0,0.0,4.21875,35.7054,0.0178673,0.140658,IncreaseAccelerometer,extended
17.095,168,-5.86301,-0.268242,-8.27719,0.0,0.0,0.0,0.0,0.0,0.0,0.0,8.96484,39.6883,0.0178673,0.140658,IncreaseAccelerometer,extended
17.223,169,-6.39949,-0.258662,-7.7886,0.0,0.0,0.0,0.0,0.0,0.0,0.0,12.1289,37.1253,0.0178673,0.140658,IncreaseAccelerometer,extended
17.3294,170,-6.04503,-0.201182,-7.48204,0.0,0.0,0.0,0.0,0.0,0.0,0.0,14.5898,34.8879,0.0178673,0.140658,IncreaseAccelerometer,extended
17.4324,171,-5.59477,-0.249082,-6.9743,0.0,0.0,0.0,0.0,0.0,0.0,0.0,15.8203,28.2183,0.0178673,0.140658,IncreaseAccelerometer,extended
17.5441,172,-5.67141,-0.172441,-7.00304,0.0,0.0,0.0,0.0,0.0,0.0,0.0,16.1719,21.4948,0.0178673,0.140658,IncreaseAccelerometer,extended
17.652,173,-5.70973,-0.268242,-7.07968,0.0,0.0,0.0,0.0,0.0,0.0,0.0,15.1172,11.0462,0.0178673,0.140658,IncreaseAccelerometer,extended
17.7761,174,-5.85343,-0.172441,-7.32876,0.0,0.0,0.0,0.0,0.0,0.0,0.0,13.0078,1.58922,0.0178673,0.140658,IncreaseAccelerometer,extended
17.8785,175,-6.04503,-0.0958008,-7.63532,0.0,0.0,0.0,0.0,0.0,0.0,0.0,9.66797,-8.96355,0.0178673,0.140658,IncreaseAccelerometer,extended
17.9902,176,-6.38033,-0.191602,-7.89398,0.0,0.0,0.0,0.0,0.0,0.0,0.0,5.625,-18.2782,0.0178673,0.140658,IncreaseAccelerometer,extended
18.109,177,-6.54319,-0.249082,-8.08559,0.0,0.0,0.0,0.0,0.0,0.0,0.0,0.527344,-27.6939,0.0178673,0.140658,IncreaseAccelerometer,extended
18.2348,178,-6.54319,-0.172441,-8.18139,0.0,0.0,0.0,0.0,0.0,0.0,0.0,-3.86719,-32.5741,0.0178673,0.140658,IncreaseAccelerometer,extended
18.3448,179,-6.47613,-0.153281,-8.06643,0.0,0.0,0.0,0.0,0.0,0.0,0.0,-8.4375,-37.7062,0.0178673,0.140658,IncreaseAccelerometer,extended
18.465,180,-6.34201,-0.191602,-7.85566,0.0,0.0,0.0,0.0,0.0,0.0,0.0,-12.1289,-37.164,0.0178673,0.140658,IncreaseAccelerometer,extended
18.5795,181,-6.07377,-0.153281,-7.597,0.0,0.0,0.0,0.0,0.0,0.0,0.0,-15.1172,-35.1965,0.0178673,0.140658,IncreaseAccelerometer,extended
18.702,182,-5.88217,-0.153281,-7.44372,0.0,0.0,0.0,0.0,0.0,0.0,0.0,-16.5234,-28.7532,0.0178673,0.140658,IncreaseAccelerometer,extended
18.8084,183,-5.81511,-0.201182,-7.33834,0.0,0.0,0.0,0.0,0.0,0.0,0.0,-16.875,-22.6785,0.0178673,0.140658,IncreaseAccelerometer,extended
18.9101,184,-5.85343,-0.229922,-7.39582,0.0,0.0,0.0,0.0,0.0,0.0,0.0,-16.3477,-13.9929,0.0178673,0.140658,IncreaseAccelerometer,extended
19.0136,185,-5.96839,-0.210762,-7.52036,0.0,0.0,0.0,0.0,0.0,0.0,0.0,-14.5898,-4.48626,0.0178673,0.140658,IncreaseAccelerometer,extended
19.1174,186,-6.15041,-0.191602,-7.70238,0.0,0.0,0.0,0.0,0.0,0.0,0.0,-11.7773,6.20887,0.0178673,0.140658,IncreaseAccelerometer,extended
19.2299,187,-6.40907,-0.191602,-7.9323,0.0,0.0,0.0,0.0,0.0,0.0,0.0,-8.4375,15.3176,0.0178673,0.140658,IncreaseAccelerometer,extended
19.3344,188,-6.51445,-0.172441,-7.99937,0.0,0.0,0.0,0.0,0.0,0.0,0.0,-4.57031,23.3915,0.0178673,0.140658,IncreaseAccelerometer,extended
19.4374,189,-6.64857,-0.134121,-8.11433,0.0,0.0,0.0,0.0,0.0,0.0,0.0,2.28516,35.3378,0.0178673,0.140658,IncreaseAccelerometer,extended
19.604,190,-6.55277,-0.134121,-7.97063,0.0,0.0,0.0,0.0,0.0,0.0,0.0,6.15234,35.1282,0.0178673,0.140658,IncreaseAccelerometer,extended
19.708,191,-6.36117,-0.191602,-7.7407,0.0,0.0,0.0,0.0,0.0,0.0,0.0,9.66797,36.3108,0.0178673,0.140658,IncreaseAccelerometer,extended
19.8091,192,-6.15041,-0.201182,-7.4533,0.0,0.0,0.0,0.0,0.0,0.0,0.0,12.6562,36.4146,0.0178673,0.140658,IncreaseAccelerometer,extended
20.0407,193,-5.82469,-0.593965,-7.06052,0.0,0.0,0.0,0.0,0.0,0.0,0.0,15.9961,29.1197,0.0129973,0.143496,IncreaseAccelerometer,seated
20.1563,194,-6.26537,-0.124541,-7.2138,0.0,0.0,0.0,0.0,0.0,0.0,0.0,15.6445,18.5822,0.0129973,0.143496,IncreaseAccelerometer,seated
20.2564,195,-4.33978,0.364043,-9.46512,0.0,0.0,0.0,0.0,0.0,0.0,0.0,14.4141,12.6644,0.0129973,0.143496,IncreaseAccelerometer,seated
20.3676,196,3.67875,0.277822,-8.35383,0.0,0.0,0.0,0.0,0.0,0.0,0.0,11.9531,3.46481,0.0129973,0.143496,IncreaseAccelerometer,seated
20.4742,197,-4.26313,-0.756826,-9.6663,0.0,0.0,0.0,0.0,0.0,0.0,0.0,8.08594,-6.87199,0.0129973,0.143496,IncreaseAccelerometer,seated
20.5951,198,-1.80105,-0.162861,-10.107,0.0,0.0,0.0,0.0,0.0,0.0,0.0,-4.57031,-37.0967,0.0129973,0.143496,IncreaseAccelerometer,seated
20.9281,199,-1.53281,-0.182021,-10.0016,0.0,0.0,0.0,0.0,0.0,0.0,0.0,-8.4375,-31.2049,0.0129973,0.143496,IncreaseAccelerometer,seated
21.0326,200,-1.57113,-0.296982,-9.91538,0.0,0.0,0.0,0.0,0.0,0.0,0.0,-11.6016,-33.5171,0.0129973,0.143496,IncreaseAccelerometer,seated
21.1365,201,-1.58071,-0.277822,-9.7621,0.0,0.0,0.0,0.0,0.0,0.0,0.0,-14.2383,-34.0605,0.0129973,0.143496,IncreaseAccelerometer,seated
21.2451,202,-1.53281,-0.191602,-9.59924,0.0,0.0,0.0,0.0,0.0,0.0,0.0,-15.9961,-31.2377,0.0129973,0.143496,IncreaseAccelerometer,seated
21.3697,203,-1.46575,-0.325723,-9.39806,0.0,0.0,0.0,0.0,0.0,0.0,0.0,-16.1719,-14.978,0.0129973,0.143496,IncreaseAccelerometer,seated
21.4799,204,-1.47533,-0.344883,-9.35974,0.0,0.0,0.0,0.0,0.0,0.0,0.0,-15.4688,-12.7427,0.0129973,0.143496,IncreaseAccelerometer,seated
21.5836,205,-1.52323,-0.268242,-9.4268,0.0,0.0,0.0,0.0,0.0,0.0,0.0,-13.7109,-3.82841,0.0129973,0.143496,IncreaseAccelerometer,seated
21.6875,206,-1.59029,-0.306563,-9.84832,0.0,0.0,0.0,0.0,0.0,0.0,0.0,-10.7227,6.38037,0.0129973,0.143496,IncreaseAccelerometer,seated
21.7985,207,-1.72441,-0.258662,-10.0782,0.0,0.0,0.0,0.0,0.0,0.0,0.0,-7.55859,15.247,0.0129973,0.143496,IncreaseAccelerometer,seated
21.8988,208,-1.75315,-0.249082,-10.3752,0.0,0.0,0.0,0.0,0.0,0.0,0.0,-3.86719,23.2547,0.0129973,0.143496,IncreaseAccelerometer,seated
21.999,209,-1.80105,-0.239502,-10.4327,0.0,0.0,0.0,0.0,0.0,0.0,0.0,0.0,29.7991,0.0129973,0.143496,IncreaseAccelerometer,seated
22.099,210,-1.77231,-0.249082,-10.2603,0.0,0.0,0.0,0.0,0.0,0.0,0.0,3.86719,34.1017,0.0129973,0.143496,IncreaseAccelerometer,seated
22.1991,211,-1.69567,-0.249082,-10.1645,0.0,0.0,0.0,0.0,0.0,0.0,0.0,7.55859,35.7366,0.0129973,0.143496,IncreaseAccelerometer,seated
22.2992,212,-1.66693,-0.258662,-9.94412,0.0,0.0,0.0,0.0,0.0,0.0,0.0,10.7227,36.516,0.0129973,0.143496,IncreaseAccelerometer,seated
22.4859,213,-1.55197,-0.344883,-9.41722,0.0,0.0,0.0,0.0,0.0,0.0,0.0,14.7656,31.7361,0.0129973,0.143496,IncreaseAccelerometer,seated
22.5923,214,-1.53281,-0.277822,-9.18729,0.0,0.0,0.0,0.0,0.0,0.0,0.0,15.6445,26.3672,0.0129973,0.143496,IncreaseAccelerometer,seated
22.6934,215,-1.48491,-0.220342,-9.20646,0.0,0.0,0.0,0.0,0.0,0.0,0.0,15.4688,19.5187,0.0129973,0.143496,IncreaseAccelerometer,seated
22.7941,216,-1.53281,-0.229922,-9.32142,0.0,0.0,0.0,0.0,0.0,0.0,0.0,14.4141,11.5222,0.0129973,0.143496,IncreaseAccelerometer,seated
22.895,217,-1.50407,-0.220342,-9.58008,0.0,0.0,0.0,0.0,0.0,0.0,0.0,12.3047,2.65537,0.0129973,0.143496,IncreaseAccelerometer,seated
22.9987,218,-1.59987,-0.249082,-9.88664,0.0,0.0,0.0,0.0,0.0,0.0,0.0,9.66797,-9.94054,0.0129973,0.143496,IncreaseAccelerometer,seated
23.0988,219,-1.63819,-0.306563,-10.0399,0.0,0.0,0.0,0.0,0.0,0.0,0.0,6.32812,-18.3943,0.0129973,0.143496,IncreaseAccelerometer,seated
23.1988,220,-1.69567,-0.296982,-10.2411,0.0,0.0,0.0,0.0,0.0,0.0,0.0,2.46094,-25.7362,0.0129973,0.143496,IncreaseAccelerometer,seated
23.3015,221,-1.70525,-0.287402,-10.3369,0.0,0.0,0.0,0.0,0.0,0.0,0.0,-1.58203,-31.5222,0.0129973,0.143496,IncreaseAccelerometer,seated
23.4061,222,-1.67651,-0.258662,-10.3465,0.0,0.0,0.0,0.0,0.0,0.0,0.0,-5.44922,-34.7335,0.0129973,0.143496,IncreaseAccelerometer,seated
23.5096,223,-1.66693,-0.296982,-10.1836,0.0,0.0,0.0,0.0,0.0,0.0,0.0,-9.14062,-36.8171,0.0129973,0.143496,IncreaseAccelerometer,seated
23.682,224,-1.45617,-0.220342,-9.69504,0.0,0.0,0.0,0.0,0.0,0.0,0.0,-13.5352,-34.0569,0.0178673,0.140658,IncreaseAccelerometer,extended
23.7848,225,1.39869,-0.507744,-9.06275,0.0,0.0,0.0,0.0,0.0,0.0,0.0,-15.293,-30.297,0.0178673,0.140658,IncreaseAccelerometer,extended
23.8864,226,-6.86892,-0.498164,-8.01853,0.0,0.0,0.0,0.0,0.0,0.0,0.0,-15.9961,-24.6444,0.0178673,0.140658,IncreaseAccelerometer,extended
23.9871,227,-7.1659,-0.172441,-7.32876,0.0,0.0,0.0,0.0,0.0,0.0,0.0,-15.6445,-17.548,0.0178673,0.140658,IncreaseAccelerometer,extended
24.0895,228,-8.08559,-0.517324,-8.00895,0.0,0.0,0.0,0.0,0.0,0.0,0.0,-14.4141,-9.09384,0.0178673,0.140658,IncreaseAccelerometer,extended
24.1899,229,-5.70973,-0.373623,-7.9323,0.0,0.0,0.0,0.0,0.0,0.0,0.0,-12.3047,2.42298,0.0178673,0.140658,IncreaseAccelerometer,extended
24.2914,230,-6.26537,-0.0191602,-7.75028,0.0,0.0,0.0,0.0,0.0,0.0,0.0,-9.14062,12.1454,0.0178673,0.140658,IncreaseAccelerometer,extended
24.4036,231,-6.05461,-0.0958008,-7.6449,0.0,0.0,0.0,0.0,0.0,0.0,0.0,-5.625,20.0524,0.0178673,0.140658,IncreaseAccelerometer,extended
24.5116,232,-6.23663,-0.182021,-8.21971,0.0,0.0,0.0,0.0,0.0,0.0,0.0,-0.703125,28.4855,0.0178673,0.140658,IncreaseAccelerometer,extended
24.6389,233,-6.65815,-0.191602,-8.02811,0.0,0.0,0.0,0.0,0.0,0.0,0.0,3.16406,31.9961,0.0178673,0.140658,IncreaseAccelerometer,extended
24.7461,234,-6.24621,-0.191602,-7.73112,0.0,0.0,0.0,0.0,0.0,0.0,0.0,6.85547,34.4472,0.0178673,0.140658,IncreaseAccelerometer,extended
24.9245,235,-5.90133,-0.249082,-7.39582,0.0,0.0,0.0,0.0,0.0,0.0,0.0,11.9531,33.3162,0.0129973,0.143496,IncreaseAccelerometer,seated
