9.799e-05,0,-1.46575,-0.306563,-9.68546,0.0,0.0,0.0,0.0,0.0,0.0,0.0,-0.175781,0.0,0.0129973,0.143496,None,seated
0.150259,1,-1.49449,-0.258662,-9.64714,0.0,0.0,0.0,0.0,0.0,0.0,0.0,-0.175781,0.0,0.0129973,0.143496,Nothing,seated
0.300424,2,-1.46575,-0.277822,-9.65672,0.0,0.0,0.0,0.0,0.0,0.0,0.0,-0.175781,0.0,0.0129973,0.143496,Nothing,seated
0.450593,3,-1.46575,-0.277822,-9.63756,0.0,0.0,0.0,0.0,0.0,0.0,0.0,-0.175781,0.0,0.0129973,0.143496,Nothing,seated
0.600757,4,-1.48491,-0.277822,-9.70462,0.0,0.0,0.0,0.0,0.0,0.0,0.0,-0.175781,0.0,0.0129973,0.143496,Nothing,seated
0.750926,5,-1.50407,-0.277822,-9.64714,0.0,0.0,0.0,0.0,0.0,0.0,0.0,-0.175781,0.0,0.0129973,0.143496,Nothing,seated
0.901089,6,-1.57113,-0.268242,-9.62798,0.0,0.0,0.0,0.0,0.0,0.0,0.0,-0.175781,0.0,0.0129973,0.143496,Nothing,seated
1.05126,7,-1.83938,-0.239502,-9.55134,0.0,0.0,0.0,0.0,0.0,0.0,0.0,-0.351562,-0.234115,0.0129973,0.143496,Nothing,seated
1.20142,8,-2.0214,-0.392783,-9.58008,0.0,0.0,0.0,0.0,0.0,0.0,0.0,-0.878906,-0.936464,0.0129973,0.143496,Nothing,seated
1.35159,9,-2.0693,-0.258662,-9.58008,0.0,0.0,0.0,0.0,0.0,0.0,0.0,-1.75781,-2.10704,0.0129973,0.143496,Nothing,seated
1.50176,10,-2.3567,-0.0958008,-9.50344,0.0,0.0,0.0,0.0,0.0,0.0,0.0,-2.98828,-3.74583,0.0129973,0.143496,Nothing,seated
1.65193,11,-2.57704,-0.210762,-9.4268,0.0,0.0,0.0,0.0,0.0,0.0,0.0,-4.57031,-5.85282,0.0129973,0.143496,Nothing,seated
1.80209,12,-2.90276,-0.383203,-9.43638,0.0,0.0,0.0,0.0,0.0,0.0,0.0,-6.50391,-8.19396,0.0129973,0.143496,Nothing,seated
1.95226,13,-3.37219,-0.498164,-9.30226,0.0,0.0,0.0,0.0,0.0,0.0,0.0,-9.49219,-11.4716,0.0129973,0.143496,Nothing,seated
2.10239,14,-3.74581,-0.258662,-9.21604,0.0,0.0,0.0,0.0,0.0,0.0,0.0,-11.7773,-13.3451,0.0129973,0.143496,Nothing,seated
2.25256,15,-3.87035,-0.105381,-9.12982,0.0,0.0,0.0,0.0,0.0,0.0,0.0,-14.7656,-15.6865,0.0129973,0.143496,Nothing,seated
2.40271,16,-3.87035,-0.105381,-8.89989,0.0,0.0,0.0,0.0,0.0,0.0,0.0,-17.7539,-17.5597,0.0129973,0.143496,Nothing,seated
2.55288,17,-4.18649,-0.229922,-8.66039,0.0,0.0,0.0,0.0,0.0,0.0,0.0,-20.2148,-18.2622,0.0129973,0.143496,Nothing,seated
2.70303,18,-4.40684,-0.373623,-8.50711,0.0,0.0,0.0,0.0,0.0,0.0,0.0,-22.3242,-17.0918,0.0129973,0.143496,Nothing,seated
2.8532,19,-4.11943,-0.191602,-8.32509,0.0,0.0,0.0,0.0,0.0,0.0,0.0,-23.9062,-16.1545,0.0129973,0.143496,Nothing,seated
3.00337,20,-1.39869,0.134121,-8.92863,0.0,0.0,0.0,0.0,0.0,0.0,0.0,-23.9062,-12.1744,0.0129973,0.143496,Nothing,seated
3.1538,21,-1.43701,-0.153281,-9.38848,0.0,0.0,0.0,0.0,0.0,0.0,0.0,-20.5664,-3.74457,0.0129973,0.143496,Nothing,seated
3.30397,22,-1.70525,-0.814307,-10.2028,0.0,0.0,0.0,0.0,0.0,0.0,0.0,-14.2383,7.9572,0.0129973,0.143496,Nothing,seated
3.45413,23,-1.89686,-0.613125,-11.1129,0.0,0.0,0.0,0.0,0.0,0.0,0.0,-6.50391,21.063,0.0129973,0.143496,Nothing,seated
3.6043,24,-1.96392,-0.162861,-11.2566,0.0,0.0,0.0,0.0,0.0,0.0,0.0,2.10938,34.6368,0.0129973,0.143496,Nothing,seated
3.75446,25,-1.88728,0.0958008,-11.0171,0.0,0.0,0.0,0.0,0.0,0.0,0.0,10.5469,45.8703,0.0129973,0.143496,Nothing,seated
3.90463,26,-1.69567,0.114961,-10.0591,0.0,0.0,0.0,0.0,0.0,0.0,0.0,17.5781,50.8034,0.0129973,0.143496,Nothing,seated
4.0548,27,-1.54239,-0.488584,-9.16813,0.0,0.0,0.0,0.0,0.0,0.0,0.0,22.1484,48.462,0.0129973,0.143496,Nothing,seated
4.20493,28,-1.36995,-0.670605,-8.68913,0.0,0.0,0.0,0.0,0.0,0.0,0.0,23.5547,40.0354,0.0129973,0.143496,Nothing,seated
4.3551,29,-1.37953,-0.498164,-8.86157,0.0,0.0,0.0,0.0,0.0,0.0,0.0,22.1484,26.6902,0.0129973,0.143496,Nothing,seated
4.50527,30,-1.55197,-0.0191602,-9.69504,0.0,0.0,0.0,0.0,0.0,0.0,0.0,17.4023,9.13086,0.0129973,0.143496,Nothing,seated
4.65543,31,-1.70525,0.0958008,-10.4614,0.0,0.0,0.0,0.0,0.0,0.0,0.0,10.7227,-9.13082,0.0129973,0.143496,Nothing,seated
4.8056,32,-1.82021,-0.143701,-11.18,0.0,0.0,0.0,0.0,0.0,0.0,0.0,2.46094,-26.222,0.0129973,0.143496,Nothing,seated
4.95576,33,-1.80105,-0.517324,-11.2279,0.0,0.0,0.0,0.0,0.0,0.0,0.0,-5.97656,-39.3313,0.0129973,0.143496,Nothing,seated
5.10593,34,-1.72441,-0.593965,-10.6722,0.0,0.0,0.0,0.0,0.0,0.0,0.0,-13.7109,-47.7594,0.0129973,0.143496,Nothing,seated
5.2561,35,-1.55197,-0.258662,-9.8579,0.0,0.0,0.0,0.0,0.0,0.0,0.0,-19.8633,-49.6324,0.0129973,0.143496,Nothing,seated
5.40626,36,-1.39869,-0.0383203,-9.15856,0.0,0.0,0.0,0.0,0.0,0.0,0.0,-23.2031,-45.1844,0.0129973,0.143496,Nothing,seated
5.55643,37,-1.39869,-0.0958008,-8.97653,0.0,0.0,0.0,0.0,0.0,0.0,0.0,-23.3789,-34.4151,0.0129973,0.143496,Nothing,seated
5.70659,38,-1.43701,-0.316143,-9.35974,0.0,0.0,0.0,0.0,0.0,0.0,0.0,-20.3906,-19.1975,0.0129973,0.143496,Nothing,seated
5.85676,39,-1.66693,-0.584385,-10.107,0.0,0.0,0.0,0.0,0.0,0.0,0.0,-14.7656,-1.4047,0.0129973,0.143496,Nothing,seated
6.00693,40,-1.85854,-0.469424,-10.9213,0.0,0.0,0.0,0.0,0.0,0.0,0.0,-7.38281,16.6222,0.0129973,0.143496,Nothing,seated
6.15709,41,-1.9256,-0.134121,-11.1895,0.0,0.0,0.0,0.0,0.0,0.0,0.0,0.878906,32.0741,0.0129973,0.143496,Nothing,seated
6.30725,42,-1.86812,0.0191602,-10.9309,0.0,0.0,0.0,0.0,0.0,0.0,0.0,9.14062,43.3116,0.0129973,0.143496,Nothing,seated
6.45742,43,-1.71483,-0.172441,-10.1357,0.0,0.0,0.0,0.0,0.0,0.0,0.0,16.3477,48.9308,0.0129973,0.143496,Nothing,seated
6.60758,44,-1.55197,-0.392783,-9.31184,0.0,0.0,0.0,0.0,0.0,0.0,0.0,21.0938,47.76,0.0129973,0.143496,Nothing,seated
6.75775,45,-1.40827,-0.536484,-8.82325,0.0,0.0,0.0,0.0,0.0,0.0,0.0,22.8516,40.2684,0.0129973,0.143496,Nothing,seated
6.90792,46,-1.45617,-0.383203,-8.87115,0.0,0.0,0.0,0.0,0.0,0.0,0.0,21.7969,27.8599,0.0129973,0.143496,Nothing,seated
7.05808,47,-1.50407,-0.114961,-9.50344,0.0,0.0,0.0,0.0,0.0,0.0,0.0,17.5781,11.2376,0.0129973,0.143496,Nothing,seated
7.20824,48,-1.67651,-0.0862207,-10.4614,0.0,0.0,0.0,0.0,0.0,0.0,0.0,11.0742,-7.02349,0.0129973,0.143496,Nothing,seated
7.3584,49,-1.78189,-0.268242,-10.9883,0.0,0.0,0.0,0.0,0.0,0.0,0.0,3.16406,-23.8802,0.0129973,0.143496,Nothing,seated
7.50856,50,-1.8298,-0.450264,-11.1991,0.0,0.0,0.0,0.0,0.0,0.0,0.0,-4.92188,-36.9911,0.0129973,0.143496,Nothing,seated
7.65868,51,-1.74357,-0.402363,-10.7201,0.0,0.0,0.0,0.0,0.0,0.0,0.0,-12.6562,-45.8907,0.0129973,0.143496,Nothing,seated
7.80884,52,-1.59029,-0.210762,-9.68546,0.0,0.0,0.0,0.0,0.0,0.0,0.0,-20.3906,-50.5733,0.0129973,0.143496,Nothing,seated
7.95894,53,-1.45617,-0.0862207,-9.22562,0.0,0.0,0.0,0.0,0.0,0.0,0.0,-22.1484,-44.2559,0.0129973,0.143496,Nothing,seated
8.1091,54,-1.36995,-0.172441,-8.98611,0.0,0.0,0.0,0.0,0.0,0.0,0.0,-22.8516,-34.655,0.0129973,0.143496,Nothing,seated
8.25927,55,-1.46575,-0.440684,-9.331,0.0,0.0,0.0,0.0,0.0,0.0,0.0,-20.3906,-20.6054,0.0129973,0.143496,Nothing,seated
8.40944,56,-1.60945,-0.450264,-9.92496,0.0,0.0,0.0,0.0,0.0,0.0,0.0,-15.293,-3.51207,0.0129973,0.143496,Nothing,seated
8.55961,57,-1.73399,-0.335303,-10.768,0.0,0.0,0.0,0.0,0.0,0.0,0.0,-8.26172,16.1554,0.0129973,0.143496,Nothing,seated
8.70977,58,-1.89686,-0.182021,-11.1129,0.0,0.0,0.0,0.0,0.0,0.0,0.0,0.0,29.4985,0.0129973,0.143496,Nothing,seated
8.85993,59,-1.8777,-0.0766406,-10.9117,0.0,0.0,0.0,0.0,0.0,0.0,0.0,8.08594,41.2047,0.0129973,0.143496,Nothing,seated
9.0101,60,-1.70525,-0.220342,-10.2315,0.0,0.0,0.0,0.0,0.0,0.0,0.0,15.1172,47.2918,0.0129973,0.143496,Nothing,seated
9.16026,61,-1.54239,-0.440684,-9.3789,0.0,0.0,0.0,0.0,0.0,0.0,0.0,20.0391,47.0577,0.0129973,0.143496,Nothing,seated
9.31043,62,-1.44659,-0.459844,-8.93821,0.0,0.0,0.0,0.0,0.0,0.0,0.0,22.1484,40.5025,0.0129973,0.143496,Nothing,seated
9.4606,63,-1.37953,-0.239502,-8.87115,0.0,0.0,0.0,0.0,0.0,0.0,0.0,21.4453,28.5623,0.0129973,0.143496,Nothing,seated
9.61076,64,-1.47533,-0.143701,-9.39806,0.0,0.0,0.0,0.0,0.0,0.0,0.0,17.7539,12.8763,0.0129973,0.143496,Nothing,seated
9.76093,65,-1.61903,-0.191602,-10.2603,0.0,0.0,0.0,0.0,0.0,0.0,0.0,11.7773,-4.44819,0.0129973,0.143496,Nothing,seated
9.91109,66,-1.78189,-0.354463,-10.8638,0.0,0.0,0.0,0.0,0.0,0.0,0.0,4.21875,-21.0704,0.0129973,0.143496,Nothing,seated
10.0613,67,-1.80105,-0.402363,-11.0363,0.0,0.0,0.0,0.0,0.0,0.0,0.0,-4.21875,-35.1172,0.0129973,0.143496,Nothing,seated
10.2114,68,-1.74357,-0.325723,-10.7393,0.0,0.0,0.0,0.0,0.0,0.0,0.0,-11.6016,-44.0138,0.0129973,0.143496,Nothing,seated
10.3616,69,-1.60945,-0.172441,-10.0016,0.0,0.0,0.0,0.0,0.0,0.0,0.0,-17.5781,-47.0572,0.0129973,0.143496,Nothing,seated
10.5118,70,-1.46575,-0.153281,-9.36932,0.0,0.0,0.0,0.0,0.0,0.0,0.0,-21.4453,-44.2479,0.0129973,0.143496,Nothing,seated
10.6619,71,-1.40827,-0.287402,-9.01485,0.0,0.0,0.0,0.0,0.0,0.0,0.0,-22.1484,-35.1171,0.0129973,0.143496,Nothing,seated
10.8121,72,-1.45617,-0.383203,-9.25436,0.0,0.0,0.0,0.0,0.0,0.0,0.0,-20.2148,-21.3046,0.0129973,0.143496,Nothing,seated
10.9623,73,-1.58071,-0.383203,-9.94412,0.0,0.0,0.0,0.0,0.0,0.0,0.0,-15.4688,-5.1505,0.0129973,0.143496,Nothing,seated
11.1124,74,-1.75315,-0.249082,-10.586,0.0,0.0,0.0,0.0,0.0,0.0,0.0,-8.78906,11.7055,0.0129973,0.143496,Nothing,seated
11.2626,75,-1.86812,-0.143701,-11.0363,0.0,0.0,0.0,0.0,0.0,0.0,0.0,-0.878906,27.391,0.0129973,0.143496,Nothing,seated
11.4128,76,-1.8298,-0.172441,-10.9309,0.0,0.0,0.0,0.0,0.0,0.0,0.0,7.03125,38.8628,0.0129973,0.143496,Nothing,seated
11.5629,77,-1.76273,-0.277822,-10.3369,0.0,0.0,0.0,0.0,0.0,0.0,0.0,13.8867,45.4184,0.0129973,0.143496,Nothing,seated
11.7131,78,-1.53281,-0.421523,-9.50344,0.0,0.0,0.0,0.0,0.0,0.0,0.0,19.1602,46.121,0.0129973,0.143496,Nothing,seated
11.8633,79,-1.43701,-0.344883,-8.93821,0.0,0.0,0.0,0.0,0.0,0.0,0.0,21.4453,40.2687,0.0129973,0.143496,Nothing,seated
12.0134,80,-1.43701,-0.220342,-8.89031,0.0,0.0,0.0,0.0,0.0,0.0,0.0,21.0938,29.2651,0.0129973,0.143496,Nothing,seated
12.1636,81,-1.47533,-0.191602,-9.38848,0.0,0.0,0.0,0.0,0.0,0.0,0.0,17.7539,14.2813,0.0129973,0.143496,Nothing,seated
12.3138,82,-1.59029,-0.229922,-10.0878,0.0,0.0,0.0,0.0,0.0,0.0,0.0,12.1289,-2.34117,0.0129973,0.143496,Nothing,seated
12.4639,83,-1.71483,-0.335303,-10.8159,0.0,0.0,0.0,0.0,0.0,0.0,0.0,4.92188,-18.9634,0.0129973,0.143496,Nothing,seated
12.6141,84,-1.74357,-0.354463,-10.9883,0.0,0.0,0.0,0.0,0.0,0.0,0.0,-3.16406,-32.7761,0.0129973,0.143496,Nothing,seated
12.7643,85,-1.74357,-0.277822,-10.7297,0.0,0.0,0.0,0.0,0.0,0.0,0.0,-10.5469,-42.1406,0.0129973,0.143496,Nothing,seated
12.9144,86,-1.57113,-0.182021,-10.0495,0.0,0.0,0.0,0.0,0.0,0.0,0.0,-16.6992,-45.8868,0.0129973,0.143496,Nothing,seated
13.0646,87,-1.47533,-0.182021,-9.38848,0.0,0.0,0.0,0.0,0.0,0.0,0.0,-20.5664,-43.5453,0.0129973,0.143496,Nothing,seated
13.2148,88,-1.39869,-0.306563,-9.09149,0.0,0.0,0.0,0.0,0.0,0.0,0.0,-21.6211,-35.3514,0.0129973,0.143496,Nothing,seated
13.3649,89,-1.41785,-0.364043,-9.27352,0.0,0.0,0.0,0.0,0.0,0.0,0.0,-20.0391,-22.475,0.0129973,0.143496,Nothing,seated
13.5151,90,-1.61903,-0.354463,-9.8579,0.0,0.0,0.0,0.0,0.0,0.0,0.0,-15.6445,-6.78935,0.0129973,0.143496,Nothing,seated
13.6653,91,-1.70525,-0.249082,-10.4998,0.0,0.0,0.0,0.0,0.0,0.0,0.0,-9.31641,9.83278,0.0129973,0.143496,Nothing,seated
13.8154,92,-1.8777,-0.143701,-10.95,0.0,0.0,0.0,0.0,0.0,0.0,0.0,-1.75781,25.0503,0.0129973,0.143496,Nothing,seated
13.9656,93,-1.84896,-0.191602,-10.883,0.0,0.0,0.0,0.0,0.0,0.0,0.0,6.15234,36.99,0.0129973,0.143496,Nothing,seated
14.1158,94,-1.75315,-0.325723,-10.3177,0.0,0.0,0.0,0.0,0.0,0.0,0.0,13.0078,44.0137,0.0129973,0.143496,Nothing,seated
14.2659,95,-1.59029,-0.354463,-9.62798,0.0,0.0,0.0,0.0,0.0,0.0,0.0,18.1055,44.95,0.0129973,0.143496,Nothing,seated
14.4161,96,-1.41785,-0.287402,-9.01485,0.0,0.0,0.0,0.0,0.0,0.0,0.0,20.7422,40.0337,0.0129973,0.143496,Nothing,seated
14.5663,97,-1.39869,-0.249082,-8.93821,0.0,0.0,0.0,0.0,0.0,0.0,0.0,20.7422,29.9667,0.0129973,0.143496,Nothing,seated
14.7164,98,-1.49449,-0.191602,-9.35974,0.0,0.0,0.0,0.0,0.0,0.0,0.0,17.7539,15.4516,0.0129973,0.143496,Nothing,seated
14.8666,99,-1.59987,-0.239502,-10.0112,0.0,0.0,0.0,0.0,0.0,0.0,0.0,12.4805,-0.702348,0.0129973,0.143496,Nothing,seated
15.0168,100,-1.72441,-0.364043,-10.653,0.0,0.0,0.0,0.0,0.0,0.0,0.0,5.44922,-16.8563,0.0129973,0.143496,Nothing,seated
15.1669,101,-1.80105,-0.296982,-10.9213,0.0,0.0,0.0,0.0,0.0,0.0,0.0,-2.10938,-30.4349,0.0129973,0.143496,Nothing,seated
15.3171,102,-1.76273,-0.220342,-10.7009,0.0,0.0,0.0,0.0,0.0,0.0,0.0,-9.66797,-40.5018,0.0129973,0.143496,Nothing,seated
15.4672,103,-1.64777,-0.172441,-10.1166,0.0,0.0,0.0,0.0,0.0,0.0,0.0,-15.8203,-44.7159,0.0129973,0.143496,Nothing,seated
15.6174,104,-1.46575,-0.249082,-9.39806,0.0,0.0,0.0,0.0,0.0,0.0,0.0,-19.8633,-43.0769,0.0129973,0.143496,Nothing,seated
15.7676,105,-1.41785,-0.316143,-9.10107,0.0,0.0,0.0,0.0,0.0,0.0,0.0,-21.0938,-35.3516,0.0129973,0.143496,Nothing,seated
15.9177,106,-1.44659,-0.364043,-9.24478,0.0,0.0,0.0,0.0,0.0,0.0,0.0,-19.6875,-23.4118,0.0129973,0.143496,Nothing,seated
16.0679,107,-1.54239,-0.335303,-9.69504,0.0,0.0,0.0,0.0,0.0,0.0,0.0,-15.8203,-8.19404,0.0129973,0.143496,Nothing,seated
16.2181,108,-1.71483,-0.229922,-10.4327,0.0,0.0,0.0,0.0,0.0,0.0,0.0,-9.49219,8.42814,0.0129973,0.143496,Nothing,seated
16.3682,109,-1.81063,-0.191602,-10.8638,0.0,0.0,0.0,0.0,0.0,0.0,0.0,-2.28516,23.4118,0.0129973,0.143496,Nothing,seated
16.5184,110,-1.83938,-0.239502,-10.7872,0.0,0.0,0.0,0.0,0.0,0.0,0.0,5.625,35.5857,0.0129973,0.143496,Nothing,seated
16.6686,111,-1.73399,-0.335303,-10.3177,0.0,0.0,0.0,0.0,0.0,0.0,0.0,12.3047,42.6094,0.0129973,0.143496,Nothing,seated
16.8187,112,-1.59029,-0.344883,-9.64714,0.0,0.0,0.0,0.0,0.0,0.0,0.0,17.4023,44.249,0.0129973,0.143496,Nothing,seated
16.9689,113,-1.44659,-0.306563,-9.11065,0.0,0.0,0.0,0.0,0.0,0.0,0.0,20.0391,39.3325,0.0129973,0.143496,Nothing,seated
17.1191,114,-1.41785,-0.239502,-8.93821,0.0,0.0,0.0,0.0,0.0,0.0,0.0,20.2148,29.9674,0.0129973,0.143496,Nothing,seated
17.2692,115,-1.45617,-0.258662,-9.2831,0.0,0.0,0.0,0.0,0.0,0.0,0.0,17.5781,15.9203,0.0129973,0.143496,Nothing,seated
17.4194,116,-1.56155,-0.268242,-10.0016,0.0,0.0,0.0,0.0,0.0,0.0,0.0,12.4805,0.234119,0.0129973,0.143496,Nothing,seated
17.5695,117,-1.67651,-0.316143,-10.6147,0.0,0.0,0.0,0.0,0.0,0.0,0.0,5.97656,-15.2178,0.0129973,0.143496,Nothing,seated
17.7197,118,-1.80105,-0.325723,-10.8926,0.0,0.0,0.0,0.0,0.0,0.0,0.0,-1.58203,-28.7964,0.0129973,0.143496,Nothing,seated
17.8699,119,-1.75315,-0.229922,-10.6818,0.0,0.0,0.0,0.0,0.0,0.0,0.0,-8.78906,-38.6299,0.0129973,0.143496,Nothing,seated
18.02,120,-1.64777,-0.210762,-10.1357,0.0,0.0,0.0,0.0,0.0,0.0,0.0,-14.9414,-43.317,0.0129973,0.143496,Nothing,seated
18.1701,121,-1.48491,-0.239502,-9.55134,0.0,0.0,0.0,0.0,0.0,0.0,0.0,-18.9844,-41.912,0.0129973,0.143496,Nothing,seated
18.3203,122,-1.37953,-0.296982,-9.12982,0.0,0.0,0.0,0.0,0.0,0.0,0.0,-20.5664,-35.3556,0.0129973,0.143496,Nothing,seated
18.4705,123,-1.42743,-0.335303,-9.24478,0.0,0.0,0.0,0.0,0.0,0.0,0.0,-19.5117,-23.8828,0.0129973,0.143496,Nothing,seated
18.6206,124,-1.50407,-0.335303,-9.74294,0.0,0.0,0.0,0.0,0.0,0.0,0.0,-15.6445,-9.13158,0.0129973,0.143496,Nothing,seated
18.7708,125,-1.67651,-0.229922,-10.2698,0.0,0.0,0.0,0.0,0.0,0.0,0.0,-10.0195,6.55523,0.0129973,0.143496,Nothing,seated
18.9209,126,-1.80105,-0.210762,-10.8063,0.0,0.0,0.0,0.0,0.0,0.0,0.0,-2.8125,21.5393,0.0129973,0.143496,Nothing,seated
19.0711,127,-1.83938,-0.220342,-10.7872,0.0,0.0,0.0,0.0,0.0,0.0,0.0,4.57031,33.4796,0.0129973,0.143496,Nothing,seated
19.2213,128,-1.73399,-0.296982,-10.2986,0.0,0.0,0.0,0.0,0.0,0.0,0.0,11.7773,41.6739,0.0129973,0.143496,Nothing,seated
19.3714,129,-1.56155,-0.325723,-9.6663,0.0,0.0,0.0,0.0,0.0,0.0,0.0,16.5234,42.8452,0.0129973,0.143496,Nothing,seated
19.5216,130,-1.46575,-0.258662,-9.17772,0.0,0.0,0.0,0.0,0.0,0.0,0.0,19.5117,39.3332,0.0129973,0.143496,Nothing,seated
19.6717,131,-1.44659,-0.229922,-8.98611,0.0,0.0,0.0,0.0,0.0,0.0,0.0,19.6875,29.9675,0.0129973,0.143496,Nothing,seated
19.8219,132,-1.43701,-0.201182,-9.17772,0.0,0.0,0.0,0.0,0.0,0.0,0.0,17.4023,17.0907,0.0129973,0.143496,Nothing,seated
19.9721,133,-1.59029,-0.287402,-9.88664,0.0,0.0,0.0,0.0,0.0,0.0,0.0,12.6562,1.17059,0.0129973,0.143496,Nothing,seated
20.1222,134,-1.69567,-0.325723,-10.5477,0.0,0.0,0.0,0.0,0.0,0.0,0.0,6.32812,-13.5787,0.0129973,0.143496,Nothing,seated
20.2724,135,-1.73399,-0.296982,-10.8063,0.0,0.0,0.0,0.0,0.0,0.0,0.0,-1.05469,-27.3916,0.0129973,0.143496,Nothing,seated
20.4226,136,-1.76273,-0.239502,-10.6914,0.0,0.0,0.0,0.0,0.0,0.0,0.0,-8.08594,-36.9905,0.0129973,0.143496,Nothing,seated
20.5727,137,-1.59029,-0.201182,-10.1261,0.0,0.0,0.0,0.0,0.0,0.0,0.0,-14.0625,-41.9073,0.0129973,0.143496,Nothing,seated
20.7229,138,-1.46575,-0.249082,-9.6184,0.0,0.0,0.0,0.0,0.0,0.0,0.0,-18.2812,-41.2048,0.0129973,0.143496,Nothing,seated
20.8731,139,-1.40827,-0.296982,-9.20646,0.0,0.0,0.0,0.0,0.0,0.0,0.0,-20.0391,-35.1177,0.0129973,0.143496,Nothing,seated
21.0232,140,-1.36037,-0.383203,-9.20646,0.0,0.0,0.0,0.0,0.0,0.0,0.0,-19.1602,-24.1142,0.0129973,0.143496,Nothing,seated
21.1734,141,-1.51365,-0.325723,-9.70462,0.0,0.0,0.0,0.0,0.0,0.0,0.0,-15.6445,-10.0671,0.0129973,0.143496,Nothing,seated
21.3236,142,-1.65735,-0.287402,-10.2603,0.0,0.0,0.0,0.0,0.0,0.0,0.0,-10.1953,5.15058,0.0129973,0.143496,Nothing,seated
21.4737,143,-1.80105,-0.220342,-10.7297,0.0,0.0,0.0,0.0,0.0,0.0,0.0,-3.33984,19.9001,0.0129973,0.143496,Nothing,seated
21.6239,144,-1.80105,-0.249082,-10.7297,0.0,0.0,0.0,0.0,0.0,0.0,0.0,4.04297,32.0736,0.0129973,0.143496,Nothing,seated
21.7741,145,-1.72441,-0.268242,-10.3752,0.0,0.0,0.0,0.0,0.0,0.0,0.0,10.5469,39.5653,0.0129973,0.143496,Nothing,seated
21.9241,146,-1.59987,-0.335303,-9.7621,0.0,0.0,0.0,0.0,0.0,0.0,0.0,15.8203,41.9111,0.0129973,0.143496,IncreaseAccelerometer,seated
22.0742,147,-1.46575,-0.287402,-9.18729,0.0,0.0,0.0,0.0,0.0,0.0,0.0,18.8086,38.6374,0.0129973,0.143496,IncreaseAccelerometer,seated
22.2243,148,-1.41785,-0.239502,-9.01485,0.0,0.0,0.0,0.0,0.0,0.0,0.0,19.3359,30.2109,0.0129973,0.143496,IncreaseAccelerometer,seated
22.3744,149,-1.47533,-0.229922,-9.29268,0.0,0.0,0.0,0.0,0.0,0.0,0.0,17.2266,17.5668,0.0129973,0.143496,IncreaseAccelerometer,seated
22.5245,150,-1.56155,-0.258662,-9.73336,0.0,0.0,0.0,0.0,0.0,0.0,0.0,12.6562,2.81098,0.0129973,0.143496,IncreaseAccelerometer,seated
22.6746,151,-1.67651,-0.325723,-10.3848,0.0,0.0,0.0,0.0,0.0,0.0,0.0,6.67969,-12.1808,0.0129973,0.143496,IncreaseAccelerometer,seated
22.8246,152,-1.74357,-0.325723,-10.7393,0.0,0.0,0.0,0.0,0.0,0.0,0.0,-0.351562,-25.5336,0.0129973,0.143496,IncreaseAccelerometer,seated
22.9747,153,-1.72441,-0.249082,-10.6243,0.0,0.0,0.0,0.0,0.0,0.0,0.0,-7.38281,-35.6069,0.0129973,0.143496,IncreaseAccelerometer,seated
23.1248,154,-1.62861,-0.220342,-10.1645,0.0,0.0,0.0,0.0,0.0,0.0,0.0,-13.3594,-40.7604,0.0129973,0.143496,IncreaseAccelerometer,seated
23.2749,155,-1.50407,-0.258662,-9.59924,0.0,0.0,0.0,0.0,0.0,0.0,0.0,-17.5781,-40.2922,0.0129973,0.143496,IncreaseAccelerometer,seated
23.4249,156,-1.42743,-0.325723,-9.21604,0.0,0.0,0.0,0.0,0.0,0.0,0.0,-19.5117,-34.9051,0.0129973,0.143496,IncreaseAccelerometer,seated
23.575,157,-1.40827,-0.354463,-9.24478,0.0,0.0,0.0,0.0,0.0,0.0,0.0,-18.8086,-24.5974,0.0129973,0.143496,IncreaseAccelerometer,seated
23.7251,158,-1.50407,-0.316143,-9.58008,0.0,0.0,0.0,0.0,0.0,0.0,0.0,-15.6445,-11.0102,0.0129973,0.143496,IncreaseAccelerometer,seated
23.8751,159,-1.65735,-0.249082,-10.2028,0.0,0.0,0.0,0.0,0.0,0.0,0.0,-10.3711,3.98249,0.0129973,0.143496,IncreaseAccelerometer,seated
24.0526,160,-1.80105,-0.258662,-10.6914,0.0,0.0,0.0,0.0,0.0,0.0,0.0,-2.46094,19.4359,0.0129973,0.143496,IncreaseAccelerometer,seated
24.2027,161,-1.77231,-0.268242,-10.6435,0.0,0.0,0.0,0.0,0.0,0.0,0.0,4.57031,30.962,0.0129973,0.143496,IncreaseAccelerometer,seated
24.3528,162,-1.72441,-0.296982,-10.2603,0.0,0.0,0.0,0.0,0.0,0.0,0.0,10.8984,38.1939,0.0129973,0.143496,IncreaseAccelerometer,seated
24.5028,163,-1.61903,-0.364043,-9.6663,0.0,0.0,0.0,0.0,0.0,0.0,0.0,15.8203,40.4541,0.0129973,0.143496,IncreaseAccelerometer,seated
24.6529,164,-1.49449,-0.287402,-9.18729,0.0,0.0,0.0,0.0,0.0,0.0,0.0,18.6328,37.29,0.0129973,0.143496,IncreaseAccelerometer,seated
24.803,165,-1.42743,-0.249082,-9.03401,0.0,0.0,0.0,0.0,0.0,0.0,0.0,18.8086,28.3466,0.0129973,0.143496,IncreaseAccelerometer,seated
24.9531,166,-1.48491,-0.229922,-9.32142,0.0,0.0,0.0,0.0,0.0,0.0,0.0,16.5234,15.93,0.0129973,0.143496,IncreaseAccelerometer,seated
25.1031,167,-1.60945,-0.325723,-9.89622,0.0,0.0,0.0,0.0,0.0,0.0,0.0,11.7773,1.1713,0.0129973,0.143496,IncreaseAccelerometer,seated
25.2532,168,-1.65735,-0.296982,-10.3465,0.0,0.0,0.0,0.0,0.0,0.0,0.0,5.80078,-13.3526,0.0129973,0.143496,IncreaseAccelerometer,seated
25.4033,169,-1.69567,-0.277822,-10.6818,0.0,0.0,0.0,0.0,0.0,0.0,0.0,-1.58203,-26.9397,0.0129973,0.143496,IncreaseAccelerometer,seated
25.5534,170,-1.69567,-0.258662,-10.586,0.0,0.0,0.0,0.0,0.0,0.0,0.0,-7.91016,-35.6071,0.0129973,0.143496,IncreaseAccelerometer,seated
25.7034,171,-1.61903,-0.239502,-10.107,0.0,0.0,0.0,0.0,0.0,0.0,0.0,-13.7109,-40.2923,0.0129973,0.143496,IncreaseAccelerometer,seated
25.8535,172,-1.53281,-0.277822,-9.54176,0.0,0.0,0.0,0.0,0.0,0.0,0.0,-17.4023,-38.8868,0.0129973,0.143496,IncreaseAccelerometer,seated
26.0036,173,-1.43701,-0.287402,-9.2352,0.0,0.0,0.0,0.0,0.0,0.0,0.0,-18.9844,-33.0309,0.0129973,0.143496,IncreaseAccelerometer,seated
26.1544,174,-1.46575,-0.306563,-9.31184,0.0,0.0,0.0,0.0,0.0,0.0,0.0,-18.1055,-21.9977,0.0129973,0.143496,IncreaseAccelerometer,seated
26.3045,175,-1.54239,-0.296982,-9.67588,0.0,0.0,0.0,0.0,0.0,0.0,0.0,-14.7656,-9.12673,0.0129973,0.143496,IncreaseAccelerometer,seated
26.4546,176,-1.63819,-0.277822,-10.1645,0.0,0.0,0.0,0.0,0.0,0.0,0.0,-9.49219,5.61654,0.0129973,0.143496,IncreaseAccelerometer,seated
26.6349,177,-1.77231,-0.268242,-10.6243,0.0,0.0,0.0,0.0,0.0,0.0,0.0,-1.58203,20.2478,0.0129973,0.143496,IncreaseAccelerometer,seated
