0.000105858,0,-1.59029,-0.287402,-9.60882,0.0,0.0,0.0,0.0,0.0,0.0,0.0,0.175781,0.0,0.0129973,0.143496,None,seated
0.150266,1,-1.62861,-0.277822,-9.6184,0.0,0.0,0.0,0.0,0.0,0.0,0.0,0.175781,0.0,0.0129973,0.143496,Nothing,seated
0.300434,2,-1.60945,-0.277822,-9.6184,0.0,0.0,0.0,0.0,0.0,0.0,0.0,0.175781,0.0,0.0129973,0.143496,Nothing,seated
0.450604,3,-1.59029,-0.287402,-9.64714,0.0,0.0,0.0,0.0,0.0,0.0,0.0,0.175781,0.0,0.0129973,0.143496,Nothing,seated
0.600768,4,-1.93518,-0.306563,-9.55134,0.0,0.0,0.0,0.0,0.0,0.0,0.0,0.175781,0.0,0.0129973,0.143496,Nothing,seated
0.750939,5,-2.5483,-0.344883,-9.48428,0.0,0.0,0.0,0.0,0.0,0.0,0.0,-0.351562,-0.702345,0.0129973,0.143496,Nothing,seated
0.901106,6,-2.73032,-0.220342,-9.39806,0.0,0.0,0.0,0.0,0.0,0.0,0.0,-1.58203,-2.34113,0.0129973,0.143496,Nothing,seated
1.05124,7,-3.03688,-0.249082,-9.45554,0.0,0.0,0.0,0.0,0.0,0.0,0.0,-3.51562,-4.91657,0.0129973,0.143496,Nothing,seated
1.20141,8,-3.16143,-0.258662,-9.46512,0.0,0.0,0.0,0.0,0.0,0.0,0.0,-6.32812,-8.66261,0.0129973,0.143496,Nothing,seated
1.35157,9,-3.41051,-0.296982,-9.35974,0.0,0.0,0.0,0.0,0.0,0.0,0.0,-9.49219,-12.8769,0.0129973,0.143496,Nothing,seated
1.50173,10,-3.50631,-0.325723,-9.26394,0.0,0.0,0.0,0.0,0.0,0.0,0.0,-12.4805,-16.1548,0.0129973,0.143496,Nothing,seated
1.6519,11,-4.07153,-0.229922,-9.09149,0.0,0.0,0.0,0.0,0.0,0.0,0.0,-15.9961,-19.1985,0.0129973,0.143496,Nothing,seated
1.80206,12,-4.58886,-0.277822,-8.77535,0.0,0.0,0.0,0.0,0.0,0.0,0.0,-19.1602,-20.8367,0.0129973,0.143496,Nothing,seated
1.95223,13,-4.88584,-0.277822,-8.50711,0.0,0.0,0.0,0.0,0.0,0.0,0.0,-22.1484,-21.0707,0.0129973,0.143496,Nothing,seated
2.10239,14,-4.99122,-0.316143,-8.25803,0.0,0.0,0.0,0.0,0.0,0.0,0.0,-25.1367,-20.8365,0.0129973,0.143496,Nothing,seated
2.25255,15,-4.01405,-0.249082,-8.21971,0.0,0.0,0.0,0.0,0.0,0.0,0.0,-27.0703,-19.4318,0.0129973,0.143496,Nothing,seated
2.40272,16,-1.09213,-0.0862207,-8.47837,0.0,0.0,0.0,0.0,0.0,0.0,0.0,-27.0703,-14.7495,0.0129973,0.143496,Nothing,seated
2.55288,17,-1.41785,-0.383203,-9.39806,0.0,0.0,0.0,0.0,0.0,0.0,0.0,-23.3789,-5.61883,0.0129973,0.143496,Nothing,seated
2.70305,18,-1.75315,-0.526904,-10.6626,0.0,0.0,0.0,0.0,0.0,0.0,0.0,-15.8203,8.42822,0.0129973,0.143496,Nothing,seated
2.8532,19,-2.05972,-0.450264,-11.3524,0.0,0.0,0.0,0.0,0.0,0.0,0.0,-8.08594,22.7098,0.0129973,0.143496,Nothing,seated
3.00324,20,-2.12678,-0.191602,-11.7835,0.0,0.0,0.0,0.0,0.0,0.0,0.0,1.93359,38.6362,0.0129973,0.143496,Nothing,seated
3.15341,21,-2.07888,-0.0191602,-11.429,0.0,0.0,0.0,0.0,0.0,0.0,0.0,11.7773,51.7493,0.0129973,0.143496,Nothing,seated
3.30357,22,-1.85854,-0.162861,-10.2507,0.0,0.0,0.0,0.0,0.0,0.0,0.0,19.6875,57.3694,0.0129973,0.143496,Nothing,seated
3.45374,23,-1.51365,-0.450264,-9.16813,0.0,0.0,0.0,0.0,0.0,0.0,0.0,25.3125,54.7938,0.0129973,0.143496,Nothing,seated
3.6039,24,-1.39869,-0.507744,-8.48795,0.0,0.0,0.0,0.0,0.0,0.0,0.0,27.2461,47.0657,0.0129973,0.143496,Nothing,seated
3.75405,25,-1.43701,-0.364043,-8.55501,0.0,0.0,0.0,0.0,0.0,0.0,0.0,25.6641,31.6067,0.0129973,0.143496,Nothing,seated
3.90421,26,-1.59029,-0.0862207,-9.4747,0.0,0.0,0.0,0.0,0.0,0.0,0.0,20.918,12.1745,0.0129973,0.143496,Nothing,seated
4.05424,27,-1.80105,-0.0958008,-10.6147,0.0,0.0,0.0,0.0,0.0,0.0,0.0,13.3594,-8.42994,0.0129973,0.143496,Nothing,seated
4.2044,28,-1.99266,-0.325723,-11.5344,0.0,0.0,0.0,0.0,0.0,0.0,0.0,4.39453,-27.8658,0.0129973,0.143496,Nothing,seated
4.35457,29,-2.00224,-0.440684,-11.6398,0.0,0.0,0.0,0.0,0.0,0.0,0.0,-6.15234,-44.4915,0.0129973,0.143496,Nothing,seated
4.50473,30,-1.88728,-0.364043,-10.9596,0.0,0.0,0.0,0.0,0.0,0.0,0.0,-14.4141,-53.3894,0.0129973,0.143496,Nothing,seated
4.65489,31,-1.68609,-0.201182,-10.1166,0.0,0.0,0.0,0.0,0.0,0.0,0.0,-21.6211,-56.6671,0.0129973,0.143496,Nothing,seated
4.80505,32,-1.47533,-0.124541,-9.11065,0.0,0.0,0.0,0.0,0.0,0.0,0.0,-25.6641,-51.975,0.0129973,0.143496,Nothing,seated
4.95523,33,-1.36995,-0.229922,-8.70829,0.0,0.0,0.0,0.0,0.0,0.0,0.0,-26.3672,-40.9706,0.0129973,0.143496,Nothing,seated
5.10539,34,-1.47533,-0.450264,-9.16813,0.0,0.0,0.0,0.0,0.0,0.0,0.0,-23.2031,-22.7097,0.0129973,0.143496,Nothing,seated
5.25554,35,-1.74357,-0.479004,-10.0591,0.0,0.0,0.0,0.0,0.0,0.0,0.0,-17.5781,-4.21416,0.0129973,0.143496,Nothing,seated
5.40571,36,-1.99266,-0.287402,-11.2949,0.0,0.0,0.0,0.0,0.0,0.0,0.0,-8.26172,17.7931,0.0129973,0.143496,Nothing,seated
5.55586,37,-2.1172,-0.0862207,-11.6398,0.0,0.0,0.0,0.0,0.0,0.0,0.0,0.175781,34.4164,0.0129973,0.143496,Nothing,seated
5.70602,38,-2.05014,-0.0862207,-11.3907,0.0,0.0,0.0,0.0,0.0,0.0,0.0,9.49219,47.7619,0.0129973,0.143496,Nothing,seated
5.85619,39,-1.84896,-0.277822,-10.5381,0.0,0.0,0.0,0.0,0.0,0.0,0.0,17.7539,54.551,0.0129973,0.143496,Nothing,seated
6.00625,40,-1.59029,-0.450264,-9.35016,0.0,0.0,0.0,0.0,0.0,0.0,0.0,23.5547,54.7923,0.0129973,0.143496,Nothing,seated
6.15641,41,-1.40827,-0.411943,-8.62207,0.0,0.0,0.0,0.0,0.0,0.0,0.0,26.3672,46.1284,0.0129973,0.143496,Nothing,seated
6.30658,42,-1.42743,-0.249082,-8.57417,0.0,0.0,0.0,0.0,0.0,0.0,0.0,25.4883,33.7174,0.0129973,0.143496,Nothing,seated
6.45675,43,-1.54239,-0.114961,-9.35974,0.0,0.0,0.0,0.0,0.0,0.0,0.0,21.4453,15.922,0.0129973,0.143496,Nothing,seated
6.60691,44,-1.72441,-0.182021,-10.2315,0.0,0.0,0.0,0.0,0.0,0.0,0.0,14.5898,-4.21467,0.0129973,0.143496,Nothing,seated
6.75708,45,-1.93518,-0.373623,-11.2853,0.0,0.0,0.0,0.0,0.0,0.0,0.0,5.97656,-23.4115,0.0129973,0.143496,Nothing,seated
6.90725,46,-1.9735,-0.459844,-11.5823,0.0,0.0,0.0,0.0,0.0,0.0,0.0,-3.51562,-39.7996,0.0129973,0.143496,Nothing,seated
7.05741,47,-1.90644,-0.258662,-11.1416,0.0,0.0,0.0,0.0,0.0,0.0,0.0,-12.6562,-50.803,0.0129973,0.143496,Nothing,seated
7.20758,48,-1.72441,-0.172441,-10.0591,0.0,0.0,0.0,0.0,0.0,0.0,0.0,-19.8633,-55.0172,0.0129973,0.143496,Nothing,seated
7.35775,49,-1.51365,-0.191602,-9.20646,0.0,0.0,0.0,0.0,0.0,0.0,0.0,-24.4336,-51.9737,0.0129973,0.143496,Nothing,seated
7.50792,50,-1.39869,-0.306563,-8.78493,0.0,0.0,0.0,0.0,0.0,0.0,0.0,-25.6641,-42.1406,0.0129973,0.143496,Nothing,seated
7.65808,51,-1.46575,-0.431104,-9.02443,0.0,0.0,0.0,0.0,0.0,0.0,0.0,-23.5547,-26.689,0.0129973,0.143496,Nothing,seated
7.80824,52,-1.66693,-0.421523,-9.84832,0.0,0.0,0.0,0.0,0.0,0.0,0.0,-18.2812,-7.49169,0.0129973,0.143496,Nothing,seated
7.95841,53,-1.85854,-0.239502,-10.9021,0.0,0.0,0.0,0.0,0.0,0.0,0.0,-10.5469,12.4082,0.0129973,0.143496,Nothing,seated
8.10858,54,-2.05972,-0.134121,-11.4386,0.0,0.0,0.0,0.0,0.0,0.0,0.0,-1.58203,30.435,0.0129973,0.143496,Nothing,seated
8.25875,55,-2.03098,-0.143701,-11.3716,0.0,0.0,0.0,0.0,0.0,0.0,0.0,7.91016,44.716,0.0129973,0.143496,Nothing,seated
8.40892,56,-1.84896,-0.335303,-10.5572,0.0,0.0,0.0,0.0,0.0,0.0,0.0,15.9961,52.6757,0.0129973,0.143496,Nothing,seated
8.55908,57,-1.63819,-0.450264,-9.4268,0.0,0.0,0.0,0.0,0.0,0.0,0.0,22.5,54.3142,0.0129973,0.143496,Nothing,seated
8.70924,58,-1.48491,-0.402363,-8.80409,0.0,0.0,0.0,0.0,0.0,0.0,0.0,25.3125,47.76,0.0129973,0.143496,Nothing,seated
8.8594,59,-1.45617,-0.191602,-8.64123,0.0,0.0,0.0,0.0,0.0,0.0,0.0,25.1367,35.5858,0.0129973,0.143496,Nothing,seated
9.00956,60,-1.53281,-0.143701,-9.2831,0.0,0.0,0.0,0.0,0.0,0.0,0.0,21.2695,17.7931,0.0129973,0.143496,Nothing,seated
9.15972,61,-1.67651,-0.229922,-10.2219,0.0,0.0,0.0,0.0,0.0,0.0,0.0,15.4688,-0.702371,0.0129973,0.143496,Nothing,seated
9.30989,62,-1.84896,-0.402363,-11.1033,0.0,0.0,0.0,0.0,0.0,0.0,0.0,7.03125,-20.6028,0.0129973,0.143496,Nothing,seated
9.46006,63,-1.98308,-0.411943,-11.4482,0.0,0.0,0.0,0.0,0.0,0.0,0.0,-2.10938,-36.5225,0.0129973,0.143496,Nothing,seated
9.61023,64,-1.91602,-0.287402,-11.1129,0.0,0.0,0.0,0.0,0.0,0.0,0.0,-11.25,-48.4624,0.0129973,0.143496,Nothing,seated
9.76039,65,-1.75315,-0.153281,-10.2794,0.0,0.0,0.0,0.0,0.0,0.0,0.0,-18.2812,-52.6767,0.0129973,0.143496,Nothing,seated
9.91055,66,-1.57113,-0.153281,-9.4268,0.0,0.0,0.0,0.0,0.0,0.0,0.0,-23.2031,-51.5056,0.0129973,0.143496,Nothing,seated
10.0607,67,-1.41785,-0.335303,-8.82325,0.0,0.0,0.0,0.0,0.0,0.0,0.0,-24.9609,-42.6097,0.0129973,0.143496,Nothing,seated
10.2109,68,-1.45617,-0.431104,-9.05317,0.0,0.0,0.0,0.0,0.0,0.0,0.0,-23.3789,-28.3291,0.0129973,0.143496,Nothing,seated
10.361,69,-1.59987,-0.364043,-9.69504,0.0,0.0,0.0,0.0,0.0,0.0,0.0,-18.6328,-9.83328,0.0129973,0.143496,Nothing,seated
10.5112,70,-1.83938,-0.249082,-10.586,0.0,0.0,0.0,0.0,0.0,0.0,0.0,-11.4258,9.13092,0.0129973,0.143496,Nothing,seated
10.6614,71,-2.04056,-0.114961,-11.3141,0.0,0.0,0.0,0.0,0.0,0.0,0.0,-2.98828,26.9243,0.0129973,0.143496,Nothing,seated
10.8115,72,-2.04056,-0.172441,-11.3428,0.0,0.0,0.0,0.0,0.0,0.0,0.0,6.15234,41.4406,0.0129973,0.143496,Nothing,seated
10.9617,73,-1.93518,-0.306563,-10.6243,0.0,0.0,0.0,0.0,0.0,0.0,0.0,14.4141,50.3363,0.0129973,0.143496,Nothing,seated
11.1118,74,-1.69567,-0.402363,-9.6663,0.0,0.0,0.0,0.0,0.0,0.0,0.0,20.7422,52.4436,0.0129973,0.143496,Nothing,seated
11.262,75,-1.47533,-0.344883,-8.89989,0.0,0.0,0.0,0.0,0.0,0.0,0.0,24.2578,47.5263,0.0129973,0.143496,Nothing,seated
11.4122,76,-1.40827,-0.229922,-8.64123,0.0,0.0,0.0,0.0,0.0,0.0,0.0,24.6094,36.7567,0.0129973,0.143496,Nothing,seated
11.5622,77,-1.51365,-0.201182,-9.14898,0.0,0.0,0.0,0.0,0.0,0.0,0.0,21.7969,20.8387,0.0129973,0.143496,Nothing,seated
11.7124,78,-1.63819,-0.258662,-9.93454,0.0,0.0,0.0,0.0,0.0,0.0,0.0,15.9961,2.10728,0.0129973,0.143496,Nothing,seated
11.8626,79,-1.83938,-0.354463,-10.9404,0.0,0.0,0.0,0.0,0.0,0.0,0.0,8.26172,-16.624,0.0129973,0.143496,Nothing,seated
12.0127,80,-1.94476,-0.373623,-11.3716,0.0,0.0,0.0,0.0,0.0,0.0,0.0,-0.703125,-33.2481,0.0129973,0.143496,Nothing,seated
12.1629,81,-1.90644,-0.268242,-11.18,0.0,0.0,0.0,0.0,0.0,0.0,0.0,-9.49219,-45.4234,0.0129973,0.143496,Nothing,seated
12.3131,82,-1.73399,-0.172441,-10.4902,0.0,0.0,0.0,0.0,0.0,0.0,0.0,-16.6992,-51.2709,0.0129973,0.143496,Nothing,seated
12.4632,83,-1.54239,-0.172441,-9.51302,0.0,0.0,0.0,0.0,0.0,0.0,0.0,-21.7969,-50.3351,0.0129973,0.143496,Nothing,seated
12.6134,84,-1.41785,-0.306563,-8.92863,0.0,0.0,0.0,0.0,0.0,0.0,0.0,-24.082,-43.0775,0.0129973,0.143496,Nothing,seated
12.7636,85,-1.43701,-0.411943,-8.97653,0.0,0.0,0.0,0.0,0.0,0.0,0.0,-23.0273,-29.7331,0.0129973,0.143496,Nothing,seated
12.9137,86,-1.60945,-0.383203,-9.62798,0.0,0.0,0.0,0.0,0.0,0.0,0.0,-18.9844,-12.6425,0.0129973,0.143496,Nothing,seated
13.0639,87,-1.78189,-0.220342,-10.586,0.0,0.0,0.0,0.0,0.0,0.0,0.0,-12.3047,5.853,0.0129973,0.143496,Nothing,seated
13.2141,88,-1.95434,-0.0958008,-11.1512,0.0,0.0,0.0,0.0,0.0,0.0,0.0,-3.86719,23.8799,0.0129973,0.143496,Nothing,seated
13.3642,89,-2.00224,-0.191602,-11.3045,0.0,0.0,0.0,0.0,0.0,0.0,0.0,4.74609,38.3952,0.0129973,0.143496,Nothing,seated
13.5144,90,-1.89686,-0.277822,-10.768,0.0,0.0,0.0,0.0,0.0,0.0,0.0,12.832,47.7593,0.0129973,0.143496,Nothing,seated
13.6646,91,-1.70525,-0.373623,-9.7621,0.0,0.0,0.0,0.0,0.0,0.0,0.0,19.3359,51.0366,0.0129973,0.143496,Nothing,seated
13.8147,92,-1.49449,-0.344883,-9.02443,0.0,0.0,0.0,0.0,0.0,0.0,0.0,23.2031,47.2908,0.0129973,0.143496,Nothing,seated
13.9649,93,-1.45617,-0.210762,-8.69871,0.0,0.0,0.0,0.0,0.0,0.0,0.0,24.082,37.2239,0.0129973,0.143496,Nothing,seated
14.1151,94,-1.51365,-0.162861,-8.97653,0.0,0.0,0.0,0.0,0.0,0.0,0.0,21.6211,22.4748,0.0129973,0.143496,Nothing,seated
14.2652,95,-1.60945,-0.239502,-9.7142,0.0,0.0,0.0,0.0,0.0,0.0,0.0,16.5234,4.91637,0.0129973,0.143496,Nothing,seated
14.4154,96,-1.82021,-0.335303,-10.7297,0.0,0.0,0.0,0.0,0.0,0.0,0.0,9.14062,-13.5786,0.0129973,0.143496,Nothing,seated
14.5656,97,-1.88728,-0.383203,-11.2279,0.0,0.0,0.0,0.0,0.0,0.0,0.0,0.703125,-29.9664,0.0129973,0.143496,Nothing,seated
14.7158,98,-1.8777,-0.239502,-11.1704,0.0,0.0,0.0,0.0,0.0,0.0,0.0,-8.08594,-42.8424,0.0129973,0.143496,Nothing,seated
14.8659,99,-1.75315,-0.172441,-10.4998,0.0,0.0,0.0,0.0,0.0,0.0,0.0,-15.4688,-49.3977,0.0129973,0.143496,Nothing,seated
15.0161,100,-1.59987,-0.210762,-9.70462,0.0,0.0,0.0,0.0,0.0,0.0,0.0,-20.7422,-49.6316,0.0129973,0.143496,Nothing,seated
15.1663,101,-1.43701,-0.306563,-9.07233,0.0,0.0,0.0,0.0,0.0,0.0,0.0,-23.2031,-43.0766,0.0129973,0.143496,Nothing,seated
15.3164,102,-1.44659,-0.421523,-8.98611,0.0,0.0,0.0,0.0,0.0,0.0,0.0,-22.6758,-31.1371,0.0129973,0.143496,Nothing,seated
15.4666,103,-1.58071,-0.364043,-9.48428,0.0,0.0,0.0,0.0,0.0,0.0,0.0,-19.1602,-14.7494,0.0129973,0.143496,Nothing,seated
15.6167,104,-1.73399,-0.239502,-10.3561,0.0,0.0,0.0,0.0,0.0,0.0,0.0,-13.0078,3.27762,0.0129973,0.143496,Nothing,seated
15.7669,105,-1.9256,-0.182021,-11.0363,0.0,0.0,0.0,0.0,0.0,0.0,0.0,-5.09766,20.8364,0.0129973,0.143496,Nothing,seated
15.9171,106,-1.99266,-0.162861,-11.18,0.0,0.0,0.0,0.0,0.0,0.0,0.0,3.51562,35.5857,0.0129973,0.143496,Nothing,seated
16.0672,107,-1.9256,-0.306563,-10.7393,0.0,0.0,0.0,0.0,0.0,0.0,0.0,11.9531,46.1211,0.0129973,0.143496,Nothing,seated
16.2174,108,-1.73399,-0.354463,-9.89622,0.0,0.0,0.0,0.0,0.0,0.0,0.0,18.2812,49.8672,0.0129973,0.143496,Nothing,seated
16.3676,109,-1.58071,-0.344883,-9.15856,0.0,0.0,0.0,0.0,0.0,0.0,0.0,22.1484,46.824,0.0129973,0.143496,Nothing,seated
16.5177,110,-1.45617,-0.220342,-8.73703,0.0,0.0,0.0,0.0,0.0,0.0,0.0,23.3789,37.9274,0.0129973,0.143496,Nothing,seated
16.6679,111,-1.48491,-0.172441,-8.99569,0.0,0.0,0.0,0.0,0.0,0.0,0.0,21.4453,23.8801,0.0129973,0.143496,Nothing,seated
16.8181,112,-1.60945,-0.258662,-9.77168,0.0,0.0,0.0,0.0,0.0,0.0,0.0,16.875,6.55535,0.0129973,0.143496,Nothing,seated
16.9682,113,-1.78189,-0.335303,-10.471,0.0,0.0,0.0,0.0,0.0,0.0,0.0,9.66797,-11.4717,0.0129973,0.143496,Nothing,seated
17.1184,114,-1.8777,-0.373623,-11.1033,0.0,0.0,0.0,0.0,0.0,0.0,0.0,1.40625,-27.6257,0.0129973,0.143496,Nothing,seated
17.2686,115,-1.89686,-0.287402,-11.1033,0.0,0.0,0.0,0.0,0.0,0.0,0.0,-6.85547,-40.2681,0.0129973,0.143496,Nothing,seated
17.4187,116,-1.82021,-0.191602,-10.4998,0.0,0.0,0.0,0.0,0.0,0.0,0.0,-14.0625,-47.2919,0.0129973,0.143496,Nothing,seated
17.5689,117,-1.58071,-0.201182,-9.73336,0.0,0.0,0.0,0.0,0.0,0.0,0.0,-19.6875,-48.6966,0.0129973,0.143496,Nothing,seated
17.719,118,-1.46575,-0.296982,-9.05317,0.0,0.0,0.0,0.0,0.0,0.0,0.0,-22.5,-42.844,0.0129973,0.143496,Nothing,seated
17.8692,119,-1.44659,-0.373623,-8.99569,0.0,0.0,0.0,0.0,0.0,0.0,0.0,-22.3242,-31.6057,0.0129973,0.143496,Nothing,seated
18.0194,120,-1.50407,-0.383203,-9.41722,0.0,0.0,0.0,0.0,0.0,0.0,0.0,-19.1602,-16.3881,0.0129973,0.143496,Nothing,seated
18.1696,121,-1.72441,-0.277822,-10.1549,0.0,0.0,0.0,0.0,0.0,0.0,0.0,-13.3594,0.936459,0.0129973,0.143496,Nothing,seated
18.3197,122,-1.88728,-0.191602,-10.9117,0.0,0.0,0.0,0.0,0.0,0.0,0.0,-5.97656,18.261,0.0129973,0.143496,Nothing,seated
18.4699,123,-1.9735,-0.201182,-11.1416,0.0,0.0,0.0,0.0,0.0,0.0,0.0,2.46094,33.2441,0.0129973,0.143496,Nothing,seated
18.62,124,-1.9256,-0.306563,-10.7009,0.0,0.0,0.0,0.0,0.0,0.0,0.0,10.5469,43.7798,0.0129973,0.143496,Nothing,seated
18.7702,125,-1.74357,-0.335303,-10.107,0.0,0.0,0.0,0.0,0.0,0.0,0.0,16.875,47.9935,0.0129973,0.143496,Nothing,seated
18.9204,126,-1.56155,-0.364043,-9.27352,0.0,0.0,0.0,0.0,0.0,0.0,0.0,21.2695,46.1206,0.0129973,0.143496,Nothing,seated
19.0706,127,-1.46575,-0.258662,-8.87115,0.0,0.0,0.0,0.0,0.0,0.0,0.0,22.8516,38.3947,0.0129973,0.143496,Nothing,seated
19.2207,128,-1.46575,-0.182021,-8.98611,0.0,0.0,0.0,0.0,0.0,0.0,0.0,21.2695,25.0502,0.0129973,0.143496,Nothing,seated
19.3709,129,-1.60945,-0.239502,-9.6184,0.0,0.0,0.0,0.0,0.0,0.0,0.0,17.0508,8.66226,0.0129973,0.143496,Nothing,seated
19.5211,130,-1.73399,-0.344883,-10.4806,0.0,0.0,0.0,0.0,0.0,0.0,0.0,10.3711,-8.66229,0.0129973,0.143496,Nothing,seated
19.6712,131,-1.86812,-0.364043,-10.9883,0.0,0.0,0.0,0.0,0.0,0.0,0.0,2.46094,-25.05,0.0129973,0.143496,Nothing,seated
19.8214,132,-1.90644,-0.258662,-10.9979,0.0,0.0,0.0,0.0,0.0,0.0,0.0,-5.625,-37.9259,0.0129973,0.143496,Nothing,seated
19.9716,133,-1.80105,-0.210762,-10.6243,0.0,0.0,0.0,0.0,0.0,0.0,0.0,-13.0078,-45.6516,0.0129973,0.143496,Nothing,seated
20.1217,134,-1.61903,-0.210762,-9.88664,0.0,0.0,0.0,0.0,0.0,0.0,0.0,-18.6328,-47.5242,0.0129973,0.143496,Nothing,seated
20.2719,135,-1.45617,-0.277822,-9.19688,0.0,0.0,0.0,0.0,0.0,0.0,0.0,-21.6211,-42.6082,0.0129973,0.143496,Nothing,seated
20.4221,136,-1.41785,-0.373623,-9.04359,0.0,0.0,0.0,0.0,0.0,0.0,0.0,-21.7969,-32.3078,0.0129973,0.143496,Nothing,seated
20.5722,137,-1.53281,-0.373623,-9.39806,0.0,0.0,0.0,0.0,0.0,0.0,0.0,-18.9844,-17.7926,0.0129973,0.143496,Nothing,seated
20.7224,138,-1.70525,-0.287402,-10.0591,0.0,0.0,0.0,0.0,0.0,0.0,0.0,-13.7109,-0.936453,0.0129973,0.143496,Nothing,seated
20.8726,139,-1.89686,-0.201182,-10.768,0.0,0.0,0.0,0.0,0.0,0.0,0.0,-6.50391,16.1538,0.0129973,0.143496,Nothing,seated
21.0227,140,-1.95434,-0.182021,-11.0363,0.0,0.0,0.0,0.0,0.0,0.0,0.0,1.93359,31.3714,0.0129973,0.143496,Nothing,seated
21.1729,141,-1.88728,-0.287402,-10.7872,0.0,0.0,0.0,0.0,0.0,0.0,0.0,9.31641,41.4385,0.0129973,0.143496,Nothing,seated
21.323,142,-1.71483,-0.344883,-10.1166,0.0,0.0,0.0,0.0,0.0,0.0,0.0,15.8203,46.3611,0.0129973,0.143496,IncreaseAccelerometer,seated
21.4731,143,-1.57113,-0.306563,-9.29268,0.0,0.0,0.0,0.0,0.0,0.0,0.0,20.3906,45.4295,0.0129973,0.143496,IncreaseAccelerometer,seated
21.6231,144,-1.47533,-0.258662,-8.86157,0.0,0.0,0.0,0.0,0.0,0.0,0.0,22.1484,38.175,0.0129973,0.143496,IncreaseAccelerometer,seated
21.7732,145,-1.51365,-0.210762,-8.97653,0.0,0.0,0.0,0.0,0.0,0.0,0.0,21.0938,25.531,0.0129973,0.143496,IncreaseAccelerometer,seated
21.9233,146,-1.56155,-0.249082,-9.4268,0.0,0.0,0.0,0.0,0.0,0.0,0.0,17.0508,10.3072,0.0129973,0.143496,IncreaseAccelerometer,seated
22.0734,147,-1.76273,-0.296982,-10.3082,0.0,0.0,0.0,0.0,0.0,0.0,0.0,10.8984,-6.55912,0.0129973,0.143496,IncreaseAccelerometer,seated
22.2234,148,-1.82021,-0.354463,-10.883,0.0,0.0,0.0,0.0,0.0,0.0,0.0,3.33984,-22.7229,0.0129973,0.143496,IncreaseAccelerometer,seated
22.3735,149,-1.88728,-0.258662,-11.0075,0.0,0.0,0.0,0.0,0.0,0.0,0.0,-4.57031,-35.6071,0.0129973,0.143496,IncreaseAccelerometer,seated
22.5236,150,-1.75315,-0.249082,-10.5668,0.0,0.0,0.0,0.0,0.0,0.0,0.0,-11.9531,-44.0404,0.0129973,0.143496,IncreaseAccelerometer,seated
22.6737,151,-1.66693,-0.210762,-9.91538,0.0,0.0,0.0,0.0,0.0,0.0,0.0,-17.5781,-46.1486,0.0129973,0.143496,IncreaseAccelerometer,seated
22.8237,152,-1.52323,-0.306563,-9.31184,0.0,0.0,0.0,0.0,0.0,0.0,0.0,-20.918,-42.4013,0.0129973,0.143496,IncreaseAccelerometer,seated
22.9738,153,-1.45617,-0.335303,-9.08191,0.0,0.0,0.0,0.0,0.0,0.0,0.0,-21.4453,-33.0311,0.0129973,0.143496,IncreaseAccelerometer,seated
23.1239,154,-1.54239,-0.344883,-9.32142,0.0,0.0,0.0,0.0,0.0,0.0,0.0,-18.9844,-19.2095,0.0129973,0.143496,IncreaseAccelerometer,seated
23.2739,155,-1.69567,-0.287402,-10.0208,0.0,0.0,0.0,0.0,0.0,0.0,0.0,-14.0625,-2.81118,0.0129973,0.143496,IncreaseAccelerometer,seated
23.424,156,-1.8777,-0.210762,-10.653,0.0,0.0,0.0,0.0,0.0,0.0,0.0,-7.20703,13.8217,0.0129973,0.143496,IncreaseAccelerometer,seated
23.5741,157,-1.93518,-0.239502,-11.0171,0.0,0.0,0.0,0.0,0.0,0.0,0.0,0.527344,28.5804,0.0129973,0.143496,IncreaseAccelerometer,seated
23.7241,158,-1.8777,-0.258662,-10.7967,0.0,0.0,0.0,0.0,0.0,0.0,0.0,8.26172,39.5905,0.0129973,0.143496,IncreaseAccelerometer,seated
23.8742,159,-1.79147,-0.316143,-10.1549,0.0,0.0,0.0,0.0,0.0,0.0,0.0,14.7656,44.9777,0.0129973,0.143496,IncreaseAccelerometer,seated
24.0243,160,-1.59987,-0.344883,-9.43638,0.0,0.0,0.0,0.0,0.0,0.0,0.0,19.6875,44.977,0.0129973,0.143496,IncreaseAccelerometer,seated
24.1744,161,-1.48491,-0.296982,-8.93821,0.0,0.0,0.0,0.0,0.0,0.0,0.0,21.4453,38.1841,0.0129973,0.143496,IncreaseAccelerometer,seated
24.3245,162,-1.49449,-0.220342,-8.94779,0.0,0.0,0.0,0.0,0.0,0.0,0.0,20.7422,26.9393,0.0129973,0.143496,IncreaseAccelerometer,seated
24.4745,163,-1.59029,-0.249082,-9.49386,0.0,0.0,0.0,0.0,0.0,0.0,0.0,17.2266,11.9468,0.0129973,0.143496,IncreaseAccelerometer,seated
24.6246,164,-1.69567,-0.296982,-10.107,0.0,0.0,0.0,0.0,0.0,0.0,0.0,11.0742,-4.91927,0.0129973,0.143496,IncreaseAccelerometer,seated
24.7747,165,-1.81063,-0.364043,-10.7967,0.0,0.0,0.0,0.0,0.0,0.0,0.0,4.04297,-20.8487,0.0129973,0.143496,IncreaseAccelerometer,seated
24.9248,166,-1.8777,-0.296982,-10.9309,0.0,0.0,0.0,0.0,0.0,0.0,0.0,-3.86719,-33.7326,0.0129973,0.143496,IncreaseAccelerometer,seated
25.0748,167,-1.80105,-0.210762,-10.5764,0.0,0.0,0.0,0.0,0.0,0.0,0.0,-10.8984,-42.1658,0.0129973,0.143496,IncreaseAccelerometer,seated
25.2249,168,-1.64777,-0.229922,-9.94412,0.0,0.0,0.0,0.0,0.0,0.0,0.0,-16.875,-45.4458,0.0129973,0.143496,IncreaseAccelerometer,seated
25.375,169,-1.51365,-0.258662,-9.34058,0.0,0.0,0.0,0.0,0.0,0.0,0.0,-20.0391,-41.4644,0.0129973,0.143496,IncreaseAccelerometer,seated
25.5251,170,-1.44659,-0.335303,-9.05317,0.0,0.0,0.0,0.0,0.0,0.0,0.0,-20.918,-33.2651,0.0129973,0.143496,IncreaseAccelerometer,seated
25.6751,171,-1.51365,-0.335303,-9.32142,0.0,0.0,0.0,0.0,0.0,0.0,0.0,-18.8086,-19.9123,0.0129973,0.143496,IncreaseAccelerometer,seated
25.8252,172,-1.65735,-0.287402,-9.86748,0.0,0.0,0.0,0.0,0.0,0.0,0.0,-14.4141,-4.68532,0.0129973,0.143496,IncreaseAccelerometer,seated
25.9752,173,-1.80105,-0.220342,-10.5093,0.0,0.0,0.0,0.0,0.0,0.0,0.0,-7.73438,12.1823,0.0129973,0.143496,IncreaseAccelerometer,seated
26.1253,174,-1.91602,-0.210762,-10.8542,0.0,0.0,0.0,0.0,0.0,0.0,0.0,-0.351562,26.2388,0.0129973,0.143496,IncreaseAccelerometer,seated
26.2754,175,-1.90644,-0.258662,-10.768,0.0,0.0,0.0,0.0,0.0,0.0,0.0,7.38281,37.7184,0.0129973,0.143496,IncreaseAccelerometer,seated
26.4255,176,-1.74357,-0.316143,-10.1645,0.0,0.0,0.0,0.0,0.0,0.0,0.0,14.0625,43.8086,0.0129973,0.143496,IncreaseAccelerometer,seated
26.5755,177,-1.61903,-0.296982,-9.56092,0.0,0.0,0.0,0.0,0.0,0.0,0.0,18.6328,44.0422,0.0129973,0.143496,IncreaseAccelerometer,seated
26.7256,178,-1.49449,-0.277822,-9.05317,0.0,0.0,0.0,0.0,0.0,0.0,0.0,20.918,38.1838,0.0129973,0.143496,IncreaseAccelerometer,seated
26.8757,179,-1.46575,-0.239502,-8.94779,0.0,0.0,0.0,0.0,0.0,0.0,0.0,20.3906,27.6417,0.0129973,0.143496,IncreaseAccelerometer,seated
27.0258,180,-1.55197,-0.287402,-9.40764,0.0,0.0,0.0,0.0,0.0,0.0,0.0,17.2266,13.1178,0.0129973,0.143496,IncreaseAccelerometer,seated
27.1759,181,-1.70525,-0.344883,-10.1645,0.0,0.0,0.0,0.0,0.0,0.0,0.0,11.4258,-3.51369,0.0129973,0.143496,IncreaseAccelerometer,seated
27.326,182,-1.81063,-0.325723,-10.7009,0.0,0.0,0.0,0.0,0.0,0.0,0.0,4.74609,-18.5055,0.0129973,0.143496,IncreaseAccelerometer,seated
27.476,183,-1.89686,-0.296982,-10.8542,0.0,0.0,0.0,0.0,0.0,0.0,0.0,-2.8125,-31.624,0.0129973,0.143496,IncreaseAccelerometer,seated
27.6261,184,-1.78189,-0.249082,-10.6051,0.0,0.0,0.0,0.0,0.0,0.0,0.0,-10.0195,-40.5257,0.0129973,0.143496,IncreaseAccelerometer,seated
27.7762,185,-1.65735,-0.220342,-10.0112,0.0,0.0,0.0,0.0,0.0,0.0,0.0,-15.6445,-43.8053,0.0129973,0.143496,IncreaseAccelerometer,seated
27.9262,186,-1.53281,-0.287402,-9.35016,0.0,0.0,0.0,0.0,0.0,0.0,0.0,-19.3359,-40.9952,0.0129973,0.143496,IncreaseAccelerometer,seated
28.0763,187,-1.43701,-0.335303,-9.12982,0.0,0.0,0.0,0.0,0.0,0.0,0.0,-20.3906,-33.4995,0.0129973,0.143496,IncreaseAccelerometer,seated
28.2264,188,-1.52323,-0.364043,-9.331,0.0,0.0,0.0,0.0,0.0,0.0,0.0,-18.6328,-21.0837,0.0129973,0.143496,IncreaseAccelerometer,seated
28.3764,189,-1.60945,-0.306563,-9.8579,0.0,0.0,0.0,0.0,0.0,0.0,0.0,-14.4141,-5.85668,0.0129973,0.143496,IncreaseAccelerometer,seated
28.5265,190,-1.83938,-0.277822,-10.404,0.0,0.0,0.0,0.0,0.0,0.0,0.0,-8.26172,9.83924,0.0129973,0.143496,IncreaseAccelerometer,seated
28.6766,191,-1.91602,-0.229922,-10.8159,0.0,0.0,0.0,0.0,0.0,0.0,0.0,-1.05469,24.3639,0.0129973,0.143496,IncreaseAccelerometer,seated
28.8267,192,-1.8777,-0.287402,-10.7009,0.0,0.0,0.0,0.0,0.0,0.0,0.0,6.50391,35.8429,0.0129973,0.143496,IncreaseAccelerometer,seated
28.9767,193,-1.80105,-0.344883,-10.2028,0.0,0.0,0.0,0.0,0.0,0.0,0.0,13.0078,42.1671,0.0129973,0.143496,IncreaseAccelerometer,seated
29.1268,194,-1.63819,-0.296982,-9.4747,0.0,0.0,0.0,0.0,0.0,0.0,0.0,17.7539,42.8693,0.0129973,0.143496,IncreaseAccelerometer,seated
29.2769,195,-1.48491,-0.306563,-9.05317,0.0,0.0,0.0,0.0,0.0,0.0,0.0,20.2148,37.9505,0.0129973,0.143496,IncreaseAccelerometer,seated
29.427,196,-1.48491,-0.229922,-8.99569,0.0,0.0,0.0,0.0,0.0,0.0,0.0,20.0391,28.111,0.0129973,0.143496,IncreaseAccelerometer,seated
29.577,197,-1.57113,-0.258662,-9.31184,0.0,0.0,0.0,0.0,0.0,0.0,0.0,17.2266,14.2895,0.0129973,0.143496,IncreaseAccelerometer,seated
29.7271,198,-1.68609,-0.316143,-10.0112,0.0,0.0,0.0,0.0,0.0,0.0,0.0,11.9531,-1.40554,0.0129973,0.143496,IncreaseAccelerometer,seated
29.8772,199,-1.80105,-0.306563,-10.5764,0.0,0.0,0.0,0.0,0.0,0.0,0.0,5.27344,-16.6321,0.0129973,0.143496,IncreaseAccelerometer,seated
30.0273,200,-1.84896,-0.296982,-10.7872,0.0,0.0,0.0,0.0,0.0,0.0,0.0,-2.10938,-29.7504,0.0129973,0.143496,IncreaseAccelerometer,seated
30.1773,201,-1.81063,-0.258662,-10.5477,0.0,0.0,0.0,0.0,0.0,0.0,0.0,-9.14062,-38.8862,0.0129973,0.143496,IncreaseAccelerometer,seated
30.3274,202,-1.67651,-0.220342,-10.1166,0.0,0.0,0.0,0.0,0.0,0.0,0.0,-14.7656,-42.634,0.0129973,0.143496,IncreaseAccelerometer,seated
30.4775,203,-1.52323,-0.258662,-9.44596,0.0,0.0,0.0,0.0,0.0,0.0,0.0,-18.6328,-40.7604,0.0129973,0.143496,IncreaseAccelerometer,seated
30.6276,204,-1.48491,-0.325723,-9.14898,0.0,0.0,0.0,0.0,0.0,0.0,0.0,-19.8633,-33.499,0.0129973,0.143496,IncreaseAccelerometer,seated
30.7776,205,-1.51365,-0.335303,-9.24478,0.0,0.0,0.0,0.0,0.0,0.0,0.0,-18.457,-21.786,0.0129973,0.143496,IncreaseAccelerometer,seated
30.9277,206,-1.62861,-0.296982,-9.75252,0.0,0.0,0.0,0.0,0.0,0.0,0.0,-14.5898,-7.26216,0.0129973,0.143496,IncreaseAccelerometer,seated
31.0778,207,-1.80105,-0.239502,-10.3848,0.0,0.0,0.0,0.0,0.0,0.0,0.0,-8.4375,8.43354,0.0129973,0.143496,IncreaseAccelerometer,seated
31.2279,208,-1.85854,-0.229922,-10.7297,0.0,0.0,0.0,0.0,0.0,0.0,0.0,-1.58203,22.7237,0.0129973,0.143496,IncreaseAccelerometer,seated
31.3779,209,-1.8777,-0.268242,-10.7009,0.0,0.0,0.0,0.0,0.0,0.0,0.0,5.625,33.9687,0.0129973,0.143496,IncreaseAccelerometer,seated
31.528,210,-1.77231,-0.316143,-10.2219,0.0,0.0,0.0,0.0,0.0,0.0,0.0,12.4805,41.2304,0.0129973,0.143496,IncreaseAccelerometer,seated
31.6781,211,-1.64777,-0.306563,-9.60882,0.0,0.0,0.0,0.0,0.0,0.0,0.0,17.0508,42.1664,0.0129973,0.143496,IncreaseAccelerometer,seated
31.8282,212,-1.53281,-0.306563,-9.10107,0.0,0.0,0.0,0.0,0.0,0.0,0.0,19.6875,37.4814,0.0129973,0.143496,IncreaseAccelerometer,seated
31.9782,213,-1.51365,-0.220342,-8.99569,0.0,0.0,0.0,0.0,0.0,0.0,0.0,19.6875,28.3447,0.0129973,0.143496,IncreaseAccelerometer,seated
32.1283,214,-1.56155,-0.258662,-9.35016,0.0,0.0,0.0,0.0,0.0,0.0,0.0,17.0508,15.2262,0.0129973,0.143496,IncreaseAccelerometer,seated
32.2784,215,-1.66693,-0.249082,-9.88664,0.0,0.0,0.0,0.0,0.0,0.0,0.0,12.1289,-0.468495,0.0129973,0.143496,IncreaseAccelerometer,seated
32.4285,216,-1.76273,-0.316143,-10.4902,0.0,0.0,0.0,0.0,0.0,0.0,0.0,5.80078,-14.9919,0.0129973,0.143496,IncreaseAccelerometer,seated
32.5786,217,-1.81063,-0.296982,-10.7872,0.0,0.0,0.0,0.0,0.0,0.0,0.0,-1.40625,-28.1101,0.0129973,0.143496,IncreaseAccelerometer,seated
32.7286,218,-1.76273,-0.258662,-10.6243,0.0,0.0,0.0,0.0,0.0,0.0,0.0,-8.26172,-37.2465,0.0129973,0.143496,IncreaseAccelerometer,seated
32.8787,219,-1.70525,-0.210762,-10.0495,0.0,0.0,0.0,0.0,0.0,0.0,0.0,-14.0625,-41.4629,0.0129973,0.143496,IncreaseAccelerometer,seated
33.0288,220,-1.52323,-0.239502,-9.4747,0.0,0.0,0.0,0.0,0.0,0.0,0.0,-17.9297,-40.0578,0.0129973,0.143496,IncreaseAccelerometer,seated
