9.89437e-05,0,-1.49449,-0.287402,-9.65672,0.0,0.0,0.0,0.0,0.0,0.0,0.0,-0.175781,0.0,0.0129973,0.143496,None,seated
0.15026,1,-1.45617,-0.277822,-9.63756,0.0,0.0,0.0,0.0,0.0,0.0,0.0,-0.175781,0.0,0.0129973,0.143496,Nothing,seated
0.3004,2,-1.49449,-0.258662,-9.64714,0.0,0.0,0.0,0.0,0.0,0.0,0.0,-0.175781,0.0,0.0129973,0.143496,Nothing,seated
0.45056,3,-1.45617,-0.268242,-9.64714,0.0,0.0,0.0,0.0,0.0,0.0,0.0,-0.175781,0.0,0.0129973,0.143496,Nothing,seated
0.600708,4,-1.48491,-0.277822,-9.6663,0.0,0.0,0.0,0.0,0.0,0.0,0.0,-0.175781,0.0,0.0129973,0.143496,Nothing,seated
0.750874,5,-1.46575,-0.249082,-9.62798,0.0,0.0,0.0,0.0,0.0,0.0,0.0,-0.175781,0.0,0.0129973,0.143496,Nothing,seated
0.901039,6,-1.44659,-0.268242,-9.6663,0.0,0.0,0.0,0.0,0.0,0.0,0.0,-0.175781,0.0,0.0129973,0.143496,Nothing,seated
1.05118,7,-1.46575,-0.287402,-9.64714,0.0,0.0,0.0,0.0,0.0,0.0,0.0,-0.175781,0.0,0.0129973,0.143496,Nothing,seated
1.20135,8,-1.44659,-0.277822,-9.62798,0.0,0.0,0.0,0.0,0.0,0.0,0.0,-0.175781,0.0,0.0129973,0.143496,Nothing,seated
1.35151,9,-1.45617,-0.287402,-9.67588,0.0,0.0,0.0,0.0,0.0,0.0,0.0,-0.175781,0.0,0.0129973,0.143496,Nothing,seated
1.50168,10,-1.44659,-0.268242,-9.69504,0.0,0.0,0.0,0.0,0.0,0.0,0.0,-0.175781,0.0,0.0129973,0.143496,Nothing,seated
1.65184,11,-1.47533,-0.258662,-9.67588,0.0,0.0,0.0,0.0,0.0,0.0,0.0,-0.175781,0.0,0.0129973,0.143496,Nothing,seated
1.80192,12,-1.41785,-0.258662,-9.67588,0.0,0.0,0.0,0.0,0.0,0.0,0.0,-0.175781,0.0,0.0129973,0.143496,Nothing,seated
1.95208,13,-1.46575,-0.296982,-9.6184,0.0,0.0,0.0,0.0,0.0,0.0,0.0,-0.175781,0.0,0.0129973,0.143496,Nothing,seated
2.10226,14,-1.26457,-0.220342,-9.69504,0.0,0.0,0.0,0.0,0.0,0.0,0.0,-0.175781,0.0,0.0129973,0.143496,Nothing,seated
2.25242,15,-1.43701,-0.316143,-9.63756,0.0,0.0,0.0,0.0,0.0,0.0,0.0,0.0,0.234144,0.0129973,0.143496,Nothing,seated
2.40258,16,-1.35079,-0.354463,-9.7621,0.0,0.0,0.0,0.0,0.0,0.0,0.0,0.0,0.234144,0.0129973,0.143496,Nothing,seated
2.55274,17,-1.33163,-0.268242,-9.60882,0.0,0.0,0.0,0.0,0.0,0.0,0.0,0.0,0.234117,0.0129973,0.143496,Nothing,seated
2.70291,18,-1.76273,-0.0958008,-9.49386,0.0,0.0,0.0,0.0,0.0,0.0,0.0,0.0,0.234118,0.0129973,0.143496,Nothing,seated
2.85307,19,-2.08846,-0.191602,-9.55134,0.0,0.0,0.0,0.0,0.0,0.0,0.0,-0.175781,0.0,0.0129973,0.143496,Nothing,seated
3.00324,20,-2.41418,-0.287402,-9.38848,0.0,0.0,0.0,0.0,0.0,0.0,0.0,-1.23047,-1.63884,0.0129973,0.143496,Nothing,seated
3.1534,21,-2.92192,-0.383203,-9.41722,0.0,0.0,0.0,0.0,0.0,0.0,0.0,-2.8125,-3.74592,0.0129973,0.143496,Nothing,seated
3.30356,22,-3.68833,-0.191602,-9.3789,0.0,0.0,0.0,0.0,0.0,0.0,0.0,-5.80078,-7.72597,0.0129973,0.143496,Nothing,seated
3.45371,23,-4.12901,-0.0574805,-9.34058,0.0,0.0,0.0,0.0,0.0,0.0,0.0,-9.14062,-12.1744,0.0129973,0.143496,Nothing,seated
3.60543,24,-4.41642,-0.0191602,-9.27352,0.0,0.0,0.0,0.0,0.0,0.0,0.0,-13.5352,-17.7566,0.0129973,0.143496,Nothing,seated
3.7556,25,-4.25355,-0.191602,-9.15856,0.0,0.0,0.0,0.0,0.0,0.0,0.0,-18.457,-22.8966,0.0129973,0.143496,Nothing,seated
3.90576,26,-4.10985,-0.354463,-8.86157,0.0,0.0,0.0,0.0,0.0,0.0,0.0,-22.8516,-26.6349,0.0129973,0.143496,Nothing,seated
4.05591,27,-3.06563,-0.469424,-8.66997,0.0,0.0,0.0,0.0,0.0,0.0,0.0,-26.3672,-27.3362,0.0129973,0.143496,Nothing,seated
4.20608,28,-1.44659,-0.459844,-8.63165,0.0,0.0,0.0,0.0,0.0,0.0,0.0,-27.4219,-24.2984,0.0129973,0.143496,Nothing,seated
4.35625,29,-1.31247,-0.0191602,-9.22562,0.0,0.0,0.0,0.0,0.0,0.0,0.0,-24.7852,-14.9838,0.0129973,0.143496,Nothing,seated
4.5064,30,-1.51365,-0.201182,-10.1549,0.0,0.0,0.0,0.0,0.0,0.0,0.0,-18.6328,-0.234125,0.0129973,0.143496,Nothing,seated
4.65656,31,-1.94476,-0.249082,-11.1991,0.0,0.0,0.0,0.0,0.0,0.0,0.0,-10.3711,16.6228,0.0129973,0.143496,Nothing,seated
4.80673,32,-2.04056,-0.325723,-11.7452,0.0,0.0,0.0,0.0,0.0,0.0,0.0,-0.527344,34.4157,0.0129973,0.143496,Nothing,seated
4.9569,33,-2.03098,-0.459844,-11.5632,0.0,0.0,0.0,0.0,0.0,0.0,0.0,9.31641,48.9309,0.0129973,0.143496,Nothing,seated
5.10706,34,-1.77231,-0.162861,-10.5477,0.0,0.0,0.0,0.0,0.0,0.0,0.0,17.7539,56.6572,0.0129973,0.143496,Nothing,seated
5.25722,35,-1.54239,-0.182021,-9.43638,0.0,0.0,0.0,0.0,0.0,0.0,0.0,23.7305,56.4226,0.0129973,0.143496,Nothing,seated
5.40739,36,-1.37953,-0.191602,-8.63165,0.0,0.0,0.0,0.0,0.0,0.0,0.0,26.7188,49.3989,0.0129973,0.143496,Nothing,seated
5.55756,37,-1.36037,-0.402363,-8.55501,0.0,0.0,0.0,0.0,0.0,0.0,0.0,26.1914,35.5855,0.0129973,0.143496,Nothing,seated
5.70773,38,-1.42743,-0.383203,-9.19688,0.0,0.0,0.0,0.0,0.0,0.0,0.0,22.1484,17.0903,0.0129973,0.143496,Nothing,seated
5.8579,39,-1.63819,-0.277822,-10.3082,0.0,0.0,0.0,0.0,0.0,0.0,0.0,15.1172,-3.51168,0.0129973,0.143496,Nothing,seated
6.00807,40,-1.8298,-0.249082,-11.3716,0.0,0.0,0.0,0.0,0.0,0.0,0.0,5.97656,-23.6453,0.0129973,0.143496,Nothing,seated
6.15824,41,-1.8777,-0.153281,-11.7548,0.0,0.0,0.0,0.0,0.0,0.0,0.0,-3.86719,-40.7352,0.0129973,0.143496,Nothing,seated
6.3084,42,-1.85854,-0.249082,-11.2662,0.0,0.0,0.0,0.0,0.0,0.0,0.0,-13.0078,-52.2072,0.0129973,0.143496,Nothing,seated
6.45856,43,-1.60945,-0.258662,-10.2219,0.0,0.0,0.0,0.0,0.0,0.0,0.0,-20.3906,-56.6559,0.0129973,0.143496,Nothing,seated
6.60873,44,-1.39869,-0.325723,-9.12982,0.0,0.0,0.0,0.0,0.0,0.0,0.0,-25.3125,-53.847,0.0129973,0.143496,Nothing,seated
6.7589,45,-1.28373,-0.296982,-8.74661,0.0,0.0,0.0,0.0,0.0,0.0,0.0,-26.7188,-43.5453,0.0129973,0.143496,Nothing,seated
6.90905,46,-1.34121,-0.287402,-9.01485,0.0,0.0,0.0,0.0,0.0,0.0,0.0,-24.7852,-27.8602,0.0129973,0.143496,Nothing,seated
7.05922,47,-1.59987,-0.258662,-9.84832,0.0,0.0,0.0,0.0,0.0,0.0,0.0,-19.5117,-8.66244,0.0129973,0.143496,Nothing,seated
7.20938,48,-1.82021,-0.239502,-10.95,0.0,0.0,0.0,0.0,0.0,0.0,0.0,-11.7773,11.4718,0.0129973,0.143496,Nothing,seated
7.35955,49,-2.01182,-0.258662,-11.5632,0.0,0.0,0.0,0.0,0.0,0.0,0.0,-2.28516,30.6695,0.0129973,0.143496,Nothing,seated
7.50971,50,-1.98308,-0.220342,-11.5153,0.0,0.0,0.0,0.0,0.0,0.0,0.0,7.03125,44.9514,0.0129973,0.143496,Nothing,seated
7.65989,51,-1.81063,-0.268242,-10.8063,0.0,0.0,0.0,0.0,0.0,0.0,0.0,15.8203,54.0805,0.0129973,0.143496,Nothing,seated
7.81006,52,-1.60945,-0.268242,-9.58966,0.0,0.0,0.0,0.0,0.0,0.0,0.0,22.5,55.9529,0.0129973,0.143496,Nothing,seated
7.96021,53,-1.37953,-0.296982,-8.75619,0.0,0.0,0.0,0.0,0.0,0.0,0.0,25.6641,49.8666,0.0129973,0.143496,Nothing,seated
8.11038,54,-1.36995,-0.287402,-8.55501,0.0,0.0,0.0,0.0,0.0,0.0,0.0,25.6641,37.2245,0.0129973,0.143496,Nothing,seated
8.26054,55,-1.42743,-0.249082,-9.16813,0.0,0.0,0.0,0.0,0.0,0.0,0.0,21.9727,19.8999,0.0129973,0.143496,Nothing,seated
8.4107,56,-1.58071,-0.258662,-10.2603,0.0,0.0,0.0,0.0,0.0,0.0,0.0,15.8203,0.0,0.0129973,0.143496,Nothing,seated
8.56087,57,-1.80105,-0.287402,-11.0842,0.0,0.0,0.0,0.0,0.0,0.0,0.0,7.55859,-19.9004,0.0129973,0.143496,Nothing,seated
8.71103,58,-1.86812,-0.316143,-11.5823,0.0,0.0,0.0,0.0,0.0,0.0,0.0,-1.93359,-36.7569,0.0129973,0.143496,Nothing,seated
8.8612,59,-1.83938,-0.249082,-11.3428,0.0,0.0,0.0,0.0,0.0,0.0,0.0,-11.6016,-49.633,0.0129973,0.143496,Nothing,seated
9.01136,60,-1.68609,-0.220342,-10.4902,0.0,0.0,0.0,0.0,0.0,0.0,0.0,-18.6328,-54.0818,0.0129973,0.143496,Nothing,seated
9.16152,61,-1.47533,-0.249082,-9.38848,0.0,0.0,0.0,0.0,0.0,0.0,0.0,-23.9062,-52.9109,0.0129973,0.143496,Nothing,seated
9.3117,62,-1.35079,-0.296982,-8.89031,0.0,0.0,0.0,0.0,0.0,0.0,0.0,-26.0156,-44.716,0.0129973,0.143496,Nothing,seated
9.46185,63,-1.35079,-0.354463,-8.96695,0.0,0.0,0.0,0.0,0.0,0.0,0.0,-24.6094,-30.2013,0.0129973,0.143496,Nothing,seated
9.61202,64,-1.51365,-0.344883,-9.55134,0.0,0.0,0.0,0.0,0.0,0.0,0.0,-20.0391,-11.2377,0.0129973,0.143496,Nothing,seated
9.76218,65,-1.72441,-0.258662,-10.6435,0.0,0.0,0.0,0.0,0.0,0.0,0.0,-12.6562,7.96002,0.0129973,0.143496,Nothing,seated
9.91234,66,-1.91602,-0.201182,-11.362,0.0,0.0,0.0,0.0,0.0,0.0,0.0,-3.86719,26.6896,0.0129973,0.143496,Nothing,seated
10.0625,67,-1.94476,-0.201182,-11.4578,0.0,0.0,0.0,0.0,0.0,0.0,0.0,5.44922,41.9079,0.0129973,0.143496,Nothing,seated
10.2127,68,-1.84896,-0.249082,-10.7967,0.0,0.0,0.0,0.0,0.0,0.0,0.0,13.8867,51.2717,0.0129973,0.143496,Nothing,seated
10.3628,69,-1.61903,-0.335303,-9.72378,0.0,0.0,0.0,0.0,0.0,0.0,0.0,20.5664,54.0812,0.0129973,0.143496,Nothing,seated
10.5129,70,-1.43701,-0.344883,-8.99569,0.0,0.0,0.0,0.0,0.0,0.0,0.0,24.4336,49.4051,0.0129973,0.143496,Nothing,seated
10.6631,71,-1.34121,-0.268242,-8.62207,0.0,0.0,0.0,0.0,0.0,0.0,0.0,25.1367,38.6343,0.0129973,0.143496,Nothing,seated
10.8132,72,-1.41785,-0.210762,-8.98611,0.0,0.0,0.0,0.0,0.0,0.0,0.0,22.3242,22.4782,0.0129973,0.143496,Nothing,seated
10.9634,73,-1.55197,-0.249082,-9.96328,0.0,0.0,0.0,0.0,0.0,0.0,0.0,16.5234,3.51226,0.0129973,0.143496,Nothing,seated
11.1134,74,-1.80105,-0.316143,-10.883,0.0,0.0,0.0,0.0,0.0,0.0,0.0,8.78906,-15.6909,0.0129973,0.143496,Nothing,seated
11.2636,75,-1.84896,-0.306563,-11.4865,0.0,0.0,0.0,0.0,0.0,0.0,0.0,-0.351562,-33.0167,0.0129973,0.143496,Nothing,seated
11.4138,76,-1.84896,-0.258662,-11.2758,0.0,0.0,0.0,0.0,0.0,0.0,0.0,-9.31641,-45.8955,0.0129973,0.143496,Nothing,seated
11.5639,77,-1.73399,-0.172441,-10.5285,0.0,0.0,0.0,0.0,0.0,0.0,0.0,-17.2266,-52.6867,0.0129973,0.143496,Nothing,seated
11.7141,78,-1.53281,-0.210762,-9.65672,0.0,0.0,0.0,0.0,0.0,0.0,0.0,-22.5,-51.9841,0.0129973,0.143496,Nothing,seated
11.8642,79,-1.36037,-0.268242,-8.94779,0.0,0.0,0.0,0.0,0.0,0.0,0.0,-25.1367,-45.1854,0.0129973,0.143496,Nothing,seated
12.0144,80,-1.33163,-0.354463,-8.92863,0.0,0.0,0.0,0.0,0.0,0.0,0.0,-24.2578,-31.8404,0.0129973,0.143496,Nothing,seated
12.1646,81,-1.51365,-0.354463,-9.62798,0.0,0.0,0.0,0.0,0.0,0.0,0.0,-20.2148,-14.5155,0.0129973,0.143496,Nothing,seated
12.3147,82,-1.72441,-0.316143,-10.4902,0.0,0.0,0.0,0.0,0.0,0.0,0.0,-13.3594,5.15059,0.0129973,0.143496,Nothing,seated
12.4649,83,-1.89686,-0.191602,-11.2374,0.0,0.0,0.0,0.0,0.0,0.0,0.0,-4.74609,23.6459,0.0129973,0.143496,Nothing,seated
12.6151,84,-1.93518,-0.182021,-11.429,0.0,0.0,0.0,0.0,0.0,0.0,0.0,3.86719,38.6296,0.0129973,0.143496,Nothing,seated
12.7652,85,-1.86812,-0.229922,-10.8638,0.0,0.0,0.0,0.0,0.0,0.0,0.0,12.4805,48.931,0.0129973,0.143496,Nothing,seated
12.9154,86,-1.60945,-0.316143,-9.92496,0.0,0.0,0.0,0.0,0.0,0.0,0.0,19.1602,52.4428,0.0129973,0.143496,Nothing,seated
13.0655,87,-1.46575,-0.344883,-9.12023,0.0,0.0,0.0,0.0,0.0,0.0,0.0,23.3789,48.9314,0.0129973,0.143496,Nothing,seated
13.2157,88,-1.36995,-0.229922,-8.67955,0.0,0.0,0.0,0.0,0.0,0.0,0.0,24.4336,38.864,0.0129973,0.143496,Nothing,seated
13.3659,89,-1.38911,-0.210762,-8.93821,0.0,0.0,0.0,0.0,0.0,0.0,0.0,22.3242,24.5821,0.0129973,0.143496,Nothing,seated
13.5161,90,-1.52323,-0.229922,-9.7142,0.0,0.0,0.0,0.0,0.0,0.0,0.0,17.2266,6.32112,0.0129973,0.143496,Nothing,seated
13.6662,91,-1.72441,-0.306563,-10.768,0.0,0.0,0.0,0.0,0.0,0.0,0.0,9.49219,-12.8764,0.0129973,0.143496,Nothing,seated
13.8164,92,-1.8298,-0.335303,-11.2949,0.0,0.0,0.0,0.0,0.0,0.0,0.0,0.878906,-29.9665,0.0129973,0.143496,Nothing,seated
13.9666,93,-1.8298,-0.268242,-11.2374,0.0,0.0,0.0,0.0,0.0,0.0,0.0,-7.91016,-43.0772,0.0129973,0.143496,Nothing,seated
14.1167,94,-1.64777,-0.191602,-10.5668,0.0,0.0,0.0,0.0,0.0,0.0,0.0,-15.6445,-50.5691,0.0129973,0.143496,Nothing,seated
14.2669,95,-1.51365,-0.220342,-9.8579,0.0,0.0,0.0,0.0,0.0,0.0,0.0,-21.2695,-51.271,0.0129973,0.143496,Nothing,seated
14.4171,96,-1.34121,-0.277822,-9.08191,0.0,0.0,0.0,0.0,0.0,0.0,0.0,-24.2578,-44.9499,0.0129973,0.143496,Nothing,seated
14.5672,97,-1.33163,-0.373623,-8.92863,0.0,0.0,0.0,0.0,0.0,0.0,0.0,-23.9062,-33.01,0.0129973,0.143496,Nothing,seated
14.7174,98,-1.45617,-0.364043,-9.39806,0.0,0.0,0.0,0.0,0.0,0.0,0.0,-20.3906,-16.6221,0.0129973,0.143496,Nothing,seated
14.8676,99,-1.67651,-0.249082,-10.3656,0.0,0.0,0.0,0.0,0.0,0.0,0.0,-14.2383,1.87292,0.0129973,0.143496,Nothing,seated
15.0177,100,-1.88728,-0.182021,-11.0842,0.0,0.0,0.0,0.0,0.0,0.0,0.0,-6.50391,19.6659,0.0129973,0.143496,Nothing,seated
15.1679,101,-1.90644,-0.182021,-11.3524,0.0,0.0,0.0,0.0,0.0,0.0,0.0,2.46094,35.586,0.0129973,0.143496,Nothing,seated
15.318,102,-1.8298,-0.229922,-10.9309,0.0,0.0,0.0,0.0,0.0,0.0,0.0,10.8984,46.3558,0.0129973,0.143496,Nothing,seated
15.4682,103,-1.69567,-0.344883,-10.1836,0.0,0.0,0.0,0.0,0.0,0.0,0.0,17.7539,50.8036,0.0129973,0.143496,Nothing,seated
15.6184,104,-1.47533,-0.306563,-9.13939,0.0,0.0,0.0,0.0,0.0,0.0,0.0,22.3242,48.6967,0.0129973,0.143496,Nothing,seated
15.7685,105,-1.37953,-0.258662,-8.74661,0.0,0.0,0.0,0.0,0.0,0.0,0.0,23.7305,40.2685,0.0129973,0.143496,Nothing,seated
15.9187,106,-1.36037,-0.182021,-8.92863,0.0,0.0,0.0,0.0,0.0,0.0,0.0,22.1484,26.2214,0.0129973,0.143496,Nothing,seated
16.0689,107,-1.48491,-0.229922,-9.72378,0.0,0.0,0.0,0.0,0.0,0.0,0.0,17.4023,8.66239,0.0129973,0.143496,Nothing,seated
16.219,108,-1.68609,-0.306563,-10.5093,0.0,0.0,0.0,0.0,0.0,0.0,0.0,9.84375,-10.5354,0.0129973,0.143496,Nothing,seated
16.3692,109,-1.82021,-0.364043,-11.1416,0.0,0.0,0.0,0.0,0.0,0.0,0.0,2.10938,-26.9243,0.0129973,0.143496,Nothing,seated
16.5193,110,-1.8298,-0.287402,-11.2374,0.0,0.0,0.0,0.0,0.0,0.0,0.0,-6.67969,-40.5034,0.0129973,0.143496,Nothing,seated
16.6695,111,-1.66693,-0.239502,-10.7105,0.0,0.0,0.0,0.0,0.0,0.0,0.0,-14.2383,-48.4634,0.0129973,0.143496,Nothing,seated
16.8197,112,-1.54239,-0.172441,-9.84832,0.0,0.0,0.0,0.0,0.0,0.0,0.0,-20.0391,-49.8679,0.0129973,0.143496,Nothing,seated
16.9698,113,-1.38911,-0.258662,-9.15856,0.0,0.0,0.0,0.0,0.0,0.0,0.0,-23.3789,-44.2491,0.0129973,0.143496,Nothing,seated
17.12,114,-1.36037,-0.316143,-8.93821,0.0,0.0,0.0,0.0,0.0,0.0,0.0,-23.3789,-33.9473,0.0129973,0.143496,Nothing,seated
17.2701,115,-1.42743,-0.373623,-9.31184,0.0,0.0,0.0,0.0,0.0,0.0,0.0,-20.3906,-18.2616,0.0129973,0.143496,Nothing,seated
17.4203,116,-1.64777,-0.277822,-10.1549,0.0,0.0,0.0,0.0,0.0,0.0,0.0,-14.7656,-0.702369,0.0129973,0.143496,Nothing,seated
17.5705,117,-1.8298,-0.191602,-10.9213,0.0,0.0,0.0,0.0,0.0,0.0,0.0,-7.20703,17.0911,0.0129973,0.143496,Nothing,seated
17.7206,118,-1.89686,-0.182021,-11.2374,0.0,0.0,0.0,0.0,0.0,0.0,0.0,1.23047,32.7772,0.0129973,0.143496,Nothing,seated
17.8708,119,-1.84896,-0.268242,-10.9309,0.0,0.0,0.0,0.0,0.0,0.0,0.0,9.66797,44.0149,0.0129973,0.143496,Nothing,seated
18.021,120,-1.68609,-0.325723,-10.0495,0.0,0.0,0.0,0.0,0.0,0.0,0.0,16.5234,49.1647,0.0129973,0.143496,Nothing,seated
18.1711,121,-1.57113,-0.335303,-9.25436,0.0,0.0,0.0,0.0,0.0,0.0,0.0,21.2695,47.9935,0.0129973,0.143496,Nothing,seated
18.3213,122,-1.39869,-0.277822,-8.77535,0.0,0.0,0.0,0.0,0.0,0.0,0.0,23.0273,40.2679,0.0129973,0.143496,Nothing,seated
18.4715,123,-1.38911,-0.210762,-8.86157,0.0,0.0,0.0,0.0,0.0,0.0,0.0,21.7969,27.3923,0.0129973,0.143496,Nothing,seated
18.6216,124,-1.51365,-0.239502,-9.55134,0.0,0.0,0.0,0.0,0.0,0.0,0.0,17.7539,10.7696,0.0129973,0.143496,Nothing,seated
18.7718,125,-1.64777,-0.325723,-10.3848,0.0,0.0,0.0,0.0,0.0,0.0,0.0,10.8984,-7.49189,0.0129973,0.143496,Nothing,seated
18.9219,126,-1.78189,-0.335303,-11.0746,0.0,0.0,0.0,0.0,0.0,0.0,0.0,3.16406,-24.1149,0.0129973,0.143496,Nothing,seated
19.0721,127,-1.80105,-0.296982,-11.1895,0.0,0.0,0.0,0.0,0.0,0.0,0.0,-5.27344,-37.694,0.0129973,0.143496,Nothing,seated
19.2223,128,-1.71483,-0.220342,-10.7201,0.0,0.0,0.0,0.0,0.0,0.0,0.0,-13.0078,-46.3554,0.0129973,0.143496,Nothing,seated
19.3724,129,-1.54239,-0.182021,-9.9537,0.0,0.0,0.0,0.0,0.0,0.0,0.0,-18.9844,-48.931,0.0129973,0.143496,Nothing,seated
19.5226,130,-1.41785,-0.258662,-9.20646,0.0,0.0,0.0,0.0,0.0,0.0,0.0,-22.5,-44.4828,0.0129973,0.143496,Nothing,seated
19.6728,131,-1.37953,-0.335303,-8.98611,0.0,0.0,0.0,0.0,0.0,0.0,0.0,-22.8516,-34.6497,0.0129973,0.143496,Nothing,seated
19.8229,132,-1.42743,-0.344883,-9.38848,0.0,0.0,0.0,0.0,0.0,0.0,0.0,-20.3906,-20.1342,0.0129973,0.143496,Nothing,seated
19.9731,133,-1.57113,-0.277822,-10.0687,0.0,0.0,0.0,0.0,0.0,0.0,0.0,-15.293,-3.04351,0.0129973,0.143496,Nothing,seated
20.1233,134,-1.78189,-0.191602,-10.7776,0.0,0.0,0.0,0.0,0.0,0.0,0.0,-7.91016,14.7492,0.0129973,0.143496,Nothing,seated
20.2734,135,-1.8777,-0.191602,-11.1416,0.0,0.0,0.0,0.0,0.0,0.0,0.0,0.351562,30.4349,0.0129973,0.143496,Nothing,seated
20.4236,136,-1.84896,-0.239502,-10.9596,0.0,0.0,0.0,0.0,0.0,0.0,0.0,8.4375,41.6724,0.0129973,0.143496,Nothing,seated
20.5737,137,-1.69567,-0.316143,-10.2507,0.0,0.0,0.0,0.0,0.0,0.0,0.0,15.4688,47.7655,0.0129973,0.143496,IncreaseAccelerometer,seated
20.7237,138,-1.50407,-0.325723,-9.3789,0.0,0.0,0.0,0.0,0.0,0.0,0.0,20.5664,47.7725,0.0129973,0.143496,IncreaseAccelerometer,seated
20.8738,139,-1.39869,-0.258662,-8.80409,0.0,0.0,0.0,0.0,0.0,0.0,0.0,22.5,40.5181,0.0129973,0.143496,IncreaseAccelerometer,seated
21.0239,140,-1.38911,-0.239502,-8.92863,0.0,0.0,0.0,0.0,0.0,0.0,0.0,21.4453,28.1086,0.0129973,0.143496,IncreaseAccelerometer,seated
21.1739,141,-1.49449,-0.239502,-9.38848,0.0,0.0,0.0,0.0,0.0,0.0,0.0,17.7539,12.4162,0.0129973,0.143496,IncreaseAccelerometer,seated
21.324,142,-1.63819,-0.277822,-10.2986,0.0,0.0,0.0,0.0,0.0,0.0,0.0,11.6016,-5.15391,0.0129973,0.143496,IncreaseAccelerometer,seated
21.4741,143,-1.77231,-0.344883,-10.8926,0.0,0.0,0.0,0.0,0.0,0.0,0.0,4.04297,-22.0212,0.0129973,0.143496,IncreaseAccelerometer,seated
21.6241,144,-1.78189,-0.287402,-11.1129,0.0,0.0,0.0,0.0,0.0,0.0,0.0,-4.21875,-35.6087,0.0129973,0.143496,IncreaseAccelerometer,seated
21.7742,145,-1.71483,-0.210762,-10.6818,0.0,0.0,0.0,0.0,0.0,0.0,0.0,-11.7773,-44.2768,0.0129973,0.143496,IncreaseAccelerometer,seated
21.9243,146,-1.59029,-0.182021,-10.0782,0.0,0.0,0.0,0.0,0.0,0.0,0.0,-17.9297,-47.5553,0.0129973,0.143496,IncreaseAccelerometer,seated
22.0744,147,-1.43701,-0.249082,-9.30226,0.0,0.0,0.0,0.0,0.0,0.0,0.0,-21.6211,-44.2755,0.0129973,0.143496,IncreaseAccelerometer,seated
22.2244,148,-1.37953,-0.306563,-9.05317,0.0,0.0,0.0,0.0,0.0,0.0,0.0,-22.3242,-35.1394,0.0129973,0.143496,IncreaseAccelerometer,seated
22.3745,149,-1.43701,-0.354463,-9.31184,0.0,0.0,0.0,0.0,0.0,0.0,0.0,-20.2148,-21.3179,0.0129973,0.143496,IncreaseAccelerometer,seated
22.5246,150,-1.52323,-0.296982,-9.88664,0.0,0.0,0.0,0.0,0.0,0.0,0.0,-15.4688,-4.91952,0.0129973,0.143496,IncreaseAccelerometer,seated
22.6746,151,-1.80105,-0.220342,-10.7105,0.0,0.0,0.0,0.0,0.0,0.0,0.0,-8.61328,12.4162,0.0129973,0.143496,IncreaseAccelerometer,seated
22.9486,152,-1.83938,-0.220342,-10.9883,0.0,0.0,0.0,0.0,0.0,0.0,0.0,6.15234,31.7674,0.0129973,0.143496,IncreaseAccelerometer,seated
23.0987,153,-1.72441,-0.296982,-10.4806,0.0,0.0,0.0,0.0,0.0,0.0,0.0,13.1836,40.614,0.0129973,0.143496,IncreaseAccelerometer,seated
23.2488,154,-1.56155,-0.354463,-9.59924,0.0,0.0,0.0,0.0,0.0,0.0,0.0,18.8086,44.6349,0.0129973,0.143496,IncreaseAccelerometer,seated
23.3989,155,-1.36995,-0.306563,-9.00527,0.0,0.0,0.0,0.0,0.0,0.0,0.0,21.4453,42.2224,0.0129973,0.143496,IncreaseAccelerometer,seated
23.5489,156,-1.38911,-0.201182,-8.86157,0.0,0.0,0.0,0.0,0.0,0.0,0.0,21.4453,34.3806,0.0129973,0.143496,IncreaseAccelerometer,seated
23.699,157,-1.45617,-0.229922,-9.27352,0.0,0.0,0.0,0.0,0.0,0.0,0.0,18.457,16.3985,0.0129973,0.143496,IncreaseAccelerometer,seated
23.8491,158,-1.57113,-0.249082,-10.0016,0.0,0.0,0.0,0.0,0.0,0.0,0.0,13.0078,-0.234264,0.0129973,0.143496,IncreaseAccelerometer,seated
23.9991,159,-1.72441,-0.344883,-10.6818,0.0,0.0,0.0,0.0,0.0,0.0,0.0,5.97656,-17.1015,0.0129973,0.143496,IncreaseAccelerometer,seated
24.1492,160,-1.75315,-0.354463,-11.0746,0.0,0.0,0.0,0.0,0.0,0.0,0.0,-1.93359,-31.1574,0.0129973,0.143496,IncreaseAccelerometer,seated
24.2993,161,-1.72441,-0.229922,-10.8159,0.0,0.0,0.0,0.0,0.0,0.0,0.0,-9.49219,-41.2317,0.0129973,0.143496,IncreaseAccelerometer,seated
24.4493,162,-1.59987,-0.182021,-10.2315,0.0,0.0,0.0,0.0,0.0,0.0,0.0,-15.9961,-45.9163,0.0129973,0.143496,IncreaseAccelerometer,seated
24.5994,163,-1.49449,-0.239502,-9.43638,0.0,0.0,0.0,0.0,0.0,0.0,0.0,-20.3906,-44.5108,0.0129973,0.143496,IncreaseAccelerometer,seated
24.7495,164,-1.36037,-0.287402,-9.10107,0.0,0.0,0.0,0.0,0.0,0.0,0.0,-21.7969,-37.0143,0.0129973,0.143496,IncreaseAccelerometer,seated
24.8995,165,-1.38911,-0.364043,-9.16813,0.0,0.0,0.0,0.0,0.0,0.0,0.0,-20.5664,-24.8324,0.0129973,0.143496,IncreaseAccelerometer,seated
25.0496,166,-1.52323,-0.354463,-9.62798,0.0,0.0,0.0,0.0,0.0,0.0,0.0,-16.5234,-9.37058,0.0129973,0.143496,IncreaseAccelerometer,seated
25.1997,167,-1.71483,-0.239502,-10.4231,0.0,0.0,0.0,0.0,0.0,0.0,0.0,-10.3711,7.49654,0.0129973,0.143496,IncreaseAccelerometer,seated
25.4037,168,-1.85854,-0.201182,-10.9309,0.0,0.0,0.0,0.0,0.0,0.0,0.0,-0.175781,25.1338,0.0129973,0.143496,IncreaseAccelerometer,seated
25.5538,169,-1.84896,-0.220342,-10.7297,0.0,0.0,0.0,0.0,0.0,0.0,0.0,7.73438,36.7168,0.0129973,0.143496,IncreaseAccelerometer,seated
25.7038,170,-1.68609,-0.306563,-10.2411,0.0,0.0,0.0,0.0,0.0,0.0,0.0,14.2383,43.2734,0.0129973,0.143496,IncreaseAccelerometer,seated
25.8539,171,-1.55197,-0.296982,-9.43638,0.0,0.0,0.0,0.0,0.0,0.0,0.0,18.9844,44.1481,0.0129973,0.143496,IncreaseAccelerometer,seated
26.004,172,-1.37953,-0.306563,-8.97653,0.0,0.0,0.0,0.0,0.0,0.0,0.0,21.0938,39.1216,0.0129973,0.143496,IncreaseAccelerometer,seated
26.1541,173,-1.39869,-0.220342,-8.93821,0.0,0.0,0.0,0.0,0.0,0.0,0.0,20.3906,27.409,0.0129973,0.143496,IncreaseAccelerometer,seated
26.3041,174,-1.46575,-0.239502,-9.43638,0.0,0.0,0.0,0.0,0.0,0.0,0.0,16.875,12.1819,0.0129973,0.143496,IncreaseAccelerometer,seated
26.4542,175,-1.59987,-0.277822,-10.2698,0.0,0.0,0.0,0.0,0.0,0.0,0.0,10.7227,-4.68535,0.0129973,0.143496,IncreaseAccelerometer,seated
26.6066,176,-1.72441,-0.344883,-10.8063,0.0,0.0,0.0,0.0,0.0,0.0,0.0,4.04297,-19.8513,0.0129973,0.143496,IncreaseAccelerometer,seated
26.7566,177,-1.75315,-0.287402,-10.9213,0.0,0.0,0.0,0.0,0.0,0.0,0.0,-4.21875,-33.6304,0.0129973,0.143496,IncreaseAccelerometer,seated
26.9067,178,-1.69567,-0.210762,-10.6626,0.0,0.0,0.0,0.0,0.0,0.0,0.0,-11.0742,-41.8044,0.0129973,0.143496,IncreaseAccelerometer,seated
27.0568,179,-1.54239,-0.210762,-9.92496,0.0,0.0,0.0,0.0,0.0,0.0,0.0,-16.875,-44.8404,0.0129973,0.143496,IncreaseAccelerometer,seated
27.2069,180,-1.41785,-0.296982,-9.38848,0.0,0.0,0.0,0.0,0.0,0.0,0.0,-20.3906,-41.337,0.0129973,0.143496,IncreaseAccelerometer,seated
27.3569,181,-1.37953,-0.325723,-9.09149,0.0,0.0,0.0,0.0,0.0,0.0,0.0,-21.2695,-33.7342,0.0129973,0.143496,IncreaseAccelerometer,seated
27.507,182,-1.40827,-0.354463,-9.31184,0.0,0.0,0.0,0.0,0.0,0.0,0.0,-19.3359,-20.1468,0.0129973,0.143496,IncreaseAccelerometer,seated
27.6571,183,-1.56155,-0.296982,-9.84832,0.0,0.0,0.0,0.0,0.0,0.0,0.0,-14.7656,-4.91969,0.0129973,0.143496,IncreaseAccelerometer,seated
27.9054,184,-1.78189,-0.201182,-10.8351,0.0,0.0,0.0,0.0,0.0,0.0,0.0,-3.16406,16.1573,0.0129973,0.143496,IncreaseAccelerometer,seated
28.0555,185,-1.81063,-0.239502,-10.883,0.0,0.0,0.0,0.0,0.0,0.0,0.0,4.21875,29.0003,0.0129973,0.143496,IncreaseAccelerometer,seated
28.2055,186,-1.73399,-0.268242,-10.4423,0.0,0.0,0.0,0.0,0.0,0.0,0.0,11.6016,38.736,0.0129973,0.143496,IncreaseAccelerometer,seated
28.3556,187,-1.59029,-0.316143,-9.74294,0.0,0.0,0.0,0.0,0.0,0.0,0.0,16.875,42.6717,0.0129973,0.143496,IncreaseAccelerometer,seated
28.5057,188,-1.49449,-0.325723,-9.17772,0.0,0.0,0.0,0.0,0.0,0.0,0.0,20.0391,41.0144,0.0129973,0.143496,IncreaseAccelerometer,seated
28.6557,189,-1.41785,-0.229922,-8.93821,0.0,0.0,0.0,0.0,0.0,0.0,0.0,20.5664,31.6258,0.0129973,0.143496,IncreaseAccelerometer,seated
28.8058,190,-1.43701,-0.210762,-9.2352,0.0,0.0,0.0,0.0,0.0,0.0,0.0,18.2812,18.7412,0.0129973,0.143496,IncreaseAccelerometer,seated
28.9559,191,-1.55197,-0.258662,-9.84832,0.0,0.0,0.0,0.0,0.0,0.0,0.0,13.7109,2.81119,0.0129973,0.143496,IncreaseAccelerometer,seated
29.1059,192,-1.63819,-0.306563,-10.5285,0.0,0.0,0.0,0.0,0.0,0.0,0.0,7.03125,-13.1188,0.0129973,0.143496,IncreaseAccelerometer,seated
29.256,193,-1.75315,-0.325723,-10.883,0.0,0.0,0.0,0.0,0.0,0.0,0.0,-0.351562,-27.1746,0.0129973,0.143496,IncreaseAccelerometer,seated
29.4061,194,-1.74357,-0.229922,-10.7488,0.0,0.0,0.0,0.0,0.0,0.0,0.0,-8.08594,-38.1857,0.0129973,0.143496,IncreaseAccelerometer,seated
29.5562,195,-1.60945,-0.220342,-10.3177,0.0,0.0,0.0,0.0,0.0,0.0,0.0,-14.0625,-43.1047,0.0129973,0.143496,IncreaseAccelerometer,seated
29.7062,196,-1.51365,-0.201182,-9.6663,0.0,0.0,0.0,0.0,0.0,0.0,0.0,-18.6328,-43.1047,0.0129973,0.143496,IncreaseAccelerometer,seated
29.8563,197,-1.36995,-0.296982,-9.17772,0.0,0.0,0.0,0.0,0.0,0.0,0.0,-20.5664,-36.7797,0.0129973,0.143496,IncreaseAccelerometer,seated
30.0064,198,-1.36037,-0.325723,-9.18729,0.0,0.0,0.0,0.0,0.0,0.0,0.0,-19.8633,-26.0035,0.0129973,0.143496,IncreaseAccelerometer,seated
30.1564,199,-1.53281,-0.296982,-9.62798,0.0,0.0,0.0,0.0,0.0,0.0,0.0,-16.5234,-11.2448,0.0129973,0.143496,IncreaseAccelerometer,seated
30.3508,200,-1.67651,0.114961,-11.6206,0.0,0.0,0.0,0.0,0.0,0.0,0.0,-9.14062,6.19353,0.0178673,0.140658,IncreaseAccelerometer,extended
30.5009,201,1.9735,0.0383203,-9.69504,0.0,0.0,0.0,0.0,0.0,0.0,0.0,-1.58203,21.4563,0.0178673,0.140658,IncreaseAccelerometer,extended
30.651,202,-11.5057,0.613125,-9.331,0.0,0.0,0.0,0.0,0.0,0.0,0.0,5.27344,32.5165,0.0178673,0.140658,IncreaseAccelerometer,extended
30.801,203,-8.31551,-0.488584,-8.16223,0.0,0.0,0.0,0.0,0.0,0.0,0.0,11.9531,40.0373,0.0178673,0.140658,IncreaseAccelerometer,extended
30.9511,204,-7.1659,-0.162861,-6.98388,0.0,0.0,0.0,0.0,0.0,0.0,0.0,16.875,42.0275,0.0178673,0.140658,IncreaseAccelerometer,extended
31.1012,205,-5.59477,-0.306563,-6.7348,0.0,0.0,0.0,0.0,0.0,0.0,0.0,19.6875,38.4203,0.0178673,0.140658,IncreaseAccelerometer,extended
31.2512,206,-5.59477,-0.182021,-6.99346,0.0,0.0,0.0,0.0,0.0,0.0,0.0,19.3359,27.8778,0.0178673,0.140658,IncreaseAccelerometer,extended
31.4013,207,-6.05461,-0.0191602,-7.08926,0.0,0.0,0.0,0.0,0.0,0.0,0.0,16.6992,15.2273,0.0178673,0.140658,IncreaseAccelerometer,extended
31.5514,208,-6.39949,-0.201182,-7.51078,0.0,0.0,0.0,0.0,0.0,0.0,0.0,11.9531,0.0,0.0178673,0.140658,IncreaseAccelerometer,extended
31.7014,209,-6.7827,-0.172441,-8.01853,0.0,0.0,0.0,0.0,0.0,0.0,0.0,5.09766,-15.696,0.0178673,0.140658,IncreaseAccelerometer,extended
31.8869,210,-6.99346,-0.210762,-8.19097,0.0,0.0,0.0,0.0,0.0,0.0,0.0,-3.86719,-29.978,0.0129973,0.143496,IncreaseAccelerometer,seated
32.037,211,-8.25803,-0.153281,-9.56092,0.0,0.0,0.0,0.0,0.0,0.0,0.0,-10.7227,-38.2551,0.0129973,0.143496,IncreaseAccelerometer,seated
32.187,212,-4.27272,0.613125,-10.9692,0.0,0.0,0.0,0.0,0.0,0.0,0.0,-16.1719,-41.8347,0.0129973,0.143496,IncreaseAccelerometer,seated
32.3371,213,-1.73399,-0.0383203,-10.1932,0.0,0.0,0.0,0.0,0.0,0.0,0.0,-19.6875,-40.2688,0.0129973,0.143496,IncreaseAccelerometer,seated
32.4872,214,-1.38911,-0.344883,-9.14898,0.0,0.0,0.0,0.0,0.0,0.0,0.0,-20.2148,-32.2152,0.0129973,0.143496,IncreaseAccelerometer,seated
32.6372,215,-1.46575,-0.287402,-9.34058,0.0,0.0,0.0,0.0,0.0,0.0,0.0,-18.2812,-19.21,0.0129973,0.143496,IncreaseAccelerometer,seated
32.7873,216,-1.69567,-0.344883,-9.93454,0.0,0.0,0.0,0.0,0.0,0.0,0.0,-14.0625,-4.45113,0.0129973,0.143496,IncreaseAccelerometer,seated
32.97,217,-1.80105,-0.182021,-11.0075,0.0,0.0,0.0,0.0,0.0,0.0,0.0,-5.80078,13.2456,0.0178673,0.140658,IncreaseAccelerometer,extended
33.1201,218,1.37953,-0.737666,-8.69871,0.0,0.0,0.0,0.0,0.0,0.0,0.0,0.703125,26.042,0.0178673,0.140658,IncreaseAccelerometer,extended
33.2702,219,-12.9906,-0.143701,-12.1188,0.0,0.0,0.0,0.0,0.0,0.0,0.0,7.73438,35.6948,0.0178673,0.140658,IncreaseAccelerometer,extended
33.4202,220,-8.70829,0.00958008,-7.73112,0.0,0.0,0.0,0.0,0.0,0.0,0.0,13.8867,41.083,0.0178673,0.140658,IncreaseAccelerometer,extended
33.5703,221,-6.64857,-0.0479004,-7.37666,0.0,0.0,0.0,0.0,0.0,0.0,0.0,17.9297,40.8582,0.0178673,0.140658,IncreaseAccelerometer,extended
33.7204,222,-5.55645,-0.325723,-6.79228,0.0,0.0,0.0,0.0,0.0,0.0,0.0,19.5117,33.734,0.0178673,0.140658,IncreaseAccelerometer,extended
33.8705,223,-5.76721,-0.182021,-6.84976,0.0,0.0,0.0,0.0,0.0,0.0,0.0,18.457,23.6607,0.0178673,0.140658,IncreaseAccelerometer,extended
34.0205,224,-6.12167,0.0191602,-7.30002,0.0,0.0,0.0,0.0,0.0,0.0,0.0,14.7656,9.37073,0.0178673,0.140658,IncreaseAccelerometer,extended
34.2038,225,-6.48571,-0.182021,-7.71196,0.0,0.0,0.0,0.0,0.0,0.0,0.0,7.73438,-7.85204,0.0129973,0.143496,IncreaseAccelerometer,seated
34.3539,226,-7.56826,-0.143701,-8.38257,0.0,0.0,0.0,0.0,0.0,0.0,0.0,0.351562,-22.4346,0.0129973,0.143496,IncreaseAccelerometer,seated
34.5039,227,-5.11576,0.0958008,-10.8926,0.0,0.0,0.0,0.0,0.0,0.0,0.0,-6.50391,-33.2042,0.0129973,0.143496,IncreaseAccelerometer,seated
34.654,228,-2.89318,-0.689766,-10.0112,0.0,0.0,0.0,0.0,0.0,0.0,0.0,-13.0078,-40.1587,0.0129973,0.143496,IncreaseAccelerometer,seated
34.804,229,-1.59029,-0.143701,-9.93454,0.0,0.0,0.0,0.0,0.0,0.0,0.0,-17.4023,-41.0558,0.0129973,0.143496,IncreaseAccelerometer,seated
34.9541,230,-1.66693,-0.306563,-9.36932,0.0,0.0,0.0,0.0,0.0,0.0,0.0,-19.6875,-36.5467,0.0129973,0.143496,IncreaseAccelerometer,seated
35.1042,231,-1.56155,-0.182021,-8.95737,0.0,0.0,0.0,0.0,0.0,0.0,0.0,-19.5117,-26.4729,0.0129973,0.143496,IncreaseAccelerometer,seated
35.2542,232,-1.48491,-0.306563,-9.39806,0.0,0.0,0.0,0.0,0.0,0.0,0.0,-16.5234,-13.3531,0.0129973,0.143496,IncreaseAccelerometer,seated
35.4511,233,-1.72441,-0.210762,-10.3561,0.0,0.0,0.0,0.0,0.0,0.0,0.0,-9.66797,4.18965,0.0178673,0.140658,IncreaseAccelerometer,extended
35.6012,234,0.574805,0.871787,-11.0554,0.0,0.0,0.0,0.0,0.0,0.0,0.0,-2.8125,18.3021,0.0178673,0.140658,IncreaseAccelerometer,extended
35.7513,235,-12.9044,-1.18793,-9.14898,0.0,0.0,0.0,0.0,0.0,0.0,0.0,4.21875,29.9889,0.0178673,0.140658,IncreaseAccelerometer,extended
35.9014,236,-8.23887,-0.239502,-7.44372,0.0,0.0,0.0,0.0,0.0,0.0,0.0,10.8984,38.1469,0.0178673,0.140658,IncreaseAccelerometer,extended
36.0514,237,-7.72154,-0.124541,-8.17181,0.0,0.0,0.0,0.0,0.0,0.0,0.0,15.6445,40.352,0.0178673,0.140658,IncreaseAccelerometer,extended
36.2015,238,-5.99713,-0.114961,-6.8306,0.0,0.0,0.0,0.0,0.0,0.0,0.0,18.6328,37.7161,0.0178673,0.140658,IncreaseAccelerometer,extended
36.3516,239,-5.42232,-0.287402,-6.58151,0.0,0.0,0.0,0.0,0.0,0.0,0.0,18.8086,28.8145,0.0178673,0.140658,IncreaseAccelerometer,extended
36.5016,240,-5.81511,-0.0958008,-6.82102,0.0,0.0,0.0,0.0,0.0,0.0,0.0,16.5234,16.3985,0.0178673,0.140658,IncreaseAccelerometer,extended
36.6517,241,-6.43781,-0.143701,-7.5012,0.0,0.0,0.0,0.0,0.0,0.0,0.0,12.1289,1.63988,0.0178673,0.140658,IncreaseAccelerometer,extended
36.8373,242,-5.99713,-0.296982,-7.75986,0.0,0.0,0.0,0.0,0.0,0.0,0.0,4.04297,-14.7619,0.0129973,0.143496,IncreaseAccelerometer,seated
36.9874,243,-8.14307,-0.0766406,-8.82325,0.0,0.0,0.0,0.0,0.0,0.0,0.0,-3.16406,-27.7346,0.0129973,0.143496,IncreaseAccelerometer,seated
37.1375,244,-1.93518,0.593965,-10.6147,0.0,0.0,0.0,0.0,0.0,0.0,0.0,-9.49219,-36.0091,0.0129973,0.143496,IncreaseAccelerometer,seated
37.2876,245,-3.16143,0.220342,-11.1033,0.0,0.0,0.0,0.0,0.0,0.0,0.0,-15.1172,-40.2584,0.0129973,0.143496,IncreaseAccelerometer,seated
37.4376,246,-1.89686,-0.210762,-9.84832,0.0,0.0,0.0,0.0,0.0,0.0,0.0,-18.457,-38.9165,0.0129973,0.143496,IncreaseAccelerometer,seated
37.5877,247,-1.57113,-0.249082,-9.04359,0.0,0.0,0.0,0.0,0.0,0.0,0.0,-19.5117,-31.3911,0.0129973,0.143496,IncreaseAccelerometer,seated
37.7378,248,-1.36037,-0.268242,-9.32142,0.0,0.0,0.0,0.0,0.0,0.0,0.0,-17.9297,-19.678,0.0129973,0.143496,IncreaseAccelerometer,seated
37.8878,249,-1.38911,-0.364043,-9.84832,0.0,0.0,0.0,0.0,0.0,0.0,0.0,-13.5352,-5.38817,0.0129973,0.143496,IncreaseAccelerometer,seated
38.1118,250,-1.69567,0.00958008,-11.1129,0.0,0.0,0.0,0.0,0.0,0.0,0.0,-4.92188,12.3703,0.0178673,0.140658,IncreaseAccelerometer,extended
38.2618,251,-3.54463,0.613125,-10.3082,0.0,0.0,0.0,0.0,0.0,0.0,0.0,1.93359,24.7405,0.0178673,0.140658,IncreaseAccelerometer,extended
38.4119,252,-7.2617,0.804727,-9.20646,0.0,0.0,0.0,0.0,0.0,0.0,0.0,8.4375,33.9108,0.0178673,0.140658,IncreaseAccelerometer,extended
38.562,253,-6.10251,0.134121,-7.27128,0.0,0.0,0.0,0.0,0.0,0.0,0.0,14.2383,39.0294,0.0178673,0.140658,IncreaseAccelerometer,extended
38.712,254,-6.84018,-0.105381,-7.25212,0.0,0.0,0.0,0.0,0.0,0.0,0.0,17.4023,37.5367,0.0178673,0.140658,IncreaseAccelerometer,extended
38.8621,255,-5.70973,-0.162861,-6.80186,0.0,0.0,0.0,0.0,0.0,0.0,0.0,18.6328,31.3917,0.0178673,0.140658,IncreaseAccelerometer,extended
39.0122,256,-5.63309,-0.249082,-6.82102,0.0,0.0,0.0,0.0,0.0,0.0,0.0,17.2266,20.3812,0.0178673,0.140658,IncreaseAccelerometer,extended
39.1951,257,-6.28453,-0.182021,-7.27128,0.0,0.0,0.0,0.0,0.0,0.0,0.0,12.3047,4.93747,0.0129973,0.143496,IncreaseAccelerometer,seated
39.3452,258,-7.43414,-0.392783,-7.98021,0.0,0.0,0.0,0.0,0.0,0.0,0.0,6.32812,-10.0992,0.0129973,0.143496,IncreaseAccelerometer,seated
39.4953,259,-5.36484,0.0670606,-10.471,0.0,0.0,0.0,0.0,0.0,0.0,0.0,-0.351562,-22.6671,0.0129973,0.143496,IncreaseAccelerometer,seated
39.6453,260,-4.32062,-0.450264,-10.9692,0.0,0.0,0.0,0.0,0.0,0.0,0.0,-7.20703,-32.9907,0.0129973,0.143496,IncreaseAccelerometer,seated
39.7954,261,-1.88728,-0.258662,-10.2219,0.0,0.0,0.0,0.0,0.0,0.0,0.0,-13.0078,-38.6006,0.0129973,0.143496,IncreaseAccelerometer,seated
39.9455,262,-1.70525,-0.277822,-9.60882,0.0,0.0,0.0,0.0,0.0,0.0,0.0,-17.2266,-39.3562,0.0129973,0.143496,IncreaseAccelerometer,seated
40.0956,263,-1.64777,-0.172441,-9.16813,0.0,0.0,0.0,0.0,0.0,0.0,0.0,-18.9844,-33.734,0.0129973,0.143496,IncreaseAccelerometer,seated
40.2456,264,-1.45617,-0.287402,-9.17772,0.0,0.0,0.0,0.0,0.0,0.0,0.0,-18.2812,-23.895,0.0129973,0.143496,IncreaseAccelerometer,seated
40.3957,265,-1.54239,-0.268242,-9.60882,0.0,0.0,0.0,0.0,0.0,0.0,0.0,-15.1172,-10.5419,0.0129973,0.143496,IncreaseAccelerometer,seated
40.5844,266,-1.70525,-0.229922,-10.3369,0.0,0.0,0.0,0.0,0.0,0.0,0.0,-8.61328,5.56989,0.0178673,0.140658,IncreaseAccelerometer,extended
40.7345,267,1.86812,-0.651445,-8.20055,0.0,0.0,0.0,0.0,0.0,0.0,0.0,-2.10938,19.1604,0.0178673,0.140658,IncreaseAccelerometer,extended
40.8846,268,-11.2279,-0.651445,-9.38848,0.0,0.0,0.0,0.0,0.0,0.0,0.0,4.74609,30.0769,0.0178673,0.140658,IncreaseAccelerometer,extended
41.0346,269,-8.11433,-0.153281,-8.17181,0.0,0.0,0.0,0.0,0.0,0.0,0.0,10.8984,36.9831,0.0178673,0.140658,IncreaseAccelerometer,extended
41.1847,270,-6.53361,-0.0670606,-7.27128,0.0,0.0,0.0,0.0,0.0,0.0,0.0,15.293,38.5431,0.0178673,0.140658,IncreaseAccelerometer,extended
41.3348,271,-5.84385,-0.0958008,-6.8306,0.0,0.0,0.0,0.0,0.0,0.0,0.0,17.9297,35.3739,0.0178673,0.140658,IncreaseAccelerometer,extended
41.4848,272,-5.78637,-0.296982,-6.93598,0.0,0.0,0.0,0.0,0.0,0.0,0.0,17.7539,26.472,0.0178673,0.140658,IncreaseAccelerometer,extended
41.6349,273,-5.98755,-0.0670606,-7.07968,0.0,0.0,0.0,0.0,0.0,0.0,0.0,15.293,14.056,0.0178673,0.140658,IncreaseAccelerometer,extended
41.8281,274,-6.37075,-0.268242,-7.57784,0.0,0.0,0.0,0.0,0.0,0.0,0.0,9.31641,-1.99371,0.0129973,0.143496,IncreaseAccelerometer,seated
41.9782,275,-8.91905,-0.258662,-8.36341,0.0,0.0,0.0,0.0,0.0,0.0,0.0,2.8125,-15.7281,0.0129973,0.143496,IncreaseAccelerometer,seated
42.1283,276,-2.3567,0.268242,-6.98388,0.0,0.0,0.0,0.0,0.0,0.0,0.0,-3.69141,-27.2468,0.0129973,0.143496,IncreaseAccelerometer,seated
42.2784,277,-2.89318,-0.574805,-9.89622,0.0,0.0,0.0,0.0,0.0,0.0,0.0,-11.25,-36.5502,0.0129973,0.143496,IncreaseAccelerometer,seated
42.4284,278,-1.84896,-0.268242,-10.4135,0.0,0.0,0.0,0.0,0.0,0.0,0.0,-14.9414,-38.1011,0.0129973,0.143496,IncreaseAccelerometer,seated
42.5785,279,-1.61903,-0.287402,-9.45554,0.0,0.0,0.0,0.0,0.0,0.0,0.0,-18.1055,-36.5452,0.0129973,0.143496,IncreaseAccelerometer,seated
42.7286,280,-1.61903,-0.344883,-9.04359,0.0,0.0,0.0,0.0,0.0,0.0,0.0,-18.2812,-28.1117,0.0129973,0.143496,IncreaseAccelerometer,seated
42.8786,281,-1.48491,-0.325723,-9.26394,0.0,0.0,0.0,0.0,0.0,0.0,0.0,-16.5234,-17.1016,0.0129973,0.143496,IncreaseAccelerometer,seated
43.0918,282,-1.63819,-0.258662,-10.1645,0.0,0.0,0.0,0.0,0.0,0.0,0.0,-10.1953,1.29661,0.0178673,0.140658,IncreaseAccelerometer,extended
43.2419,283,0.354463,0.277822,-8.43047,0.0,0.0,0.0,0.0,0.0,0.0,0.0,-4.21875,13.1822,0.0178673,0.140658,IncreaseAccelerometer,extended
43.3919,284,-9.83874,-1.11129,-9.56092,0.0,0.0,0.0,0.0,0.0,0.0,0.0,2.46094,25.2838,0.0178673,0.140658,IncreaseAccelerometer,extended
43.542,285,-7.81734,0.143701,-7.85566,0.0,0.0,0.0,0.0,0.0,0.0,0.0,8.78906,33.2795,0.0178673,0.140658,IncreaseAccelerometer,extended
43.6921,286,-7.62574,-0.182021,-8.00895,0.0,0.0,0.0,0.0,0.0,0.0,0.0,13.7109,37.1693,0.0178673,0.140658,IncreaseAccelerometer,extended
43.8421,287,-5.88217,-0.191602,-6.96472,0.0,0.0,0.0,0.0,0.0,0.0,0.0,16.875,36.0778,0.0178673,0.140658,IncreaseAccelerometer,extended
43.9922,288,-5.49897,-0.172441,-6.62941,0.0,0.0,0.0,0.0,0.0,0.0,0.0,17.7539,29.2839,0.0178673,0.140658,IncreaseAccelerometer,extended
44.1423,289,-5.93007,-0.0574805,-7.04136,0.0,0.0,0.0,0.0,0.0,0.0,0.0,15.9961,18.0389,0.0178673,0.140658,IncreaseAccelerometer,extended
44.2923,290,-6.24621,-0.210762,-7.3575,0.0,0.0,0.0,0.0,0.0,0.0,0.0,12.1289,4.45115,0.0178673,0.140658,IncreaseAccelerometer,extended
44.4424,291,-6.57193,-0.182021,-7.8844,0.0,0.0,0.0,0.0,0.0,0.0,0.0,6.67969,-9.37084,0.0178673,0.140658,IncreaseAccelerometer,extended
44.5925,292,-6.85934,-0.182021,-8.03769,0.0,0.0,0.0,0.0,0.0,0.0,0.0,0.175781,-22.2556,0.0178673,0.140658,IncreaseAccelerometer,extended
44.7425,293,-6.85934,-0.229922,-8.09517,0.0,0.0,0.0,0.0,0.0,0.0,0.0,-6.32812,-32.0942,0.0178673,0.140658,IncreaseAccelerometer,extended
44.8926,294,-6.48571,-0.0766406,-7.76944,0.0,0.0,0.0,0.0,0.0,0.0,0.0,-12.1289,-37.4824,0.0178673,0.140658,IncreaseAccelerometer,extended
45.0427,295,-6.30369,-0.134121,-7.5012,0.0,0.0,0.0,0.0,0.0,0.0,0.0,-16.3477,-37.9509,0.0178673,0.140658,IncreaseAccelerometer,extended
45.1927,296,-6.01629,-0.229922,-7.2138,0.0,0.0,0.0,0.0,0.0,0.0,0.0,-18.2812,-33.2657,0.0178673,0.140658,IncreaseAccelerometer,extended
45.3428,297,-5.87259,-0.172441,-7.1659,0.0,0.0,0.0,0.0,0.0,0.0,0.0,-17.9297,-24.1294,0.0178673,0.140658,IncreaseAccelerometer,extended
45.5343,298,-6.24621,-0.249082,-7.52036,0.0,0.0,0.0,0.0,0.0,0.0,0.0,-14.0625,-9.76882,0.0178673,0.140658,IncreaseAccelerometer,extended
45.6843,299,-6.53361,-0.143701,-7.7886,0.0,0.0,0.0,0.0,0.0,0.0,0.0,-9.14062,3.77429,0.0178673,0.140658,IncreaseAccelerometer,extended
45.8344,300,-6.84976,-0.124541,-8.00895,0.0,0.0,0.0,0.0,0.0,0.0,0.0,-2.63672,17.3173,0.0178673,0.140658,IncreaseAccelerometer,extended
45.9845,301,-6.84018,-0.134121,-7.96105,0.0,0.0,0.0,0.0,0.0,0.0,0.0,4.21875,28.4175,0.0178673,0.140658,IncreaseAccelerometer,extended
46.1346,302,-6.59109,-0.182021,-7.67364,0.0,0.0,0.0,0.0,0.0,0.0,0.0,9.84375,35.0778,0.0178673,0.140658,IncreaseAccelerometer,extended
46.2846,303,-6.24621,-0.249082,-7.3575,0.0,0.0,0.0,0.0,0.0,0.0,0.0,14.2383,37.7166,0.0178673,0.140658,IncreaseAccelerometer,extended
46.4347,304,-5.94923,-0.182021,-6.98388,0.0,0.0,0.0,0.0,0.0,0.0,0.0,16.875,34.6709,0.0178673,0.140658,IncreaseAccelerometer,extended
46.5848,305,-5.76721,-0.143701,-6.85934,0.0,0.0,0.0,0.0,0.0,0.0,0.0,17.2266,26.472,0.0178673,0.140658,IncreaseAccelerometer,extended
46.7348,306,-5.93007,-0.143701,-7.05094,0.0,0.0,0.0,0.0,0.0,0.0,0.0,15.1172,14.5248,0.0178673,0.140658,IncreaseAccelerometer,extended
46.9368,307,-6.33243,-0.229922,-7.36708,0.0,0.0,0.0,0.0,0.0,0.0,0.0,9.14062,-0.8765,0.0129973,0.143496,IncreaseAccelerometer,seated
47.0868,308,-7.89398,-0.670605,-7.95147,0.0,0.0,0.0,0.0,0.0,0.0,0.0,3.16406,-13.8049,0.0129973,0.143496,IncreaseAccelerometer,seated
47.2369,309,-3.83203,-0.0958008,-11.2949,0.0,0.0,0.0,0.0,0.0,0.0,0.0,-3.16406,-24.9804,0.0129973,0.143496,IncreaseAccelerometer,seated
47.387,310,-4.06195,-0.105381,-11.1512,0.0,0.0,0.0,0.0,0.0,0.0,0.0,-9.31641,-33.0876,0.0129973,0.143496,IncreaseAccelerometer,seated
47.537,311,-2.01182,-0.143701,-10.1549,0.0,0.0,0.0,0.0,0.0,0.0,0.0,-14.0625,-36.3743,0.0129973,0.143496,IncreaseAccelerometer,seated
47.6871,312,-1.71483,-0.287402,-9.56092,0.0,0.0,0.0,0.0,0.0,0.0,0.0,-17.2266,-35.1403,0.0129973,0.143496,IncreaseAccelerometer,seated
47.8372,313,-1.55197,-0.239502,-9.16813,0.0,0.0,0.0,0.0,0.0,0.0,0.0,-17.7539,-27.8776,0.0129973,0.143496,IncreaseAccelerometer,seated
47.9872,314,-1.39869,-0.268242,-9.26394,0.0,0.0,0.0,0.0,0.0,0.0,0.0,-15.9961,-17.1014,0.0129973,0.143496,IncreaseAccelerometer,seated
48.2072,315,-0.0670606,0.220342,-9.97286,0.0,0.0,0.0,0.0,0.0,0.0,0.0,-9.84375,-0.642957,0.0178673,0.140658,IncreaseAccelerometer,extended
48.3572,316,-3.67875,-0.823887,-8.96695,0.0,0.0,0.0,0.0,0.0,0.0,0.0,-4.21875,12.0019,0.0178673,0.140658,IncreaseAccelerometer,extended
48.5073,317,-8.82325,-0.373623,-8.67955,0.0,0.0,0.0,0.0,0.0,0.0,0.0,2.46094,24.0034,0.0178673,0.140658,IncreaseAccelerometer,extended
48.6574,318,-6.80186,-0.344883,-7.75028,0.0,0.0,0.0,0.0,0.0,0.0,0.0,8.4375,31.9328,0.0178673,0.140658,IncreaseAccelerometer,extended
48.8075,319,-6.93598,-0.0670606,-7.44372,0.0,0.0,0.0,0.0,0.0,0.0,0.0,13.3594,35.7903,0.0178673,0.140658,IncreaseAccelerometer,extended
48.9575,320,-5.88217,-0.229922,-7.03178,0.0,0.0,0.0,0.0,0.0,0.0,0.0,16.1719,34.6707,0.0178673,0.140658,IncreaseAccelerometer,extended
49.1076,321,-5.71931,-0.268242,-6.81144,0.0,0.0,0.0,0.0,0.0,0.0,0.0,17.0508,28.3457,0.0178673,0.140658,IncreaseAccelerometer,extended
49.2577,322,-5.99713,-0.0574805,-7.00304,0.0,0.0,0.0,0.0,0.0,0.0,0.0,15.4688,17.3354,0.0178673,0.140658,IncreaseAccelerometer,extended
49.4503,323,-6.09293,-0.182021,-7.30002,0.0,0.0,0.0,0.0,0.0,0.0,0.0,10.1953,2.21703,0.0129973,0.143496,IncreaseAccelerometer,seated
49.6003,324,-9.32142,-0.708926,-8.45921,0.0,0.0,0.0,0.0,0.0,0.0,0.0,4.74609,-10.8634,0.0129973,0.143496,IncreaseAccelerometer,seated
49.7504,325,-3.60211,0.277822,-10.0591,0.0,0.0,0.0,0.0,0.0,0.0,0.0,-1.75781,-22.6137,0.0129973,0.143496,IncreaseAccelerometer,seated
49.9005,326,-3.18059,-0.584385,-11.0363,0.0,0.0,0.0,0.0,0.0,0.0,0.0,-7.73438,-31.2598,0.0129973,0.143496,IncreaseAccelerometer,seated
50.0505,327,-1.80105,-0.344883,-10.5285,0.0,0.0,0.0,0.0,0.0,0.0,0.0,-12.6562,-35.472,0.0129973,0.143496,IncreaseAccelerometer,seated
50.2006,328,-1.84896,-0.153281,-9.70462,0.0,0.0,0.0,0.0,0.0,0.0,0.0,-16.1719,-35.1399,0.0129973,0.143496,IncreaseAccelerometer,seated
50.3507,329,-1.55197,-0.239502,-9.4747,0.0,0.0,0.0,0.0,0.0,0.0,0.0,-17.4023,-29.5175,0.0129973,0.143496,IncreaseAccelerometer,seated
50.5007,330,-1.28373,-0.249082,-9.26394,0.0,0.0,0.0,0.0,0.0,0.0,0.0,-16.3477,-19.4441,0.0129973,0.143496,IncreaseAccelerometer,seated
50.6508,331,-1.51365,-0.239502,-9.60882,0.0,0.0,0.0,0.0,0.0,0.0,0.0,-13.1836,-7.26231,0.0129973,0.143496,IncreaseAccelerometer,seated
50.8425,332,-1.66693,-0.153281,-10.3273,0.0,0.0,0.0,0.0,0.0,0.0,0.0,-6.50391,7.76813,0.0178673,0.140658,IncreaseAccelerometer,extended
50.9926,333,-3.11353,-0.766406,-9.6663,0.0,0.0,0.0,0.0,0.0,0.0,0.0,-0.703125,19.5309,0.0178673,0.140658,IncreaseAccelerometer,extended
51.1427,334,-5.72889,-0.239502,-5.87259,0.0,0.0,0.0,0.0,0.0,0.0,0.0,5.80078,29.2964,0.0178673,0.140658,IncreaseAccelerometer,extended
51.2928,335,-6.17915,-0.0383203,-8.00895,0.0,0.0,0.0,0.0,0.0,0.0,0.0,11.0742,34.6232,0.0178673,0.140658,IncreaseAccelerometer,extended
51.4428,336,-5.72889,-0.421523,-7.36708,0.0,0.0,0.0,0.0,0.0,0.0,0.0,14.7656,35.289,0.0178673,0.140658,IncreaseAccelerometer,extended
51.5929,337,-5.84385,-0.0479004,-7.0222,0.0,0.0,0.0,0.0,0.0,0.0,0.0,16.5234,30.6884,0.0178673,0.140658,IncreaseAccelerometer,extended
51.8159,338,-5.93965,-0.239502,-6.89766,0.0,0.0,0.0,0.0,0.0,0.0,0.0,14.9414,19.0028,0.0129973,0.143496,IncreaseAccelerometer,seated
51.966,339,-7.73112,-0.172441,-7.5012,0.0,0.0,0.0,0.0,0.0,0.0,0.0,11.4258,6.83249,0.0129973,0.143496,IncreaseAccelerometer,seated
52.116,340,0.833467,-0.124541,-8.98611,0.0,0.0,0.0,0.0,0.0,0.0,0.0,6.32812,-5.76492,0.0129973,0.143496,IncreaseAccelerometer,seated
52.2661,341,-3.79371,0.603545,-11.1321,0.0,0.0,0.0,0.0,0.0,0.0,0.0,0.175781,-17.7216,0.0129973,0.143496,IncreaseAccelerometer,seated
52.4162,342,-2.0693,-0.316143,-10.6626,0.0,0.0,0.0,0.0,0.0,0.0,0.0,-6.32812,-27.757,0.0129973,0.143496,IncreaseAccelerometer,seated
52.5662,343,-1.83938,-0.134121,-10.1357,0.0,0.0,0.0,0.0,0.0,0.0,0.0,-11.25,-34.9057,0.0129973,0.143496,IncreaseAccelerometer,seated
52.7163,344,-1.47533,-0.268242,-9.5705,0.0,0.0,0.0,0.0,0.0,0.0,0.0,-15.6445,-36.0773,0.0129973,0.143496,IncreaseAccelerometer,seated
52.8664,345,-1.40827,-0.268242,-9.44596,0.0,0.0,0.0,0.0,0.0,0.0,0.0,-16.875,-30.9234,0.0129973,0.143496,IncreaseAccelerometer,seated
53.0164,346,-1.44659,-0.210762,-9.38848,0.0,0.0,0.0,0.0,0.0,0.0,0.0,-16.5234,-22.2558,0.0129973,0.143496,IncreaseAccelerometer,seated
53.211,347,-1.57113,-0.210762,-9.70462,0.0,0.0,0.0,0.0,0.0,0.0,0.0,-12.6562,-7.96118,0.0178673,0.140658,IncreaseAccelerometer,extended
53.3611,348,0.191602,-0.162861,-8.31551,0.0,0.0,0.0,0.0,0.0,0.0,0.0,-7.91016,4.20174,0.0178673,0.140658,IncreaseAccelerometer,extended
53.5112,349,-5.66183,-0.306563,-8.20055,0.0,0.0,0.0,0.0,0.0,0.0,0.0,-2.10938,17.0278,0.0178673,0.140658,IncreaseAccelerometer,extended
53.6613,350,-6.18873,-0.785566,-7.94188,0.0,0.0,0.0,0.0,0.0,0.0,0.0,4.04297,26.3156,0.0178673,0.140658,IncreaseAccelerometer,extended
53.8113,351,-6.50487,0.0479004,-7.7886,0.0,0.0,0.0,0.0,0.0,0.0,0.0,9.49219,32.7287,0.0178673,0.140658,IncreaseAccelerometer,extended
53.9614,352,-6.14083,-0.153281,-7.34792,0.0,0.0,0.0,0.0,0.0,0.0,0.0,13.7109,35.1399,0.0178673,0.140658,IncreaseAccelerometer,extended
54.1115,353,-5.98755,-0.239502,-7.00304,0.0,0.0,0.0,0.0,0.0,0.0,0.0,15.8203,31.6257,0.0178673,0.140658,IncreaseAccelerometer,extended
54.2615,354,-5.80553,-0.210762,-6.98388,0.0,0.0,0.0,0.0,0.0,0.0,0.0,15.8203,23.8951,0.0178673,0.140658,IncreaseAccelerometer,extended
54.4728,355,-6.00671,-0.182021,-7.14674,0.0,0.0,0.0,0.0,0.0,0.0,0.0,12.3047,10.1802,0.0129973,0.143496,IncreaseAccelerometer,seated
54.6229,356,-7.76944,-0.440684,-7.0222,0.0,0.0,0.0,0.0,0.0,0.0,0.0,7.73438,-2.16599,0.0129973,0.143496,IncreaseAccelerometer,seated
54.773,357,-2.44292,-0.201182,-10.5477,0.0,0.0,0.0,0.0,0.0,0.0,0.0,-9.84375,-29.0239,0.0129973,0.143496,IncreaseAccelerometer,seated
55.1885,358,-1.27415,-0.220342,-9.64714,0.0,0.0,0.0,0.0,0.0,0.0,0.0,-12.832,-26.6022,0.0129973,0.143496,IncreaseAccelerometer,seated
55.3386,359,-1.39869,-0.316143,-9.58008,0.0,0.0,0.0,0.0,0.0,0.0,0.0,-15.8203,-29.3768,0.0129973,0.143496,IncreaseAccelerometer,seated
55.4887,360,-1.56155,-0.383203,-9.45554,0.0,0.0,0.0,0.0,0.0,0.0,0.0,-16.5234,-28.378,0.0129973,0.143496,IncreaseAccelerometer,seated
55.6757,361,-1.54239,-0.210762,-9.51302,0.0,0.0,0.0,0.0,0.0,0.0,0.0,-14.4141,-21.0378,0.0178673,0.140658,IncreaseAccelerometer,extended
55.8257,362,1.66693,0.785566,-8.69871,0.0,0.0,0.0,0.0,0.0,0.0,0.0,-10.7227,-0.834846,0.0178673,0.140658,IncreaseAccelerometer,extended
55.9758,363,-10.7009,-0.977168,-9.44596,0.0,0.0,0.0,0.0,0.0,0.0,0.0,-5.09766,9.82426,0.0178673,0.140658,IncreaseAccelerometer,extended
56.1259,364,-7.9323,-0.651445,-7.71196,0.0,0.0,0.0,0.0,0.0,0.0,0.0,0.527344,20.7649,0.0178673,0.140658,IncreaseAccelerometer,extended
56.276,365,-7.82692,-0.411943,-8.26761,0.0,0.0,0.0,0.0,0.0,0.0,0.0,6.15234,28.8022,0.0178673,0.140658,IncreaseAccelerometer,extended
56.426,366,-6.15041,-0.0287402,-7.2138,0.0,0.0,0.0,0.0,0.0,0.0,0.0,11.0742,33.9681,0.0178673,0.140658,IncreaseAccelerometer,extended
56.5761,367,-5.86301,-0.287402,-6.80186,0.0,0.0,0.0,0.0,0.0,0.0,0.0,14.4141,33.4996,0.0178673,0.140658,IncreaseAccelerometer,extended
56.7262,368,-6.13125,-0.0670606,-7.08926,0.0,0.0,0.0,0.0,0.0,0.0,0.0,15.6445,27.6433,0.0178673,0.140658,IncreaseAccelerometer,extended
56.8762,369,-6.09293,-0.210762,-7.08926,0.0,0.0,0.0,0.0,0.0,0.0,0.0,14.9414,19.2097,0.0178673,0.140658,IncreaseAccelerometer,extended
57.0623,370,-6.15041,-0.105381,-7.3096,0.0,0.0,0.0,0.0,0.0,0.0,0.0,10.8984,6.03572,0.0129973,0.143496,IncreaseAccelerometer,seated
57.2124,371,-8.12391,0.277822,-7.80776,0.0,0.0,0.0,0.0,0.0,0.0,0.0,6.15234,-6.25925,0.0129973,0.143496,IncreaseAccelerometer,seated
57.3624,372,-0.986748,-1.13045,-8.34425,0.0,0.0,0.0,0.0,0.0,0.0,0.0,0.527344,-17.66,0.0129973,0.143496,IncreaseAccelerometer,seated
57.5125,373,-3.30513,-0.392783,-10.9117,0.0,0.0,0.0,0.0,0.0,0.0,0.0,-5.44922,-26.8248,0.0129973,0.143496,IncreaseAccelerometer,seated
57.6626,374,-1.95434,-0.402363,-10.4902,0.0,0.0,0.0,0.0,0.0,0.0,0.0,-10.3711,-32.1899,0.0129973,0.143496,IncreaseAccelerometer,seated
57.8126,375,-1.73399,-0.201182,-9.58008,0.0,0.0,0.0,0.0,0.0,0.0,0.0,-14.0625,-33.2657,0.0129973,0.143496,IncreaseAccelerometer,seated
57.9627,376,-1.62861,-0.277822,-9.49386,0.0,0.0,0.0,0.0,0.0,0.0,0.0,-15.9961,-29.5174,0.0129973,0.143496,IncreaseAccelerometer,seated
58.1128,377,-1.32205,-0.306563,-9.12982,0.0,0.0,0.0,0.0,0.0,0.0,0.0,-15.6445,-21.5524,0.0129973,0.143496,IncreaseAccelerometer,seated
58.3097,378,-1.57113,-0.258662,-9.75252,0.0,0.0,0.0,0.0,0.0,0.0,0.0,-12.1289,-8.37938,0.0178673,0.140658,IncreaseAccelerometer,extended
58.4597,379,2.19384,0.229922,-9.01485,0.0,0.0,0.0,0.0,0.0,0.0,0.0,-7.38281,3.74864,0.0178673,0.140658,IncreaseAccelerometer,extended
58.6098,380,-10.9692,-0.977168,-9.6184,0.0,0.0,0.0,0.0,0.0,0.0,0.0,-2.28516,14.774,0.0178673,0.140658,IncreaseAccelerometer,extended
58.7599,381,-7.48204,-0.0862207,-7.97063,0.0,0.0,0.0,0.0,0.0,0.0,0.0,3.69141,24.6961,0.0178673,0.140658,IncreaseAccelerometer,extended
58.91,382,-6.53361,-0.191602,-7.47246,0.0,0.0,0.0,0.0,0.0,0.0,0.0,8.61328,30.4294,0.0178673,0.140658,IncreaseAccelerometer,extended
59.06,383,-5.96839,-0.0862207,-7.25212,0.0,0.0,0.0,0.0,0.0,0.0,0.0,12.832,33.2651,0.0178673,0.140658,IncreaseAccelerometer,extended
59.2101,384,-5.71931,-0.182021,-6.82102,0.0,0.0,0.0,0.0,0.0,0.0,0.0,14.9414,29.7512,0.0178673,0.140658,IncreaseAccelerometer,extended
59.3602,385,-6.09293,-0.143701,-6.95514,0.0,0.0,0.0,0.0,0.0,0.0,0.0,14.9414,22.9578,0.0178673,0.140658,IncreaseAccelerometer,extended
59.548,386,-5.89175,-0.229922,-7.13716,0.0,0.0,0.0,0.0,0.0,0.0,0.0,12.3047,10.9288,0.0129973,0.143496,IncreaseAccelerometer,seated
59.6981,387,-8.29635,-0.325723,-7.43414,0.0,0.0,0.0,0.0,0.0,0.0,0.0,8.08594,-0.669101,0.0129973,0.143496,IncreaseAccelerometer,seated
59.8482,388,-0.814307,-0.287402,-8.40173,0.0,0.0,0.0,0.0,0.0,0.0,0.0,2.98828,-12.4898,0.0129973,0.143496,IncreaseAccelerometer,seated
59.9983,389,-2.72074,-0.249082,-10.9883,0.0,0.0,0.0,0.0,0.0,0.0,0.0,-2.98828,-22.749,0.0129973,0.143496,IncreaseAccelerometer,seated
60.1483,390,-1.27415,-0.287402,-10.768,0.0,0.0,0.0,0.0,0.0,0.0,0.0,-8.08594,-29.2169,0.0129973,0.143496,IncreaseAccelerometer,seated
60.2984,391,-1.82021,-0.210762,-9.89622,0.0,0.0,0.0,0.0,0.0,0.0,0.0,-12.4805,-33.0307,0.0129973,0.143496,IncreaseAccelerometer,seated
60.4485,392,-1.70525,-0.182021,-9.45554,0.0,0.0,0.0,0.0,0.0,0.0,0.0,-15.1172,-30.9226,0.0129973,0.143496,IncreaseAccelerometer,seated
60.5985,393,-1.37953,-0.296982,-9.24478,0.0,0.0,0.0,0.0,0.0,0.0,0.0,-15.6445,-24.832,0.0129973,0.143496,IncreaseAccelerometer,seated
60.7486,394,-1.50407,-0.239502,-9.4747,0.0,0.0,0.0,0.0,0.0,0.0,0.0,-14.2383,-14.9932,0.0129973,0.143496,IncreaseAccelerometer,seated
60.9507,395,-1.57113,-0.172441,-10.2507,0.0,0.0,0.0,0.0,0.0,0.0,0.0,-9.31641,-1.53358,0.0178673,0.140658,IncreaseAccelerometer,extended
61.1007,396,1.21667,0.162861,-9.38848,0.0,0.0,0.0,0.0,0.0,0.0,0.0,-4.39453,10.0779,0.0178673,0.140658,IncreaseAccelerometer,extended
61.2508,397,-14.5426,0.584385,-9.84832,0.0,0.0,0.0,0.0,0.0,0.0,0.0,1.23047,20.3746,0.0178673,0.140658,IncreaseAccelerometer,extended
61.4009,398,-8.73703,0.0766406,-8.64123,0.0,0.0,0.0,0.0,0.0,0.0,0.0,6.85547,28.0425,0.0178673,0.140658,IncreaseAccelerometer,extended
61.5509,399,-7.52994,-0.0191602,-7.24254,0.0,0.0,0.0,0.0,0.0,0.0,0.0,10.8984,31.3306,0.0178673,0.140658,IncreaseAccelerometer,extended
61.701,400,-6.36117,-0.258662,-7.03178,0.0,0.0,0.0,0.0,0.0,0.0,0.0,14.0625,31.1595,0.0178673,0.140658,IncreaseAccelerometer,extended
61.851,401,-5.63309,-0.229922,-6.7827,0.0,0.0,0.0,0.0,0.0,0.0,0.0,14.9414,25.771,0.0178673,0.140658,IncreaseAccelerometer,extended
62.0512,402,-6.03545,-0.0191602,-7.10842,0.0,0.0,0.0,0.0,0.0,0.0,0.0,13.0078,14.7155,0.0129973,0.143496,IncreaseAccelerometer,seated
62.2012,403,-7.23296,-0.536484,-8.41131,0.0,0.0,0.0,0.0,0.0,0.0,0.0,9.49219,3.29452,0.0129973,0.143496,IncreaseAccelerometer,seated
62.3513,404,-3.04646,0.498164,-9.35016,0.0,0.0,0.0,0.0,0.0,0.0,0.0,4.57031,-7.90637,0.0129973,0.143496,IncreaseAccelerometer,seated
62.5013,405,-2.8357,-0.258662,-10.4135,0.0,0.0,0.0,0.0,0.0,0.0,0.0,-1.05469,-18.8875,0.0129973,0.143496,IncreaseAccelerometer,seated
62.6514,406,-1.86812,-0.431104,-10.6147,0.0,0.0,0.0,0.0,0.0,0.0,0.0,-6.32812,-26.5737,0.0129973,0.143496,IncreaseAccelerometer,seated
62.8015,407,-1.84896,-0.210762,-10.0495,0.0,0.0,0.0,0.0,0.0,0.0,0.0,-10.8984,-31.86,0.0129973,0.143496,IncreaseAccelerometer,seated
62.9516,408,-1.63819,-0.229922,-9.55134,0.0,0.0,0.0,0.0,0.0,0.0,0.0,-14.0625,-31.3913,0.0129973,0.143496,IncreaseAccelerometer,seated
63.1016,409,-1.41785,-0.210762,-9.25436,0.0,0.0,0.0,0.0,0.0,0.0,0.0,-15.293,-26.4716,0.0129973,0.143496,IncreaseAccelerometer,seated
63.2517,410,-1.37953,-0.201182,-9.45554,0.0,0.0,0.0,0.0,0.0,0.0,0.0,-14.5898,-18.0381,0.0129973,0.143496,IncreaseAccelerometer,seated
63.4484,411,-1.51365,-0.220342,-9.84832,0.0,0.0,0.0,0.0,0.0,0.0,0.0,-10.5469,-5.29353,0.0178673,0.140658,IncreaseAccelerometer,extended
63.5985,412,2.68242,-1.16877,-7.4054,0.0,0.0,0.0,0.0,0.0,0.0,0.0,-6.15234,5.9553,0.0178673,0.140658,IncreaseAccelerometer,extended
63.7485,413,-9.331,-0.210762,-8.54543,0.0,0.0,0.0,0.0,0.0,0.0,0.0,-0.527344,16.9833,0.0178673,0.140658,IncreaseAccelerometer,extended
63.8986,414,-7.9323,-0.0766406,-7.86524,0.0,0.0,0.0,0.0,0.0,0.0,0.0,4.57031,24.9236,0.0178673,0.140658,IncreaseAccelerometer,extended
64.0487,415,-7.41498,-0.0383203,-7.89398,0.0,0.0,0.0,0.0,0.0,0.0,0.0,9.31641,29.9966,0.0178673,0.140658,IncreaseAccelerometer,extended
64.1987,416,-5.93965,-0.268242,-7.28086,0.0,0.0,0.0,0.0,0.0,0.0,0.0,12.832,31.1572,0.0178673,0.140658,IncreaseAccelerometer,extended
64.3488,417,-5.64267,-0.220342,-6.80186,0.0,0.0,0.0,0.0,0.0,0.0,0.0,14.4141,27.4086,0.0178673,0.140658,IncreaseAccelerometer,extended
64.4989,418,-6.07377,-0.134121,-6.84976,0.0,0.0,0.0,0.0,0.0,0.0,0.0,13.8867,19.2095,0.0178673,0.140658,IncreaseAccelerometer,extended
64.6825,419,-5.99713,-0.249082,-7.17548,0.0,0.0,0.0,0.0,0.0,0.0,0.0,10.8984,8.07233,0.0129973,0.143496,IncreaseAccelerometer,seated
64.8326,420,-8.21971,-0.440684,-7.47246,0.0,0.0,0.0,0.0,0.0,0.0,0.0,6.67969,-3.36347,0.0129973,0.143496,IncreaseAccelerometer,seated
64.9827,421,-1.77231,0.191602,-9.44596,0.0,0.0,0.0,0.0,0.0,0.0,0.0,1.58203,-14.3506,0.0129973,0.143496,IncreaseAccelerometer,seated
65.1328,422,-3.00814,-0.498164,-10.6435,0.0,0.0,0.0,0.0,0.0,0.0,0.0,-3.86719,-23.3201,0.0129973,0.143496,IncreaseAccelerometer,seated
65.2828,423,-1.31247,-0.201182,-10.5093,0.0,0.0,0.0,0.0,0.0,0.0,0.0,-8.78906,-28.9265,0.0129973,0.143496,IncreaseAccelerometer,seated
65.4329,424,-1.66693,-0.229922,-9.84832,0.0,0.0,0.0,0.0,0.0,0.0,0.0,-12.4805,-31.1573,0.0129973,0.143496,IncreaseAccelerometer,seated
65.583,425,-1.58071,-0.201182,-9.46512,0.0,0.0,0.0,0.0,0.0,0.0,0.0,-14.5898,-28.3462,0.0129973,0.143496,IncreaseAccelerometer,seated
65.733,426,-1.39869,-0.249082,-9.30226,0.0,0.0,0.0,0.0,0.0,0.0,0.0,-14.7656,-21.787,0.0129973,0.143496,IncreaseAccelerometer,seated
65.9152,427,-1.52323,-0.220342,-9.84832,0.0,0.0,0.0,0.0,0.0,0.0,0.0,-12.3047,-10.7838,0.0178673,0.140658,IncreaseAccelerometer,extended
66.0652,428,-1.96392,0.661025,-9.2831,0.0,0.0,0.0,0.0,0.0,0.0,0.0,-8.78906,0.0,0.0178673,0.140658,IncreaseAccelerometer,extended
66.2153,429,-10.5189,-0.871787,-8.00895,0.0,0.0,0.0,0.0,0.0,0.0,0.0,-3.69141,11.2329,0.0178673,0.140658,IncreaseAccelerometer,extended
66.3654,430,-8.86157,0.0766406,-8.17181,0.0,0.0,0.0,0.0,0.0,0.0,0.0,1.75781,20.8931,0.0178673,0.140658,IncreaseAccelerometer,extended
66.5155,431,-7.75028,0.0383203,-7.97063,0.0,0.0,0.0,0.0,0.0,0.0,0.0,6.67969,27.408,0.0178673,0.140658,IncreaseAccelerometer,extended
66.6655,432,-6.05461,0.0191602,-7.28086,0.0,0.0,0.0,0.0,0.0,0.0,0.0,10.7227,30.6887,0.0178673,0.140658,IncreaseAccelerometer,extended
66.8156,433,-5.76721,-0.220342,-6.90724,0.0,0.0,0.0,0.0,0.0,0.0,0.0,13.3594,29.5175,0.0178673,0.140658,IncreaseAccelerometer,extended
66.9657,434,-6.11209,-0.105381,-7.12758,0.0,0.0,0.0,0.0,0.0,0.0,0.0,14.0625,23.6612,0.0178673,0.140658,IncreaseAccelerometer,extended
67.1567,435,-5.76721,-0.316143,-6.9743,0.0,0.0,0.0,0.0,0.0,0.0,0.0,12.1289,13.1068,0.0129973,0.143496,IncreaseAccelerometer,seated
67.3067,436,-6.94556,0.555645,-7.30002,0.0,0.0,0.0,0.0,0.0,0.0,0.0,8.78906,2.66579,0.0129973,0.143496,IncreaseAccelerometer,seated
67.4568,437,2.19384,-0.661025,-9.18729,0.0,0.0,0.0,0.0,0.0,0.0,0.0,4.21875,-8.2195,0.0129973,0.143496,IncreaseAccelerometer,seated
67.6069,438,-3.57337,-0.296982,-10.9309,0.0,0.0,0.0,0.0,0.0,0.0,0.0,-1.23047,-18.438,0.0129973,0.143496,IncreaseAccelerometer,seated
67.757,439,-2.10762,-0.383203,-10.4519,0.0,0.0,0.0,0.0,0.0,0.0,0.0,-6.50391,-25.9907,0.0129973,0.143496,IncreaseAccelerometer,seated
67.907,440,-1.8777,-0.306563,-10.0495,0.0,0.0,0.0,0.0,0.0,0.0,0.0,-10.5469,-30.22,0.0129973,0.143496,IncreaseAccelerometer,seated
68.0571,441,-1.45617,-0.172441,-9.49386,0.0,0.0,0.0,0.0,0.0,0.0,0.0,-13.3594,-29.5174,0.0129973,0.143496,IncreaseAccelerometer,seated
68.2072,442,-1.41785,-0.277822,-9.45554,0.0,0.0,0.0,0.0,0.0,0.0,0.0,-14.4141,-24.8318,0.0129973,0.143496,IncreaseAccelerometer,seated
68.3572,443,-1.45617,-0.210762,-9.40764,0.0,0.0,0.0,0.0,0.0,0.0,0.0,-13.7109,-16.633,0.0129973,0.143496,IncreaseAccelerometer,seated
68.541,444,-1.49449,-0.287402,-9.8579,0.0,0.0,0.0,0.0,0.0,0.0,0.0,-10.1953,-4.70819,0.0178673,0.140658,IncreaseAccelerometer,extended
68.6911,445,1.15919,-0.277822,-6.60067,0.0,0.0,0.0,0.0,0.0,0.0,0.0,-5.97656,5.82922,0.0178673,0.140658,IncreaseAccelerometer,extended
68.8411,446,-10.7776,-1.04423,-8.99569,0.0,0.0,0.0,0.0,0.0,0.0,0.0,-0.878906,15.9179,0.0178673,0.140658,IncreaseAccelerometer,extended
68.9912,447,-6.9264,-0.277822,-7.62574,0.0,0.0,0.0,0.0,0.0,0.0,0.0,4.21875,23.7649,0.0178673,0.140658,IncreaseAccelerometer,extended
69.1413,448,-6.15041,-0.220342,-7.47246,0.0,0.0,0.0,0.0,0.0,0.0,0.0,8.78906,28.6973,0.0178673,0.140658,IncreaseAccelerometer,extended
69.2913,449,-6.15041,-0.143701,-7.39582,0.0,0.0,0.0,0.0,0.0,0.0,0.0,12.3047,29.9863,0.0178673,0.140658,IncreaseAccelerometer,extended
69.4414,450,-6.13125,-0.191602,-7.17548,0.0,0.0,0.0,0.0,0.0,0.0,0.0,13.5352,26.0036,0.0178673,0.140658,IncreaseAccelerometer,extended
69.5915,451,-5.88217,-0.143701,-6.98388,0.0,0.0,0.0,0.0,0.0,0.0,0.0,13.1836,18.7416,0.0178673,0.140658,IncreaseAccelerometer,extended
69.8272,452,-7.118,-0.153281,-7.41498,0.0,0.0,0.0,0.0,0.0,0.0,0.0,8.96484,5.67742,0.0129973,0.143496,IncreaseAccelerometer,seated
69.9772,453,-7.12758,0.124541,-8.82325,0.0,0.0,0.0,0.0,0.0,0.0,0.0,4.92188,-4.62602,0.0129973,0.143496,IncreaseAccelerometer,seated
70.1273,454,-1.66693,0.172441,-10.5189,0.0,0.0,0.0,0.0,0.0,0.0,0.0,-0.351562,-15.1395,0.0129973,0.143496,IncreaseAccelerometer,seated
70.2774,455,-3.75539,-0.268242,-10.471,0.0,0.0,0.0,0.0,0.0,0.0,0.0,-5.27344,-22.4989,0.0129973,0.143496,IncreaseAccelerometer,seated
70.4275,456,-1.69567,-0.0574805,-9.8579,0.0,0.0,0.0,0.0,0.0,0.0,0.0,-9.49219,-27.125,0.0129973,0.143496,IncreaseAccelerometer,seated
70.5775,457,-1.88728,-0.383203,-9.8579,0.0,0.0,0.0,0.0,0.0,0.0,0.0,-12.6562,-28.8148,0.0129973,0.143496,IncreaseAccelerometer,seated
70.7276,458,-1.53281,-0.316143,-9.45554,0.0,0.0,0.0,0.0,0.0,0.0,0.0,-14.0625,-25.3009,0.0129973,0.143496,IncreaseAccelerometer,seated
70.8777,459,-1.52323,-0.229922,-9.24478,0.0,0.0,0.0,0.0,0.0,0.0,0.0,-13.5352,-17.5702,0.0129973,0.143496,IncreaseAccelerometer,seated
71.0882,460,-1.82021,0.0670606,-9.86748,0.0,0.0,0.0,0.0,0.0,0.0,0.0,-10.0195,-5.85369,0.0178673,0.140658,IncreaseAccelerometer,extended
71.2382,461,5.39358,0.383203,-7.65448,0.0,0.0,0.0,0.0,0.0,0.0,0.0,-5.80078,4.5529,0.0178673,0.140658,IncreaseAccelerometer,extended
71.3883,462,-7.81734,-0.344883,-7.98021,0.0,0.0,0.0,0.0,0.0,0.0,0.0,-1.05469,14.3088,0.0178673,0.140658,IncreaseAccelerometer,extended
71.5384,463,-6.48571,0.0,-7.6449,0.0,0.0,0.0,0.0,0.0,0.0,0.0,4.21875,22.5474,0.0178673,0.140658,IncreaseAccelerometer,extended
71.6884,464,-6.40907,-0.220342,-7.43414,0.0,0.0,0.0,0.0,0.0,0.0,0.0,8.4375,27.1004,0.0178673,0.140658,IncreaseAccelerometer,extended
71.8385,465,-6.42823,-0.0670606,-7.44372,0.0,0.0,0.0,0.0,0.0,0.0,0.0,11.7773,29.049,0.0178673,0.140658,IncreaseAccelerometer,extended
71.9886,466,-5.86301,-0.239502,-6.96472,0.0,0.0,0.0,0.0,0.0,0.0,0.0,13.1836,25.3009,0.0178673,0.140658,IncreaseAccelerometer,extended
72.1387,467,-5.97797,-0.143701,-6.86892,0.0,0.0,0.0,0.0,0.0,0.0,0.0,12.832,18.5072,0.0178673,0.140658,IncreaseAccelerometer,extended
72.3269,468,-5.99713,-0.249082,-7.05094,0.0,0.0,0.0,0.0,0.0,0.0,0.0,10.1953,7.57914,0.0129973,0.143496,IncreaseAccelerometer,seated
72.477,469,-7.98979,-0.364043,-7.13716,0.0,0.0,0.0,0.0,0.0,0.0,0.0,6.15234,-2.89791,0.0129973,0.143496,IncreaseAccelerometer,seated
72.6271,470,-4.54096,0.0862207,-9.04359,0.0,0.0,0.0,0.0,0.0,0.0,0.0,1.58203,-12.9289,0.0129973,0.143496,IncreaseAccelerometer,seated
72.7772,471,-3.51589,-0.517324,-10.8351,0.0,0.0,0.0,0.0,0.0,0.0,0.0,-3.69141,-21.3994,0.0129973,0.143496,IncreaseAccelerometer,seated
72.9272,472,-2.05014,-0.402363,-10.4327,0.0,0.0,0.0,0.0,0.0,0.0,0.0,-8.08594,-26.5265,0.0129973,0.143496,IncreaseAccelerometer,seated
73.0773,473,-1.8777,-0.249082,-9.65672,0.0,0.0,0.0,0.0,0.0,0.0,0.0,-11.6016,-29.0481,0.0129973,0.143496,IncreaseAccelerometer,seated
73.2274,474,-1.50407,-0.220342,-9.58966,0.0,0.0,0.0,0.0,0.0,0.0,0.0,-13.5352,-26.2371,0.0129973,0.143496,IncreaseAccelerometer,seated
73.4071,475,-1.44659,-0.306563,-9.46512,0.0,0.0,0.0,0.0,0.0,0.0,0.0,-13.3594,-19.156,0.0178673,0.140658,IncreaseAccelerometer,extended
73.5571,476,-0.632285,0.201182,-8.02811,0.0,0.0,0.0,0.0,0.0,0.0,0.0,-11.6016,-10.1414,0.0178673,0.140658,IncreaseAccelerometer,extended
73.7072,477,-8.77535,-0.316143,-7.3096,0.0,0.0,0.0,0.0,0.0,0.0,0.0,-8.08594,0.0,0.0178673,0.140658,IncreaseAccelerometer,extended
73.8573,478,-7.48204,-0.344883,-7.61616,0.0,0.0,0.0,0.0,0.0,0.0,0.0,-3.33984,10.5921,0.0178673,0.140658,IncreaseAccelerometer,extended
74.0074,479,-6.88808,0.0766406,-7.82692,0.0,0.0,0.0,0.0,0.0,0.0,0.0,1.40625,19.1558,0.0178673,0.140658,IncreaseAccelerometer,extended
74.1574,480,-6.60067,-0.182021,-7.55868,0.0,0.0,0.0,0.0,0.0,0.0,0.0,6.15234,26.0034,0.0178673,0.140658,IncreaseAccelerometer,extended
74.3075,481,-6.24621,-0.239502,-7.46288,0.0,0.0,0.0,0.0,0.0,0.0,0.0,9.84375,28.5805,0.0178673,0.140658,IncreaseAccelerometer,extended
74.4576,482,-6.06419,-0.172441,-7.25212,0.0,0.0,0.0,0.0,0.0,0.0,0.0,12.3047,27.1752,0.0178673,0.140658,IncreaseAccelerometer,extended
74.6377,483,-5.71931,-0.229922,-6.95514,0.0,0.0,0.0,0.0,0.0,0.0,0.0,13.0078,20.9462,0.0129973,0.143496,IncreaseAccelerometer,seated
74.7878,484,-7.58742,-0.00958008,-7.81734,0.0,0.0,0.0,0.0,0.0,0.0,0.0,11.4258,12.8379,0.0129973,0.143496,IncreaseAccelerometer,seated
74.9379,485,-1.42743,0.134121,-8.81367,0.0,0.0,0.0,0.0,0.0,0.0,0.0,7.73438,2.02706,0.0129973,0.143496,IncreaseAccelerometer,seated
75.088,486,-2.9315,-0.402363,-10.4902,0.0,0.0,0.0,0.0,0.0,0.0,0.0,3.69141,-7.88283,0.0129973,0.143496,IncreaseAccelerometer,seated
75.238,487,-1.45617,-0.210762,-10.3561,0.0,0.0,0.0,0.0,0.0,0.0,0.0,-0.527344,-16.4412,0.0129973,0.143496,IncreaseAccelerometer,seated
75.3881,488,-1.81063,-0.220342,-10.2028,0.0,0.0,0.0,0.0,0.0,0.0,0.0,-5.27344,-24.3638,0.0129973,0.143496,IncreaseAccelerometer,seated
75.5382,489,-1.73399,-0.172441,-9.78126,0.0,0.0,0.0,0.0,0.0,0.0,0.0,-9.49219,-27.8778,0.0129973,0.143496,IncreaseAccelerometer,seated
75.6882,490,-1.49449,-0.287402,-9.58966,0.0,0.0,0.0,0.0,0.0,0.0,0.0,-12.3047,-26.7064,0.0129973,0.143496,IncreaseAccelerometer,seated
75.8985,491,-1.35079,-0.191602,-9.46512,0.0,0.0,0.0,0.0,0.0,0.0,0.0,-13.3594,-21.0357,0.0178673,0.140658,IncreaseAccelerometer,extended
76.0486,492,0.316143,-0.335303,-6.94556,0.0,0.0,0.0,0.0,0.0,0.0,0.0,-12.1289,-14.313,0.0178673,0.140658,IncreaseAccelerometer,extended
76.1987,493,-12.617,0.354463,-9.14898,0.0,0.0,0.0,0.0,0.0,0.0,0.0,-9.14062,-4.77097,0.0178673,0.140658,IncreaseAccelerometer,extended
76.3487,494,-7.84608,-0.0670606,-7.67364,0.0,0.0,0.0,0.0,0.0,0.0,0.0,-5.09766,5.42147,0.0178673,0.140658,IncreaseAccelerometer,extended
76.4988,495,-8.05685,-0.0383203,-8.54543,0.0,0.0,0.0,0.0,0.0,0.0,0.0,-0.527344,14.5296,0.0178673,0.140658,IncreaseAccelerometer,extended
76.6489,496,-6.30369,-0.0862207,-7.60658,0.0,0.0,0.0,0.0,0.0,0.0,0.0,4.39453,23.6606,0.0178673,0.140658,IncreaseAccelerometer,extended
76.7989,497,-6.03545,-0.220342,-7.15632,0.0,0.0,0.0,0.0,0.0,0.0,0.0,8.4375,27.4106,0.0178673,0.140658,IncreaseAccelerometer,extended
76.949,498,-6.02587,-0.0479004,-7.28086,0.0,0.0,0.0,0.0,0.0,0.0,0.0,11.0742,26.9422,0.0178673,0.140658,IncreaseAccelerometer,extended
77.099,499,-5.93965,-0.162861,-6.98388,0.0,0.0,0.0,0.0,0.0,0.0,0.0,12.4805,23.4284,0.0178673,0.140658,IncreaseAccelerometer,extended
77.3084,500,-6.23663,0.0383203,-7.13716,0.0,0.0,0.0,0.0,0.0,0.0,0.0,11.25,14.5469,0.0129973,0.143496,IncreaseAccelerometer,seated
77.4585,501,-7.4533,0.306563,-9.45554,0.0,0.0,0.0,0.0,0.0,0.0,0.0,8.26172,4.77662,0.0129973,0.143496,IncreaseAccelerometer,seated
77.6086,502,-3.98531,-0.421523,-10.2698,0.0,0.0,0.0,0.0,0.0,0.0,0.0,4.92188,-4.34205,0.0129973,0.143496,IncreaseAccelerometer,seated
77.7586,503,-3.10395,0.134121,-9.25436,0.0,0.0,0.0,0.0,0.0,0.0,0.0,0.175781,-13.4604,0.0129973,0.143496,IncreaseAccelerometer,seated
77.9087,504,-1.37953,-0.0766406,-10.471,0.0,0.0,0.0,0.0,0.0,0.0,0.0,-4.39453,-20.8418,0.0129973,0.143496,IncreaseAccelerometer,seated
78.0588,505,-1.8777,-0.421523,-10.0016,0.0,0.0,0.0,0.0,0.0,0.0,0.0,-8.4375,-26.2378,0.0129973,0.143496,IncreaseAccelerometer,seated
78.2088,506,-1.59029,-0.210762,-9.39806,0.0,0.0,0.0,0.0,0.0,0.0,0.0,-11.4258,-26.2379,0.0129973,0.143496,IncreaseAccelerometer,seated
78.3589,507,-1.45617,-0.239502,-9.36932,0.0,0.0,0.0,0.0,0.0,0.0,0.0,-12.832,-23.6615,0.0129973,0.143496,IncreaseAccelerometer,seated
78.551,508,-1.55197,-0.220342,-9.84832,0.0,0.0,0.0,0.0,0.0,0.0,0.0,-12.1289,-15.5283,0.0178673,0.140658,IncreaseAccelerometer,extended
78.7011,509,0.258662,0.210762,-9.79084,0.0,0.0,0.0,0.0,0.0,0.0,0.0,-9.84375,-6.8768,0.0178673,0.140658,IncreaseAccelerometer,extended
78.8512,510,-12.0996,-0.670605,-7.76944,0.0,0.0,0.0,0.0,0.0,0.0,0.0,-6.32812,2.66194,0.0178673,0.140658,IncreaseAccelerometer,extended
79.0013,511,-7.23296,-0.143701,-7.43414,0.0,0.0,0.0,0.0,0.0,0.0,0.0,-1.58203,12.4223,0.0178673,0.140658,IncreaseAccelerometer,extended
79.1513,512,-7.34792,-0.335303,-8.16223,0.0,0.0,0.0,0.0,0.0,0.0,0.0,2.63672,19.5207,0.0178673,0.140658,IncreaseAccelerometer,extended
79.3014,513,-6.35159,-0.0191602,-7.41498,0.0,0.0,0.0,0.0,0.0,0.0,0.0,7.03125,25.535,0.0178673,0.140658,IncreaseAccelerometer,extended
79.4515,514,-6.13125,-0.220342,-7.1659,0.0,0.0,0.0,0.0,0.0,0.0,0.0,10.1953,26.7061,0.0178673,0.140658,IncreaseAccelerometer,extended
79.6342,515,-5.90133,-0.105381,-6.93598,0.0,0.0,0.0,0.0,0.0,0.0,0.0,11.9531,23.3478,0.0129973,0.143496,IncreaseAccelerometer,seated
79.7843,516,-7.29044,-0.0287402,-7.04136,0.0,0.0,0.0,0.0,0.0,0.0,0.0,11.9531,17.2864,0.0129973,0.143496,IncreaseAccelerometer,seated
79.9343,517,0.201182,-0.201182,-7.5012,0.0,0.0,0.0,0.0,0.0,0.0,0.0,9.84375,9.20437,0.0129973,0.143496,IncreaseAccelerometer,seated
80.0844,518,-2.70158,-0.440684,-9.44596,0.0,0.0,0.0,0.0,0.0,0.0,0.0,6.67969,-0.44899,0.0129973,0.143496,IncreaseAccelerometer,seated
80.2345,519,-2.34712,-0.287402,-10.5093,0.0,0.0,0.0,0.0,0.0,0.0,0.0,1.93359,-10.5513,0.0129973,0.143496,IncreaseAccelerometer,seated
80.3845,520,-1.68609,-0.143701,-10.0878,0.0,0.0,0.0,0.0,0.0,0.0,0.0,-2.10938,-18.7412,0.0129973,0.143496,IncreaseAccelerometer,seated
80.5346,521,-1.63819,-0.306563,-9.89622,0.0,0.0,0.0,0.0,0.0,0.0,0.0,-6.50391,-24.5978,0.0129973,0.143496,IncreaseAccelerometer,seated
80.6847,522,-1.44659,-0.229922,-9.64714,0.0,0.0,0.0,0.0,0.0,0.0,0.0,-9.84375,-26.2378,0.0129973,0.143496,IncreaseAccelerometer,seated
80.8347,523,-1.47533,-0.229922,-9.58966,0.0,0.0,0.0,0.0,0.0,0.0,0.0,-11.9531,-24.8323,0.0129973,0.143496,IncreaseAccelerometer,seated
81.0127,524,-1.46575,-0.268242,-9.54176,0.0,0.0,0.0,0.0,0.0,0.0,0.0,-12.3047,-18.2962,0.0178673,0.140658,IncreaseAccelerometer,extended
81.1627,525,-0.364043,-0.929268,-7.5012,0.0,0.0,0.0,0.0,0.0,0.0,0.0,-11.25,-11.7458,0.0178673,0.140658,IncreaseAccelerometer,extended
81.3128,526,-8.24845,-0.0958008,-7.79818,0.0,0.0,0.0,0.0,0.0,0.0,0.0,-8.08594,-2.03293,0.0178673,0.140658,IncreaseAccelerometer,extended
81.4629,527,-6.15041,-0.843047,-7.87482,0.0,0.0,0.0,0.0,0.0,0.0,0.0,-4.21875,7.22806,0.0178673,0.140658,IncreaseAccelerometer,extended
81.613,528,-6.59109,-0.00958008,-7.7886,0.0,0.0,0.0,0.0,0.0,0.0,0.0,0.0,15.3594,0.0178673,0.140658,IncreaseAccelerometer,extended
81.763,529,-6.43781,-0.0574805,-7.7407,0.0,0.0,0.0,0.0,0.0,0.0,0.0,4.39453,22.255,0.0178673,0.140658,IncreaseAccelerometer,extended
81.9131,530,-6.35159,-0.153281,-7.5491,0.0,0.0,0.0,0.0,0.0,0.0,0.0,8.26172,26.0032,0.0178673,0.140658,IncreaseAccelerometer,extended
82.0632,531,-5.97797,-0.105381,-7.17548,0.0,0.0,0.0,0.0,0.0,0.0,0.0,10.8984,25.3004,0.0178673,0.140658,IncreaseAccelerometer,extended
82.2795,532,-5.92049,-0.162861,-7.118,0.0,0.0,0.0,0.0,0.0,0.0,0.0,11.6016,19.372,0.0129973,0.143496,IncreaseAccelerometer,seated
82.4296,533,-6.34201,0.0670606,-8.11433,0.0,0.0,0.0,0.0,0.0,0.0,0.0,10.1953,12.4843,0.0129973,0.143496,IncreaseAccelerometer,seated
82.5797,534,-0.0574805,0.440684,-6.37075,0.0,0.0,0.0,0.0,0.0,0.0,0.0,7.55859,3.87442,0.0129973,0.143496,IncreaseAccelerometer,seated
82.7298,535,-3.48715,-0.172441,-9.70462,0.0,0.0,0.0,0.0,0.0,0.0,0.0,3.51562,-5.81165,0.0129973,0.143496,IncreaseAccelerometer,seated
82.8798,536,-2.0214,-0.488584,-10.3273,0.0,0.0,0.0,0.0,0.0,0.0,0.0,-0.527344,-13.9911,0.0129973,0.143496,IncreaseAccelerometer,seated
83.0299,537,-1.70525,-0.383203,-10.1932,0.0,0.0,0.0,0.0,0.0,0.0,0.0,-5.09766,-22.2556,0.0129973,0.143496,IncreaseAccelerometer,seated
83.18,538,-1.69567,-0.229922,-9.60882,0.0,0.0,0.0,0.0,0.0,0.0,0.0,-8.78906,-25.3011,0.0129973,0.143496,IncreaseAccelerometer,seated
83.33,539,-1.57113,-0.268242,-9.58966,0.0,0.0,0.0,0.0,0.0,0.0,0.0,-11.0742,-24.8324,0.0129973,0.143496,IncreaseAccelerometer,seated
83.4801,540,-1.45617,-0.172441,-9.5705,0.0,0.0,0.0,0.0,0.0,0.0,0.0,-12.1289,-20.8499,0.0129973,0.143496,IncreaseAccelerometer,seated
83.6302,541,-1.56155,-0.287402,-9.58966,0.0,0.0,0.0,0.0,0.0,0.0,0.0,-11.4258,-14.5247,0.0129973,0.143496,IncreaseAccelerometer,seated
83.7802,542,-1.57113,-0.249082,-9.74294,0.0,0.0,0.0,0.0,0.0,0.0,0.0,-9.31641,-5.62243,0.0129973,0.143496,IncreaseAccelerometer,seated
83.9303,543,-1.67651,-0.249082,-9.84832,0.0,0.0,0.0,0.0,0.0,0.0,0.0,-5.625,4.21677,0.0129973,0.143496,IncreaseAccelerometer,seated
84.0804,544,-1.59987,-0.268242,-9.9537,0.0,0.0,0.0,0.0,0.0,0.0,0.0,-1.58203,12.6503,0.0129973,0.143496,IncreaseAccelerometer,seated
84.2304,545,-1.65735,-0.210762,-9.99202,0.0,0.0,0.0,0.0,0.0,0.0,0.0,2.63672,19.6783,0.0129973,0.143496,IncreaseAccelerometer,seated
84.3805,546,-1.64777,-0.268242,-9.88664,0.0,0.0,0.0,0.0,0.0,0.0,0.0,6.32812,23.6609,0.0129973,0.143496,IncreaseAccelerometer,seated
84.5306,547,-1.59029,-0.239502,-9.7142,0.0,0.0,0.0,0.0,0.0,0.0,0.0,9.49219,25.0667,0.0129973,0.143496,IncreaseAccelerometer,seated
84.6806,548,-1.55197,-0.306563,-9.44596,0.0,0.0,0.0,0.0,0.0,0.0,0.0,11.4258,22.7242,0.0129973,0.143496,IncreaseAccelerometer,seated
84.9988,549,-1.55197,-0.258662,-9.55134,0.0,0.0,0.0,0.0,0.0,0.0,0.0,9.84375,12.4407,0.0129973,0.143496,IncreaseAccelerometer,seated
85.1489,550,-1.59029,-0.229922,-9.70462,0.0,0.0,0.0,0.0,0.0,0.0,0.0,7.03125,4.78489,0.0129973,0.143496,IncreaseAccelerometer,seated
85.2989,551,-1.61903,-0.249082,-9.94412,0.0,0.0,0.0,0.0,0.0,0.0,0.0,3.16406,-3.44515,0.0129973,0.143496,IncreaseAccelerometer,seated
85.449,552,-1.62861,-0.277822,-10.0016,0.0,0.0,0.0,0.0,0.0,0.0,0.0,-2.28516,-12.8235,0.0129973,0.143496,IncreaseAccelerometer,seated
85.5991,553,-1.58071,-0.249082,-10.0016,0.0,0.0,0.0,0.0,0.0,0.0,0.0,-5.27344,-18.1826,0.0129973,0.143496,IncreaseAccelerometer,seated
85.7491,554,-1.59029,-0.220342,-9.84832,0.0,0.0,0.0,0.0,0.0,0.0,0.0,-8.78906,-24.8328,0.0129973,0.143496,IncreaseAccelerometer,seated
85.8992,555,-1.54239,-0.220342,-9.65672,0.0,0.0,0.0,0.0,0.0,0.0,0.0,-11.0742,-24.1298,0.0129973,0.143496,IncreaseAccelerometer,seated
86.0493,556,-1.51365,-0.249082,-9.48428,0.0,0.0,0.0,0.0,0.0,0.0,0.0,-11.9531,-20.1471,0.0129973,0.143496,IncreaseAccelerometer,seated
86.2627,557,-1.43701,0.0479004,-10.3369,0.0,0.0,0.0,0.0,0.0,0.0,0.0,-10.1953,-9.72127,0.0178673,0.140658,IncreaseAccelerometer,extended
86.4128,558,-1.20709,0.239502,-8.01853,0.0,0.0,0.0,0.0,0.0,0.0,0.0,-7.55859,-2.80837,0.0178673,0.140658,IncreaseAccelerometer,extended
86.5628,559,-10.1261,-0.0383203,-7.1659,0.0,0.0,0.0,0.0,0.0,0.0,0.0,-3.86719,6.04866,0.0178673,0.140658,IncreaseAccelerometer,extended
86.7129,560,-7.7886,0.134121,-7.73112,0.0,0.0,0.0,0.0,0.0,0.0,0.0,0.527344,14.2576,0.0178673,0.140658,IncreaseAccelerometer,extended
86.863,561,-7.73112,-0.0191602,-7.99937,0.0,0.0,0.0,0.0,0.0,0.0,0.0,4.21875,19.8744,0.0178673,0.140658,IncreaseAccelerometer,extended
87.013,562,-6.19831,-0.0383203,-7.3575,0.0,0.0,0.0,0.0,0.0,0.0,0.0,7.91016,24.1294,0.0178673,0.140658,IncreaseAccelerometer,extended
87.1631,563,-5.71931,-0.220342,-7.28086,0.0,0.0,0.0,0.0,0.0,0.0,0.0,10.3711,23.8952,0.0178673,0.140658,IncreaseAccelerometer,extended
87.3132,564,-6.33243,-0.0958008,-7.32876,0.0,0.0,0.0,0.0,0.0,0.0,0.0,11.0742,19.9128,0.0178673,0.140658,IncreaseAccelerometer,extended
87.5107,565,-5.80553,-0.287402,-7.08926,0.0,0.0,0.0,0.0,0.0,0.0,0.0,10.0195,11.8975,0.0129973,0.143496,IncreaseAccelerometer,seated
87.6608,566,-10.1836,-0.0479004,-8.81367,0.0,0.0,0.0,0.0,0.0,0.0,0.0,7.38281,3.96582,0.0129973,0.143496,IncreaseAccelerometer,seated
87.8109,567,-5.22114,0.182021,-12.6361,0.0,0.0,0.0,0.0,0.0,0.0,0.0,4.04297,-4.84714,0.0129973,0.143496,IncreaseAccelerometer,seated
87.9609,568,-3.49673,-0.220342,-10.2507,0.0,0.0,0.0,0.0,0.0,0.0,0.0,-0.351562,-13.4395,0.0129973,0.143496,IncreaseAccelerometer,seated
88.111,569,-2.03098,-0.268242,-10.3465,0.0,0.0,0.0,0.0,0.0,0.0,0.0,-4.57031,-19.6088,0.0129973,0.143496,IncreaseAccelerometer,seated
88.2611,570,-1.88728,-0.373623,-9.96328,0.0,0.0,0.0,0.0,0.0,0.0,0.0,-8.08594,-24.1295,0.0129973,0.143496,IncreaseAccelerometer,seated
88.4111,571,-1.60945,-0.306563,-9.93454,0.0,0.0,0.0,0.0,0.0,0.0,0.0,-10.3711,-23.6609,0.0129973,0.143496,IncreaseAccelerometer,seated
88.5612,572,-1.35079,-0.239502,-9.43638,0.0,0.0,0.0,0.0,0.0,0.0,0.0,-11.4258,-20.6153,0.0129973,0.143496,IncreaseAccelerometer,seated
88.7728,573,-1.44659,-0.0479004,-10.5381,0.0,0.0,0.0,0.0,0.0,0.0,0.0,-10.3711,-12.3416,0.0178673,0.140658,IncreaseAccelerometer,extended
88.9229,574,-1.95434,-0.574805,-8.81367,0.0,0.0,0.0,0.0,0.0,0.0,0.0,-8.08594,-4.33039,0.0178673,0.140658,IncreaseAccelerometer,extended
89.0729,575,-6.32285,-0.584385,-7.70238,0.0,0.0,0.0,0.0,0.0,0.0,0.0,-4.74609,4.11378,0.0178673,0.140658,IncreaseAccelerometer,extended
89.223,576,-6.55277,-0.536484,-7.34792,0.0,0.0,0.0,0.0,0.0,0.0,0.0,-0.703125,11.9084,0.0178673,0.140658,IncreaseAccelerometer,extended
89.3731,577,-7.31918,-0.0479004,-8.04727,0.0,0.0,0.0,0.0,0.0,0.0,0.0,3.33984,18.1874,0.0178673,0.140658,IncreaseAccelerometer,extended
89.5231,578,-6.27495,-0.0287402,-7.17548,0.0,0.0,0.0,0.0,0.0,0.0,0.0,6.85547,22.9579,0.0178673,0.140658,IncreaseAccelerometer,extended
89.6732,579,-6.24621,-0.306563,-7.4533,0.0,0.0,0.0,0.0,0.0,0.0,0.0,9.49219,23.4265,0.0178673,0.140658,IncreaseAccelerometer,extended
89.8625,580,-6.09293,-0.220342,-6.88808,0.0,0.0,0.0,0.0,0.0,0.0,0.0,10.7227,19.5909,0.0129973,0.143496,IncreaseAccelerometer,seated
90.0126,581,-7.43414,-0.249082,-7.9323,0.0,0.0,0.0,0.0,0.0,0.0,0.0,10.0195,13.58,0.0129973,0.143496,IncreaseAccelerometer,seated
90.1627,582,-2.41418,-0.325723,-9.73336,0.0,0.0,0.0,0.0,0.0,0.0,0.0,8.08594,6.01082,0.0129973,0.143496,IncreaseAccelerometer,seated
90.3127,583,-2.28964,-0.383203,-9.87706,0.0,0.0,0.0,0.0,0.0,0.0,0.0,4.74609,-2.67145,0.0129973,0.143496,IncreaseAccelerometer,seated
90.4628,584,-0.785566,-0.220342,-10.2794,0.0,0.0,0.0,0.0,0.0,0.0,0.0,1.05469,-10.6858,0.0129973,0.143496,IncreaseAccelerometer,seated
90.6129,585,-1.45617,-0.296982,-10.0016,0.0,0.0,0.0,0.0,0.0,0.0,0.0,-3.33984,-18.7411,0.0129973,0.143496,IncreaseAccelerometer,seated
90.763,586,-1.77231,-0.134121,-9.93454,0.0,0.0,0.0,0.0,0.0,0.0,0.0,-6.67969,-22.2552,0.0129973,0.143496,IncreaseAccelerometer,seated
90.913,587,-1.36037,-0.162861,-9.45554,0.0,0.0,0.0,0.0,0.0,0.0,0.0,-9.49219,-23.4264,0.0129973,0.143496,IncreaseAccelerometer,seated
91.0631,588,-1.53281,-0.249082,-9.70462,0.0,0.0,0.0,0.0,0.0,0.0,0.0,-10.8984,-20.8498,0.0129973,0.143496,IncreaseAccelerometer,seated
91.2539,589,-1.57113,-0.134121,-9.75252,0.0,0.0,0.0,0.0,0.0,0.0,0.0,-10.7227,-14.8867,0.0178673,0.140658,IncreaseAccelerometer,extended
91.404,590,0.900527,-0.0958008,-7.39582,0.0,0.0,0.0,0.0,0.0,0.0,0.0,-9.14062,-7.3323,0.0178673,0.140658,IncreaseAccelerometer,extended
91.5541,591,-9.08191,-0.488584,-7.9323,0.0,0.0,0.0,0.0,0.0,0.0,0.0,-5.97656,0.888753,0.0178673,0.140658,IncreaseAccelerometer,extended
91.7042,592,-6.93598,-0.431104,-7.47246,0.0,0.0,0.0,0.0,0.0,0.0,0.0,-2.28516,9.10967,0.0178673,0.140658,IncreaseAccelerometer,extended
91.8542,593,-7.00304,0.0766406,-7.86524,0.0,0.0,0.0,0.0,0.0,0.0,0.0,1.40625,15.5531,0.0178673,0.140658,IncreaseAccelerometer,extended
92.0043,594,-6.20789,-0.0287402,-7.5491,0.0,0.0,0.0,0.0,0.0,0.0,0.0,5.27344,21.3182,0.0178673,0.140658,IncreaseAccelerometer,extended
92.1544,595,-6.09293,-0.143701,-7.2617,0.0,0.0,0.0,0.0,0.0,0.0,0.0,8.26172,23.1925,0.0178673,0.140658,IncreaseAccelerometer,extended
92.3044,596,-6.15041,-0.220342,-7.3096,0.0,0.0,0.0,0.0,0.0,0.0,0.0,9.84375,21.0844,0.0178673,0.140658,IncreaseAccelerometer,extended
92.4903,597,-5.90133,-0.249082,-7.13716,0.0,0.0,0.0,0.0,0.0,0.0,0.0,10.1953,15.876,0.0129973,0.143496,IncreaseAccelerometer,seated
92.6404,598,-7.48204,-0.0383203,-7.25212,0.0,0.0,0.0,0.0,0.0,0.0,0.0,8.78906,9.39133,0.0129973,0.143496,IncreaseAccelerometer,seated
92.7904,599,-1.10171,0.162861,-9.05317,0.0,0.0,0.0,0.0,0.0,0.0,0.0,6.15234,1.118,0.0129973,0.143496,IncreaseAccelerometer,seated
92.9405,600,-3.83203,-0.124541,-10.2124,0.0,0.0,0.0,0.0,0.0,0.0,0.0,2.46094,-7.37877,0.0129973,0.143496,IncreaseAccelerometer,seated
93.0906,601,-1.70525,-0.277822,-10.1932,0.0,0.0,0.0,0.0,0.0,0.0,0.0,-1.23047,-14.0868,0.0129973,0.143496,IncreaseAccelerometer,seated
93.2406,602,-1.82021,-0.344883,-9.91538,0.0,0.0,0.0,0.0,0.0,0.0,0.0,-5.09766,-20.3808,0.0129973,0.143496,IncreaseAccelerometer,seated
93.3907,603,-1.71483,-0.239502,-9.62798,0.0,0.0,0.0,0.0,0.0,0.0,0.0,-8.26172,-22.7238,0.0129973,0.143496,IncreaseAccelerometer,seated
93.6339,604,-1.57113,-0.603545,-7.58742,0.0,0.0,0.0,0.0,0.0,0.0,0.0,-10.7227,-20.0058,0.0178673,0.140658,IncreaseAccelerometer,extended
93.784,605,-4.53138,0.162861,-8.31551,0.0,0.0,0.0,0.0,0.0,0.0,0.0,-10.5469,-15.4212,0.0178673,0.140658,IncreaseAccelerometer,extended
93.9341,606,-4.86668,0.574805,-6.29411,0.0,0.0,0.0,0.0,0.0,0.0,0.0,-8.96484,-9.16928,0.0178673,0.140658,IncreaseAccelerometer,extended
94.0842,607,-6.16957,-0.114961,-7.41498,0.0,0.0,0.0,0.0,0.0,0.0,0.0,-6.32812,-1.45873,0.0178673,0.140658,IncreaseAccelerometer,extended
94.2342,608,-6.70606,-0.191602,-7.63532,0.0,0.0,0.0,0.0,0.0,0.0,0.0,-2.8125,6.46011,0.0178673,0.140658,IncreaseAccelerometer,extended
94.3843,609,-6.20789,-0.229922,-7.51078,0.0,0.0,0.0,0.0,0.0,0.0,0.0,1.23047,15.93,0.0178673,0.140658,IncreaseAccelerometer,extended
94.5344,610,-6.41865,-0.124541,-7.48204,0.0,0.0,0.0,0.0,0.0,0.0,0.0,4.74609,20.3811,0.0178673,0.140658,IncreaseAccelerometer,extended
94.6844,611,-6.32285,-0.114961,-7.17548,0.0,0.0,0.0,0.0,0.0,0.0,0.0,7.73438,22.2551,0.0178673,0.140658,IncreaseAccelerometer,extended
94.8345,612,-6.03545,-0.210762,-7.15632,0.0,0.0,0.0,0.0,0.0,0.0,0.0,9.49219,21.0842,0.0178673,0.140658,IncreaseAccelerometer,extended
95.0229,613,-6.23663,-0.172441,-7.15632,0.0,0.0,0.0,0.0,0.0,0.0,0.0,9.84375,16.0472,0.0129973,0.143496,IncreaseAccelerometer,seated
95.173,614,-7.6449,-0.411943,-7.34792,0.0,0.0,0.0,0.0,0.0,0.0,0.0,8.4375,9.13801,0.0129973,0.143496,IncreaseAccelerometer,seated
95.3231,615,-2.0693,0.258662,-8.27719,0.0,0.0,0.0,0.0,0.0,0.0,0.0,6.15234,1.78298,0.0129973,0.143496,IncreaseAccelerometer,seated
95.4731,616,-3.10395,-0.0670606,-10.0974,0.0,0.0,0.0,0.0,0.0,0.0,0.0,2.8125,-6.24045,0.0129973,0.143496,IncreaseAccelerometer,seated
95.6232,617,-2.22258,-0.316143,-10.5381,0.0,0.0,0.0,0.0,0.0,0.0,0.0,-0.878906,-13.1494,0.0129973,0.143496,IncreaseAccelerometer,seated
95.7733,618,-1.65735,-0.153281,-9.89622,0.0,0.0,0.0,0.0,0.0,0.0,0.0,-4.57031,-19.2095,0.0129973,0.143496,IncreaseAccelerometer,seated
95.9234,619,-1.39869,-0.287402,-9.73336,0.0,0.0,0.0,0.0,0.0,0.0,0.0,-7.55859,-21.3177,0.0129973,0.143496,IncreaseAccelerometer,seated
96.1286,620,-1.42743,-0.201182,-9.6663,0.0,0.0,0.0,0.0,0.0,0.0,0.0,-10.1953,-20.2936,0.0178673,0.140658,IncreaseAccelerometer,extended
96.2787,621,-0.728086,-0.680186,-8.21013,0.0,0.0,0.0,0.0,0.0,0.0,0.0,-10.3711,-16.3658,0.0178673,0.140658,IncreaseAccelerometer,extended
96.4288,622,-7.96105,-0.210762,-7.29044,0.0,0.0,0.0,0.0,0.0,0.0,0.0,-9.31641,-10.4742,0.0178673,0.140658,IncreaseAccelerometer,extended
96.5788,623,-5.53729,-0.661025,-7.58742,0.0,0.0,0.0,0.0,0.0,0.0,0.0,-6.85547,-2.83672,0.0178673,0.140658,IncreaseAccelerometer,extended
96.7289,624,-6.85934,-0.0862207,-7.65448,0.0,0.0,0.0,0.0,0.0,0.0,0.0,-3.86719,4.58249,0.0178673,0.140658,IncreaseAccelerometer,extended
96.879,625,-6.62941,-0.0958008,-7.4054,0.0,0.0,0.0,0.0,0.0,0.0,0.0,-0.175781,13.3532,0.0178673,0.140658,IncreaseAccelerometer,extended
97.029,626,-6.26537,-0.191602,-7.58742,0.0,0.0,0.0,0.0,0.0,0.0,0.0,3.51562,18.5071,0.0178673,0.140658,IncreaseAccelerometer,extended
97.1791,627,-6.25579,-0.124541,-7.4054,0.0,0.0,0.0,0.0,0.0,0.0,0.0,6.50391,21.0839,0.0178673,0.140658,IncreaseAccelerometer,extended
97.3624,628,-5.89175,-0.287402,-7.17548,0.0,0.0,0.0,0.0,0.0,0.0,0.0,8.96484,20.1903,0.0129973,0.143496,IncreaseAccelerometer,seated
97.5125,629,-7.39582,-0.114961,-6.95514,0.0,0.0,0.0,0.0,0.0,0.0,0.0,9.49219,17.0494,0.0129973,0.143496,IncreaseAccelerometer,seated
97.6625,630,-1.30289,-0.747246,-10.9883,0.0,0.0,0.0,0.0,0.0,0.0,0.0,8.96484,11.6653,0.0129973,0.143496,IncreaseAccelerometer,seated
97.8126,631,-2.62494,-0.335303,-9.75252,0.0,0.0,0.0,0.0,0.0,0.0,0.0,6.85547,4.26226,0.0129973,0.143496,IncreaseAccelerometer,seated
97.9627,632,-1.18793,-0.172441,-9.84832,0.0,0.0,0.0,0.0,0.0,0.0,0.0,4.04297,-3.14064,0.0129973,0.143496,IncreaseAccelerometer,seated
98.1128,633,-1.58071,-0.287402,-10.0782,0.0,0.0,0.0,0.0,0.0,0.0,0.0,0.351562,-11.479,0.0129973,0.143496,IncreaseAccelerometer,seated
98.2628,634,-1.61903,-0.287402,-10.0208,0.0,0.0,0.0,0.0,0.0,0.0,0.0,-2.98828,-16.633,0.0129973,0.143496,IncreaseAccelerometer,seated
98.4129,635,-1.40827,-0.325723,-9.84832,0.0,0.0,0.0,0.0,0.0,0.0,0.0,-6.50391,-20.6155,0.0129973,0.143496,IncreaseAccelerometer,seated
98.6256,636,-1.39869,-0.0766406,-9.73336,0.0,0.0,0.0,0.0,0.0,0.0,0.0,-9.31641,-19.8928,0.0178673,0.140658,IncreaseAccelerometer,extended
98.7756,637,-1.24541,-0.229922,-7.32876,0.0,0.0,0.0,0.0,0.0,0.0,0.0,-10.0195,-17.2979,0.0178673,0.140658,IncreaseAccelerometer,extended
98.9257,638,-3.48715,-0.0766406,-6.67731,0.0,0.0,0.0,0.0,0.0,0.0,0.0,-9.31641,-11.8924,0.0178673,0.140658,IncreaseAccelerometer,extended
99.0758,639,-5.61393,-0.603545,-7.57784,0.0,0.0,0.0,0.0,0.0,0.0,0.0,-7.55859,-5.62174,0.0178673,0.140658,IncreaseAccelerometer,extended
99.2259,640,-6.20789,0.0191602,-7.37666,0.0,0.0,0.0,0.0,0.0,0.0,0.0,-4.74609,2.16221,0.0178673,0.140658,IncreaseAccelerometer,extended
99.3759,641,-6.50487,0.0191602,-7.73112,0.0,0.0,0.0,0.0,0.0,0.0,0.0,-1.23047,10.7765,0.0178673,0.140658,IncreaseAccelerometer,extended
99.526,642,-6.35159,-0.354463,-7.62574,0.0,0.0,0.0,0.0,0.0,0.0,0.0,2.28516,16.3991,0.0178673,0.140658,IncreaseAccelerometer,extended
99.676,643,-6.18873,-0.354463,-7.29044,0.0,0.0,0.0,0.0,0.0,0.0,0.0,8.61328,23.8957,0.0178673,0.140658,IncreaseAccelerometer,extended
100.023,644,-6.16957,-0.191602,-7.32876,0.0,0.0,0.0,0.0,0.0,0.0,0.0,7.55859,15.9571,0.0178673,0.140658,IncreaseAccelerometer,extended
100.493,645,-5.70973,-0.134121,-7.23296,0.0,0.0,0.0,0.0,0.0,0.0,0.0,4.04297,6.93495,0.0129973,0.143496,IncreaseAccelerometer,seated
100.643,646,-8.42089,0.00958008,-8.88073,0.0,0.0,0.0,0.0,0.0,0.0,0.0,0.703125,1.52564,0.0129973,0.143496,IncreaseAccelerometer,seated
100.793,647,-0.344883,0.996328,-10.5381,0.0,0.0,0.0,0.0,0.0,0.0,0.0,-2.8125,-4.02216,0.0129973,0.143496,IncreaseAccelerometer,seated
100.943,648,-3.81287,-0.364043,-10.2315,0.0,0.0,0.0,0.0,0.0,0.0,0.0,-6.32812,-11.7891,0.0129973,0.143496,IncreaseAccelerometer,seated
101.093,649,-2.50998,-0.488584,-10.0112,0.0,0.0,0.0,0.0,0.0,0.0,0.0,-8.26172,-14.7806,0.0129973,0.143496,IncreaseAccelerometer,seated
101.244,650,-1.8777,-0.258662,-9.50344,0.0,0.0,0.0,0.0,0.0,0.0,0.0,-9.49219,-18.0383,0.0129973,0.143496,IncreaseAccelerometer,seated
101.394,651,-1.58071,-0.191602,-9.35974,0.0,0.0,0.0,0.0,0.0,0.0,0.0,-9.49219,-13.5876,0.0129973,0.143496,IncreaseAccelerometer,seated
101.624,652,-2.31838,-0.0574805,-9.38848,0.0,0.0,0.0,0.0,0.0,0.0,0.0,-7.03125,-5.08167,0.0178673,0.140658,IncreaseAccelerometer,extended
101.774,653,-1.00591,-0.402363,-9.46512,0.0,0.0,0.0,0.0,0.0,0.0,0.0,-4.39453,2.32909,0.0178673,0.140658,IncreaseAccelerometer,extended
101.924,654,-14.1306,-0.402363,-8.54543,0.0,0.0,0.0,0.0,0.0,0.0,0.0,-1.05469,8.68107,0.0178673,0.140658,IncreaseAccelerometer,extended
102.074,655,-7.96105,0.114961,-8.05685,0.0,0.0,0.0,0.0,0.0,0.0,0.0,2.46094,14.3981,0.0178673,0.140658,IncreaseAccelerometer,extended
102.224,656,-7.7407,-0.0383203,-7.8844,0.0,0.0,0.0,0.0,0.0,0.0,0.0,5.27344,17.7858,0.0178673,0.140658,IncreaseAccelerometer,extended
102.374,657,-6.35159,-0.229922,-7.32876,0.0,0.0,0.0,0.0,0.0,0.0,0.0,7.73438,19.6787,0.0178673,0.140658,IncreaseAccelerometer,extended
102.524,658,-5.53729,-0.229922,-6.79228,0.0,0.0,0.0,0.0,0.0,0.0,0.0,8.78906,17.5702,0.0178673,0.140658,IncreaseAccelerometer,extended
102.71,659,-6.12167,-0.0862207,-6.99346,0.0,0.0,0.0,0.0,0.0,0.0,0.0,8.4375,12.0759,0.0129973,0.143496,IncreaseAccelerometer,seated
102.86,660,-7.25212,-0.344883,-7.30002,0.0,0.0,0.0,0.0,0.0,0.0,0.0,7.03125,5.81435,0.0129973,0.143496,IncreaseAccelerometer,seated
103.01,661,-1.30289,0.162861,-8.65081,0.0,0.0,0.0,0.0,0.0,0.0,0.0,4.57031,-0.894511,0.0129973,0.143496,IncreaseAccelerometer,seated
103.16,662,-3.34345,-0.124541,-10.0303,0.0,0.0,0.0,0.0,0.0,0.0,0.0,1.05469,-8.49767,0.0129973,0.143496,IncreaseAccelerometer,seated
103.31,663,-1.91602,-0.459844,-10.289,0.0,0.0,0.0,0.0,0.0,0.0,0.0,-2.46094,-14.3119,0.0129973,0.143496,IncreaseAccelerometer,seated
103.46,664,-1.81063,-0.335303,-9.91538,0.0,0.0,0.0,0.0,0.0,0.0,0.0,-5.27344,-18.2729,0.0129973,0.143496,IncreaseAccelerometer,seated
103.61,665,-1.74357,-0.287402,-10.0016,0.0,0.0,0.0,0.0,0.0,0.0,0.0,-7.73438,-19.6783,0.0129973,0.143496,IncreaseAccelerometer,seated
103.76,666,-1.45617,-0.239502,-9.54176,0.0,0.0,0.0,0.0,0.0,0.0,0.0,-9.14062,-18.2724,0.0129973,0.143496,IncreaseAccelerometer,seated
103.957,667,-1.51365,-0.210762,-9.68546,0.0,0.0,0.0,0.0,0.0,0.0,0.0,-9.14062,-12.7967,0.0178673,0.140658,IncreaseAccelerometer,extended
104.107,668,0.843047,0.584385,-8.69871,0.0,0.0,0.0,0.0,0.0,0.0,0.0,-7.91016,-6.83955,0.0178673,0.140658,IncreaseAccelerometer,extended
104.257,669,-11.6111,-0.718506,-8.97653,0.0,0.0,0.0,0.0,0.0,0.0,0.0,-5.44922,-0.220631,0.0178673,0.140658,IncreaseAccelerometer,extended
104.407,670,-8.00895,0.105381,-7.9323,0.0,0.0,0.0,0.0,0.0,0.0,0.0,-2.28516,6.83944,0.0178673,0.140658,IncreaseAccelerometer,extended
104.557,671,-7.39582,-0.344883,-8.10475,0.0,0.0,0.0,0.0,0.0,0.0,0.0,0.878906,12.5758,0.0178673,0.140658,IncreaseAccelerometer,extended
104.707,672,-6.03545,0.00958008,-7.27128,0.0,0.0,0.0,0.0,0.0,0.0,0.0,4.04297,17.5697,0.0178673,0.140658,IncreaseAccelerometer,extended
104.857,673,-6.17915,-0.258662,-7.06052,0.0,0.0,0.0,0.0,0.0,0.0,0.0,6.67969,19.4438,0.0178673,0.140658,IncreaseAccelerometer,extended
105.007,674,-6.43781,-0.105381,-7.47246,0.0,0.0,0.0,0.0,0.0,0.0,0.0,8.08594,18.0384,0.0178673,0.140658,IncreaseAccelerometer,extended
105.203,675,-5.99713,-0.182021,-7.06052,0.0,0.0,0.0,0.0,0.0,0.0,0.0,8.4375,13.4721,0.0129973,0.143496,IncreaseAccelerometer,seated
105.353,676,-7.36708,-0.201182,-7.79818,0.0,0.0,0.0,0.0,0.0,0.0,0.0,7.20703,7.95072,0.0129973,0.143496,IncreaseAccelerometer,seated
105.503,677,1.19751,-0.392783,-7.7886,0.0,0.0,0.0,0.0,0.0,0.0,0.0,5.27344,1.54594,0.0129973,0.143496,IncreaseAccelerometer,seated
105.653,678,-2.0693,-0.210762,-9.5705,0.0,0.0,0.0,0.0,0.0,0.0,0.0,1.40625,-6.62538,0.0129973,0.143496,IncreaseAccelerometer,seated
105.803,679,-1.09213,-0.431104,-10.3561,0.0,0.0,0.0,0.0,0.0,0.0,0.0,-1.05469,-11.4839,0.0129973,0.143496,IncreaseAccelerometer,seated
105.953,680,-1.64777,-0.258662,-9.92496,0.0,0.0,0.0,0.0,0.0,0.0,0.0,-4.21875,-16.8667,0.0129973,0.143496,IncreaseAccelerometer,seated
106.103,681,-1.77231,-0.210762,-9.6184,0.0,0.0,0.0,0.0,0.0,0.0,0.0,-6.85547,-18.7407,0.0129973,0.143496,IncreaseAccelerometer,seated
106.253,682,-1.57113,-0.201182,-9.51302,0.0,0.0,0.0,0.0,0.0,0.0,0.0,-8.4375,-18.2727,0.0129973,0.143496,IncreaseAccelerometer,seated
106.522,683,1.11129,-0.661025,-9.43638,0.0,0.0,0.0,0.0,0.0,0.0,0.0,-8.4375,-11.325,0.0178673,0.140658,IncreaseAccelerometer,extended
106.672,684,-3.96615,-0.747246,-9.63756,0.0,0.0,0.0,0.0,0.0,0.0,0.0,-7.20703,-7.07813,0.0178673,0.140658,IncreaseAccelerometer,extended
106.822,685,-8.14307,-0.239502,-8.72745,0.0,0.0,0.0,0.0,0.0,0.0,0.0,-4.74609,-0.60669,0.0178673,0.140658,IncreaseAccelerometer,extended
106.972,686,-8.40173,-0.296982,-7.97063,0.0,0.0,0.0,0.0,0.0,0.0,0.0,-1.58203,6.06688,0.0178673,0.140658,IncreaseAccelerometer,extended
107.123,687,-7.06052,0.0766406,-7.77902,0.0,0.0,0.0,0.0,0.0,0.0,0.0,1.40625,11.3246,0.0178673,0.140658,IncreaseAccelerometer,extended
107.273,688,-6.10251,-0.0862207,-7.29044,0.0,0.0,0.0,0.0,0.0,0.0,0.0,4.39453,17.1011,0.0178673,0.140658,IncreaseAccelerometer,extended
107.423,689,-6.11209,-0.201182,-7.20422,0.0,0.0,0.0,0.0,0.0,0.0,0.0,6.67969,18.5064,0.0178673,0.140658,IncreaseAccelerometer,extended
107.573,690,-6.15999,-0.172441,-7.29044,0.0,0.0,0.0,0.0,0.0,0.0,0.0,7.91016,16.8669,0.0178673,0.140658,IncreaseAccelerometer,extended
107.723,691,-6.11209,-0.201182,-7.13716,0.0,0.0,0.0,0.0,0.0,0.0,0.0,8.26172,13.1188,0.0178673,0.140658,IncreaseAccelerometer,extended
107.974,692,-6.66773,-0.172441,-6.98388,0.0,0.0,0.0,0.0,0.0,0.0,0.0,5.97656,5.37027,0.0129973,0.143496,IncreaseAccelerometer,seated
108.124,693,-6.39949,-0.574805,-7.27128,0.0,0.0,0.0,0.0,0.0,0.0,0.0,3.51562,-1.03274,0.0129973,0.143496,IncreaseAccelerometer,seated
108.274,694,1.45617,0.162861,-10.0208,0.0,0.0,0.0,0.0,0.0,0.0,0.0,0.351562,-7.43567,0.0129973,0.143496,IncreaseAccelerometer,seated
108.424,695,-1.64777,-0.220342,-9.4747,0.0,0.0,0.0,0.0,0.0,0.0,0.0,-8.08594,-18.7956,0.0129973,0.143496,IncreaseAccelerometer,seated
108.868,696,-1.53281,-0.287402,-9.36932,0.0,0.0,0.0,0.0,0.0,0.0,0.0,-8.61328,-14.7398,0.0129973,0.143496,IncreaseAccelerometer,seated
109.018,697,-1.51365,-0.220342,-9.5226,0.0,0.0,0.0,0.0,0.0,0.0,0.0,-8.61328,-13.9727,0.0129973,0.143496,IncreaseAccelerometer,seated
109.397,698,1.28373,-1.24541,-8.62207,0.0,0.0,0.0,0.0,0.0,0.0,0.0,-3.51562,-5.52002,0.0178673,0.140658,IncreaseAccelerometer,extended
109.548,699,-1.69567,-0.699346,-8.89989,0.0,0.0,0.0,0.0,0.0,0.0,0.0,-0.878906,-0.966011,0.0178673,0.140658,IncreaseAccelerometer,extended
109.698,700,-7.09884,0.440684,-8.34425,0.0,0.0,0.0,0.0,0.0,0.0,0.0,2.46094,8.28007,0.0178673,0.140658,IncreaseAccelerometer,extended
109.848,701,-6.9743,-0.191602,-7.597,0.0,0.0,0.0,0.0,0.0,0.0,0.0,4.92188,13.812,0.0178673,0.140658,IncreaseAccelerometer,extended
