0.00181413,0,-1.43701,-0.249082,-9.69504,0.0,0.0,0.0,0.0,0.0,0.0,0.0,-0.175781,0.0,0.0129973,0.143496,None,seated
0.0243239,1,-1.47533,-0.229922,-9.63756,0.0,0.0,0.0,0.0,0.0,0.0,0.0,-0.175781,0.0,0.0129973,0.143496,Nothing,seated
0.039423,2,-1.47533,-0.229922,-9.63756,0.0,0.0,0.0,0.0,0.0,0.0,0.0,-0.175781,0.0,0.0129973,0.143496,Nothing,seated
0.0562601,3,-1.53281,-0.277822,-9.63756,0.0,0.0,0.0,0.0,0.0,0.0,0.0,-0.175781,0.0,0.0129973,0.143496,Nothing,seated
0.0703671,4,-1.47533,-0.277822,-9.64714,0.0,0.0,0.0,0.0,0.0,0.0,0.0,-0.175781,0.0,0.0129973,0.143496,Nothing,seated
0.0852499,5,-1.47533,-0.277822,-9.67588,0.0,0.0,0.0,0.0,0.0,0.0,0.0,-0.175781,0.0,0.0129973,0.143496,Nothing,seated
0.103275,6,-1.49449,-0.287402,-9.65672,0.0,0.0,0.0,0.0,0.0,0.0,0.0,-0.175781,0.0,0.0129973,0.143496,Nothing,seated
0.120248,7,-1.43701,-0.287402,-9.67588,0.0,0.0,0.0,0.0,0.0,0.0,0.0,-0.175781,0.0,0.0129973,0.143496,Nothing,seated
0.13725,8,-1.45617,-0.277822,-9.68546,0.0,0.0,0.0,0.0,0.0,0.0,0.0,-0.175781,0.0,0.0129973,0.143496,Nothing,seated
0.153282,9,-1.43701,-0.287402,-9.68546,0.0,0.0,0.0,0.0,0.0,0.0,0.0,-0.175781,0.0,0.0129973,0.143496,Nothing,seated
0.16728,10,-1.49449,-0.306563,-9.6663,0.0,0.0,0.0,0.0,0.0,0.0,0.0,-0.175781,0.0,0.0129973,0.143496,Nothing,seated
0.185251,11,-1.47533,-0.316143,-9.69504,0.0,0.0,0.0,0.0,0.0,0.0,0.0,-0.175781,0.0,0.0129973,0.143496,Nothing,seated
0.20126,12,-1.47533,-0.316143,-9.68546,0.0,0.0,0.0,0.0,0.0,0.0,0.0,-0.175781,0.0,0.0129973,0.143496,Nothing,seated
0.217307,13,-1.48491,-0.316143,-9.68546,0.0,0.0,0.0,0.0,0.0,0.0,0.0,-0.175781,0.0,0.0129973,0.143496,Nothing,seated
0.23133,14,-1.41785,-0.306563,-9.62798,0.0,0.0,0.0,0.0,0.0,0.0,0.0,-0.175781,0.0,0.0129973,0.143496,Nothing,seated
0.245345,15,-1.43701,-0.306563,-9.59924,0.0,0.0,0.0,0.0,0.0,0.0,0.0,-0.175781,0.0,0.0129973,0.143496,Nothing,seated
0.263345,16,-1.43701,-0.268242,-9.67588,0.0,0.0,0.0,0.0,0.0,0.0,0.0,-0.175781,0.0,0.0129973,0.143496,Nothing,seated
0.281302,17,-1.50407,-0.268242,-9.6663,0.0,0.0,0.0,0.0,0.0,0.0,0.0,-0.175781,0.0,0.0129973,0.143496,Nothing,seated
0.296321,18,-1.45617,-0.296982,-9.6663,0.0,0.0,0.0,0.0,0.0,0.0,0.0,-0.175781,0.0,0.0129973,0.143496,Nothing,seated
0.310369,19,-1.44659,-0.277822,-9.70462,0.0,0.0,0.0,0.0,0.0,0.0,0.0,-0.175781,0.0,0.0129973,0.143496,Nothing,seated
0.325308,20,-1.44659,-0.277822,-9.7142,0.0,0.0,0.0,0.0,0.0,0.0,0.0,-0.175781,0.0,0.0129973,0.143496,Nothing,seated
0.339311,21,-1.47533,-0.277822,-9.7142,0.0,0.0,0.0,0.0,0.0,0.0,0.0,-0.175781,0.0,0.0129973,0.143496,Nothing,seated
0.354283,22,-1.45617,-0.277822,-9.6663,0.0,0.0,0.0,0.0,0.0,0.0,0.0,-0.175781,0.0,0.0129973,0.143496,Nothing,seated
0.368295,23,-1.43701,-0.268242,-9.6663,0.0,0.0,0.0,0.0,0.0,0.0,0.0,-0.175781,0.0,0.0129973,0.143496,Nothing,seated
0.383289,24,-1.43701,-0.239502,-9.64714,0.0,0.0,0.0,0.0,0.0,0.0,0.0,-0.175781,0.0,0.0129973,0.143496,Nothing,seated
0.400279,25,-1.47533,-0.239502,-9.69504,0.0,0.0,0.0,0.0,0.0,0.0,0.0,-0.175781,0.0,0.0129973,0.143496,Nothing,seated
0.415307,26,-1.46575,-0.268242,-9.69504,0.0,0.0,0.0,0.0,0.0,0.0,0.0,-0.175781,0.0,0.0129973,0.143496,Nothing,seated
0.429562,27,-1.49449,-0.296982,-9.69504,0.0,0.0,0.0,0.0,0.0,0.0,0.0,-0.175781,0.0,0.0129973,0.143496,Nothing,seated
0.444399,28,-1.43701,-0.316143,-9.67588,0.0,0.0,0.0,0.0,0.0,0.0,0.0,-0.175781,0.0,0.0129973,0.143496,Nothing,seated
0.461306,29,-1.43701,-0.316143,-9.65672,0.0,0.0,0.0,0.0,0.0,0.0,0.0,-0.175781,0.0,0.0129973,0.143496,Nothing,seated
0.476307,30,-1.40827,-0.306563,-9.65672,0.0,0.0,0.0,0.0,0.0,0.0,0.0,-0.175781,0.0,0.0129973,0.143496,Nothing,seated
0.491359,31,-1.43701,-0.277822,-9.69504,0.0,0.0,0.0,0.0,0.0,0.0,0.0,-0.175781,0.0,0.0129973,0.143496,Nothing,seated
0.50728,32,-1.46575,-0.249082,-9.6663,0.0,0.0,0.0,0.0,0.0,0.0,0.0,-0.175781,0.0,0.0129973,0.143496,Nothing,seated
0.525313,33,-1.46575,-0.287402,-9.67588,0.0,0.0,0.0,0.0,0.0,0.0,0.0,-0.175781,0.0,0.0129973,0.143496,Nothing,seated
0.539793,34,-1.42743,-0.287402,-9.6663,0.0,0.0,0.0,0.0,0.0,0.0,0.0,-0.175781,0.0,0.0129973,0.143496,Nothing,seated
0.553307,35,-1.48491,-0.277822,-9.6663,0.0,0.0,0.0,0.0,0.0,0.0,0.0,-0.175781,0.0,0.0129973,0.143496,Nothing,seated
0.567318,36,-1.41785,-0.296982,-9.65672,0.0,0.0,0.0,0.0,0.0,0.0,0.0,-0.175781,0.0,0.0129973,0.143496,Nothing,seated
0.582347,37,-1.41785,-0.296982,-9.69504,0.0,0.0,0.0,0.0,0.0,0.0,0.0,-0.175781,0.0,0.0129973,0.143496,Nothing,seated
0.596412,38,-1.47533,-0.296982,-9.69504,0.0,0.0,0.0,0.0,0.0,0.0,0.0,-0.175781,0.0,0.0129973,0.143496,Nothing,seated
0.611321,39,-1.50407,-0.258662,-9.64714,0.0,0.0,0.0,0.0,0.0,0.0,0.0,-0.175781,0.0,0.0129973,0.143496,Nothing,seated
0.62729,40,-1.46575,-0.306563,-9.62798,0.0,0.0,0.0,0.0,0.0,0.0,0.0,-0.175781,0.0,0.0129973,0.143496,Nothing,seated
0.642285,41,-1.46575,-0.306563,-9.73336,0.0,0.0,0.0,0.0,0.0,0.0,0.0,-0.351562,-2.34478,0.0129973,0.143496,Nothing,seated
0.658318,42,-1.51365,-0.306563,-9.73336,0.0,0.0,0.0,0.0,0.0,0.0,0.0,-0.351562,-2.31379,0.0129973,0.143496,Nothing,seated
0.673312,43,-1.45617,-0.296982,-9.65672,0.0,0.0,0.0,0.0,0.0,0.0,0.0,-0.351562,-2.28584,0.0129973,0.143496,Nothing,seated
0.688284,44,-1.45617,-0.258662,-9.6663,0.0,0.0,0.0,0.0,0.0,0.0,0.0,-0.351562,-2.28397,0.0129973,0.143496,Nothing,seated
0.706288,45,-1.45617,-0.306563,-9.65672,0.0,0.0,0.0,0.0,0.0,0.0,0.0,-0.351562,-2.22513,0.0129973,0.143496,Nothing,seated
0.723303,46,-1.45617,-0.296982,-9.65672,0.0,0.0,0.0,0.0,0.0,0.0,0.0,-0.351562,0.0,0.0129973,0.143496,Nothing,seated
0.738244,47,-1.45617,-0.296982,-9.65672,0.0,0.0,0.0,0.0,0.0,0.0,0.0,-0.351562,0.0,0.0129973,0.143496,Nothing,seated
0.75228,48,-1.47533,-0.316143,-9.6663,0.0,0.0,0.0,0.0,0.0,0.0,0.0,-0.351562,0.0,0.0129973,0.143496,Nothing,seated
0.767291,49,-1.46575,-0.335303,-9.62798,0.0,0.0,0.0,0.0,0.0,0.0,0.0,-0.351562,0.0,0.0129973,0.143496,Nothing,seated
0.783279,50,-1.46575,-0.296982,-9.63756,0.0,0.0,0.0,0.0,0.0,0.0,0.0,-0.351562,0.0,0.0129973,0.143496,Nothing,seated
0.799292,51,-1.43701,-0.296982,-9.62798,0.0,0.0,0.0,0.0,0.0,0.0,0.0,-0.351562,0.0,0.0129973,0.143496,Nothing,seated
0.816286,52,-1.43701,-0.316143,-9.62798,0.0,0.0,0.0,0.0,0.0,0.0,0.0,-0.351562,0.0,0.0129973,0.143496,Nothing,seated
0.83126,53,-1.47533,-0.316143,-9.68546,0.0,0.0,0.0,0.0,0.0,0.0,0.0,-0.351562,0.0,0.0129973,0.143496,Nothing,seated
0.845597,54,-1.47533,-0.296982,-9.69504,0.0,0.0,0.0,0.0,0.0,0.0,0.0,-0.351562,0.0,0.0129973,0.143496,Nothing,seated
0.860355,55,-1.46575,-0.296982,-9.69504,0.0,0.0,0.0,0.0,0.0,0.0,0.0,-0.351562,0.0,0.0129973,0.143496,Nothing,seated
0.876763,56,-1.47533,-0.325723,-9.6184,0.0,0.0,0.0,0.0,0.0,0.0,0.0,-0.351562,0.0,0.0129973,0.143496,Nothing,seated
0.890312,57,-1.44659,-0.306563,-9.64714,0.0,0.0,0.0,0.0,0.0,0.0,0.0,-0.351562,0.0,0.0129973,0.143496,Nothing,seated
0.904315,58,-1.44659,-0.306563,-9.65672,0.0,0.0,0.0,0.0,0.0,0.0,0.0,-0.351562,0.0,0.0129973,0.143496,Nothing,seated
0.919299,59,-1.40827,-0.296982,-9.65672,0.0,0.0,0.0,0.0,0.0,0.0,0.0,-0.351562,0.0,0.0129973,0.143496,Nothing,seated
0.9365,60,-1.41785,-0.344883,-9.69504,0.0,0.0,0.0,0.0,0.0,0.0,0.0,-0.527344,-2.3085,0.0129973,0.143496,Nothing,seated
0.951293,61,-1.41785,-0.325723,-9.6663,0.0,0.0,0.0,0.0,0.0,0.0,0.0,-0.527344,-2.35853,0.0129973,0.143496,Nothing,seated
0.968278,62,-1.49449,-0.325723,-9.67588,0.0,0.0,0.0,0.0,0.0,0.0,0.0,-0.527344,-2.25459,0.0129973,0.143496,Nothing,seated
0.983298,63,-1.49449,-0.325723,-9.67588,0.0,0.0,0.0,0.0,0.0,0.0,0.0,-0.527344,-2.22556,0.0129973,0.143496,Nothing,seated
0.999283,64,-1.49449,-0.325723,-9.67588,0.0,0.0,0.0,0.0,0.0,0.0,0.0,-0.527344,-2.19771,0.0129973,0.143496,Nothing,seated
1.01351,65,-1.43701,-0.325723,-9.69504,0.0,0.0,0.0,0.0,0.0,0.0,0.0,-0.527344,0.0,0.0129973,0.143496,Nothing,seated
1.02851,66,-1.43701,-0.325723,-9.6663,0.0,0.0,0.0,0.0,0.0,0.0,0.0,-0.527344,0.0,0.0129973,0.143496,Nothing,seated
1.04356,67,-1.43701,-0.325723,-9.6663,0.0,0.0,0.0,0.0,0.0,0.0,0.0,-0.527344,0.0,0.0129973,0.143496,Nothing,seated
1.06036,68,-1.41785,-0.325723,-9.6663,0.0,0.0,0.0,0.0,0.0,0.0,0.0,-0.527344,0.0,0.0129973,0.143496,Nothing,seated
1.07634,69,-1.45617,-0.268242,-9.6663,0.0,0.0,0.0,0.0,0.0,0.0,0.0,-0.527344,0.0,0.0129973,0.143496,Nothing,seated
1.09627,70,-1.48491,-0.287402,-9.6663,0.0,0.0,0.0,0.0,0.0,0.0,0.0,-0.527344,0.0,0.0129973,0.143496,Nothing,seated
1.11037,71,-1.51365,-0.229922,-9.6663,0.0,0.0,0.0,0.0,0.0,0.0,0.0,-0.527344,0.0,0.0129973,0.143496,Nothing,seated
1.12529,72,-1.49449,-0.287402,-9.70462,0.0,0.0,0.0,0.0,0.0,0.0,0.0,-0.527344,0.0,0.0129973,0.143496,Nothing,seated
1.14332,73,-1.49449,-0.268242,-9.6184,0.0,0.0,0.0,0.0,0.0,0.0,0.0,-0.527344,0.0,0.0129973,0.143496,Nothing,seated
1.16033,74,-1.47533,-0.268242,-9.6184,0.0,0.0,0.0,0.0,0.0,0.0,0.0,-0.527344,0.0,0.0129973,0.143496,Nothing,seated
1.17635,75,-1.41785,-0.239502,-9.65672,0.0,0.0,0.0,0.0,0.0,0.0,0.0,-0.527344,0.0,0.0129973,0.143496,Nothing,seated
1.19133,76,-1.46575,-0.258662,-9.63756,0.0,0.0,0.0,0.0,0.0,0.0,0.0,-0.527344,0.0,0.0129973,0.143496,Nothing,seated
1.20831,77,-1.46575,-0.268242,-9.6663,0.0,0.0,0.0,0.0,0.0,0.0,0.0,-0.527344,0.0,0.0129973,0.143496,Nothing,seated
1.22532,78,-1.51365,-0.277822,-9.70462,0.0,0.0,0.0,0.0,0.0,0.0,0.0,-0.527344,0.0,0.0129973,0.143496,Nothing,seated
1.24229,79,-1.54239,-0.277822,-9.70462,0.0,0.0,0.0,0.0,0.0,0.0,0.0,-0.527344,0.0,0.0129973,0.143496,Nothing,seated
1.25641,80,-1.47533,-0.268242,-9.69504,0.0,0.0,0.0,0.0,0.0,0.0,0.0,-0.527344,0.0,0.0129973,0.143496,Nothing,seated
1.27129,81,-1.43701,-0.258662,-9.65672,0.0,0.0,0.0,0.0,0.0,0.0,0.0,-0.527344,0.0,0.0129973,0.143496,Nothing,seated
1.28529,82,-1.43701,-0.258662,-9.62798,0.0,0.0,0.0,0.0,0.0,0.0,0.0,-0.527344,0.0,0.0129973,0.143496,Nothing,seated
1.30052,83,-1.42743,-0.287402,-9.62798,0.0,0.0,0.0,0.0,0.0,0.0,0.0,-0.527344,0.0,0.0129973,0.143496,Nothing,seated
1.3163,84,-1.48491,-0.277822,-9.69504,0.0,0.0,0.0,0.0,0.0,0.0,0.0,-0.527344,0.0,0.0129973,0.143496,Nothing,seated
1.33135,85,-1.46575,-0.268242,-9.69504,0.0,0.0,0.0,0.0,0.0,0.0,0.0,-0.527344,0.0,0.0129973,0.143496,Nothing,seated
1.34639,86,-1.46575,-0.277822,-9.67588,0.0,0.0,0.0,0.0,0.0,0.0,0.0,-0.527344,0.0,0.0129973,0.143496,Nothing,seated
1.36232,87,-1.48491,-0.277822,-9.64714,0.0,0.0,0.0,0.0,0.0,0.0,0.0,-0.527344,0.0,0.0129973,0.143496,Nothing,seated
1.37729,88,-1.45617,-0.249082,-9.64714,0.0,0.0,0.0,0.0,0.0,0.0,0.0,-0.527344,0.0,0.0129973,0.143496,Nothing,seated
1.3913,89,-1.44659,-0.325723,-9.62798,0.0,0.0,0.0,0.0,0.0,0.0,0.0,-0.527344,0.0,0.0129973,0.143496,Nothing,seated
1.40529,90,-1.44659,-0.306563,-9.58008,0.0,0.0,0.0,0.0,0.0,0.0,0.0,-0.527344,0.0,0.0129973,0.143496,Nothing,seated
1.42125,91,-1.56155,-0.306563,-9.74294,0.0,0.0,0.0,0.0,0.0,0.0,0.0,-0.527344,0.0,0.0129973,0.143496,Nothing,seated
1.43633,92,-1.59029,-0.364043,-9.74294,0.0,0.0,0.0,0.0,0.0,0.0,0.0,-0.527344,0.0,0.0129973,0.143496,Nothing,seated
1.45131,93,-1.56155,-0.344883,-9.64714,0.0,0.0,0.0,0.0,0.0,0.0,0.0,-0.527344,0.0,0.0129973,0.143496,Nothing,seated
1.47634,94,-1.45617,-0.325723,-9.64714,0.0,0.0,0.0,0.0,0.0,0.0,0.0,-0.527344,0.0,0.0129973,0.143496,Nothing,seated
1.4903,95,-1.45617,-0.258662,-9.6184,0.0,0.0,0.0,0.0,0.0,0.0,0.0,-0.527344,0.0,0.0129973,0.143496,Nothing,seated
1.50454,96,-1.42743,-0.258662,-9.62798,0.0,0.0,0.0,0.0,0.0,0.0,0.0,-0.527344,0.0,0.0129973,0.143496,Nothing,seated
1.51929,97,-1.33163,-0.335303,-9.62798,0.0,0.0,0.0,0.0,0.0,0.0,0.0,-0.527344,0.0,0.0129973,0.143496,Nothing,seated
1.53529,98,-1.49449,-0.344883,-9.74294,0.0,0.0,0.0,0.0,0.0,0.0,0.0,-0.527344,0.0,0.0129973,0.143496,Nothing,seated
1.55229,99,-1.53281,-0.325723,-9.69504,0.0,0.0,0.0,0.0,0.0,0.0,0.0,-0.527344,0.0,0.0129973,0.143496,Nothing,seated
1.56631,100,-1.53281,-0.325723,-9.65672,0.0,0.0,0.0,0.0,0.0,0.0,0.0,-0.527344,0.0,0.0129973,0.143496,Nothing,seated
1.58033,101,-1.42743,-0.296982,-9.65672,0.0,0.0,0.0,0.0,0.0,0.0,0.0,-0.527344,0.0,0.0129973,0.143496,Nothing,seated
1.59631,102,-1.37953,-0.287402,-9.70462,0.0,0.0,0.0,0.0,0.0,0.0,0.0,-0.527344,0.0,0.0129973,0.143496,Nothing,seated
1.61248,103,-1.41785,-0.268242,-9.65672,0.0,0.0,0.0,0.0,0.0,0.0,0.0,-0.527344,0.0,0.0129973,0.143496,Nothing,seated
1.62737,104,-1.41785,-0.239502,-9.62798,0.0,0.0,0.0,0.0,0.0,0.0,0.0,-0.527344,0.0,0.0129973,0.143496,Nothing,seated
1.64233,105,-1.43701,-0.239502,-9.62798,0.0,0.0,0.0,0.0,0.0,0.0,0.0,-0.527344,0.0,0.0129973,0.143496,Nothing,seated
1.65734,106,-1.48491,-0.229922,-9.62798,0.0,0.0,0.0,0.0,0.0,0.0,0.0,-0.527344,0.0,0.0129973,0.143496,Nothing,seated
1.67134,107,-1.43701,-0.268242,-9.6663,0.0,0.0,0.0,0.0,0.0,0.0,0.0,-0.527344,0.0,0.0129973,0.143496,Nothing,seated
1.68533,108,-1.43701,-0.268242,-9.72378,0.0,0.0,0.0,0.0,0.0,0.0,0.0,-0.527344,0.0,0.0129973,0.143496,Nothing,seated
1.7013,109,-1.42743,-0.258662,-9.72378,0.0,0.0,0.0,0.0,0.0,0.0,0.0,-0.527344,0.0,0.0129973,0.143496,Nothing,seated
1.71729,110,-1.37953,-0.239502,-9.67588,0.0,0.0,0.0,0.0,0.0,0.0,0.0,-0.527344,0.0,0.0129973,0.143496,Nothing,seated
1.73233,111,-1.35079,-0.239502,-9.65672,0.0,0.0,0.0,0.0,0.0,0.0,0.0,-0.527344,0.0,0.0129973,0.143496,Nothing,seated
1.74738,112,-1.35079,-0.229922,-9.64714,0.0,0.0,0.0,0.0,0.0,0.0,0.0,-0.527344,0.0,0.0129973,0.143496,Nothing,seated
1.76437,113,-1.39869,-0.220342,-9.6663,0.0,0.0,0.0,0.0,0.0,0.0,0.0,-0.527344,0.0,0.0129973,0.143496,Nothing,seated
1.78232,114,-1.46575,-0.220342,-9.6663,0.0,0.0,0.0,0.0,0.0,0.0,0.0,-0.527344,0.0,0.0129973,0.143496,Nothing,seated
1.79929,115,-1.43701,-0.258662,-9.69504,0.0,0.0,0.0,0.0,0.0,0.0,0.0,-0.527344,0.0,0.0129973,0.143496,Nothing,seated
1.81339,116,-1.39869,-0.287402,-9.67588,0.0,0.0,0.0,0.0,0.0,0.0,0.0,-0.527344,0.0,0.0129973,0.143496,Nothing,seated
1.82735,117,-1.39869,-0.239502,-9.69504,0.0,0.0,0.0,0.0,0.0,0.0,0.0,-0.527344,0.0,0.0129973,0.143496,Nothing,seated
1.84331,118,-1.37953,-0.239502,-9.69504,0.0,0.0,0.0,0.0,0.0,0.0,0.0,-0.527344,0.0,0.0129973,0.143496,Nothing,seated
1.86038,119,-1.41785,-0.258662,-9.68546,0.0,0.0,0.0,0.0,0.0,0.0,0.0,-0.527344,0.0,0.0129973,0.143496,Nothing,seated
1.87734,120,-1.39869,-0.306563,-9.69504,0.0,0.0,0.0,0.0,0.0,0.0,0.0,-0.527344,0.0,0.0129973,0.143496,Nothing,seated
1.89127,121,-1.39869,-0.258662,-9.70462,0.0,0.0,0.0,0.0,0.0,0.0,0.0,-0.351562,2.2572,0.0129973,0.143496,Nothing,seated
1.9064,122,-1.35079,-0.258662,-9.62798,0.0,0.0,0.0,0.0,0.0,0.0,0.0,-0.351562,2.22356,0.0129973,0.143496,Nothing,seated
1.92632,123,-1.31247,-0.287402,-9.6663,0.0,0.0,0.0,0.0,0.0,0.0,0.0,-0.351562,2.11754,0.0129973,0.143496,Nothing,seated
1.94031,124,-1.26457,-0.306563,-9.6663,0.0,0.0,0.0,0.0,0.0,0.0,0.0,-0.351562,2.199,0.0129973,0.143496,Nothing,seated
1.96039,125,-1.26457,-0.306563,-9.69504,0.0,0.0,0.0,0.0,0.0,0.0,0.0,-0.351562,2.11675,0.0129973,0.143496,Nothing,seated
1.97735,126,-1.29331,-0.325723,-9.74294,0.0,0.0,0.0,0.0,0.0,0.0,0.0,-0.351562,0.0,0.0129973,0.143496,Nothing,seated
1.9913,127,-1.30289,-0.373623,-9.70462,0.0,0.0,0.0,0.0,0.0,0.0,0.0,-0.351562,0.0,0.0129973,0.143496,Nothing,seated
2.0063,128,-1.30289,-0.373623,-9.70462,0.0,0.0,0.0,0.0,0.0,0.0,0.0,-0.175781,2.19784,0.0129973,0.143496,Nothing,seated
2.0253,129,-1.29331,-0.373623,-9.69504,0.0,0.0,0.0,0.0,0.0,0.0,0.0,-0.175781,2.06848,0.0129973,0.143496,Nothing,seated
2.04129,130,-1.18793,-0.364043,-9.69504,0.0,0.0,0.0,0.0,0.0,0.0,0.0,-0.175781,2.17285,0.0129973,0.143496,Nothing,seated
2.05634,131,-1.14961,-0.325723,-9.74294,0.0,0.0,0.0,0.0,0.0,0.0,0.0,-0.175781,2.2253,0.0129973,0.143496,Nothing,seated
2.0703,132,-1.09213,-0.325723,-9.7621,0.0,0.0,0.0,0.0,0.0,0.0,0.0,-0.175781,2.22508,0.0129973,0.143496,Nothing,seated
2.08629,133,-1.09213,-0.306563,-9.7621,0.0,0.0,0.0,0.0,0.0,0.0,0.0,-0.175781,0.0,0.0129973,0.143496,Nothing,seated
2.10129,134,-0.996328,-0.306563,-9.7621,0.0,0.0,0.0,0.0,0.0,0.0,0.0,-0.175781,0.0,0.0129973,0.143496,Nothing,seated
2.1163,135,-0.910107,-0.306563,-9.84832,0.0,0.0,0.0,0.0,0.0,0.0,0.0,0.0,2.34341,0.0129973,0.143496,Nothing,seated
2.13328,136,-0.823887,-0.239502,-9.84832,0.0,0.0,0.0,0.0,0.0,0.0,0.0,0.0,2.28465,0.0129973,0.143496,Nothing,seated
2.14831,137,-0.823887,-0.249082,-9.77168,0.0,0.0,0.0,0.0,0.0,0.0,0.0,0.175781,4.50606,0.0129973,0.143496,Nothing,seated
2.16529,138,-0.728086,-0.249082,-9.77168,0.0,0.0,0.0,0.0,0.0,0.0,0.0,0.175781,4.45004,0.0129973,0.143496,Nothing,seated
2.1803,139,-0.651445,-0.296982,-9.78126,0.0,0.0,0.0,0.0,0.0,0.0,0.0,0.351562,6.675,0.0129973,0.143496,Nothing,seated
2.19632,140,-0.661025,-0.258662,-9.84832,0.0,0.0,0.0,0.0,0.0,0.0,0.0,0.351562,4.39311,0.0129973,0.143496,Nothing,seated
2.2104,141,-0.661025,-0.249082,-9.88664,0.0,0.0,0.0,0.0,0.0,0.0,0.0,0.351562,4.559,0.0129973,0.143496,Nothing,seated
2.22433,142,-0.881367,-0.249082,-9.88664,0.0,0.0,0.0,0.0,0.0,0.0,0.0,0.527344,4.62503,0.0129973,0.143496,Nothing,seated
2.24129,143,-0.833467,-0.249082,-9.84832,0.0,0.0,0.0,0.0,0.0,0.0,0.0,0.527344,4.62613,0.0129973,0.143496,Nothing,seated
2.25631,144,-0.670605,-0.296982,-9.84832,0.0,0.0,0.0,0.0,0.0,0.0,0.0,0.703125,4.62521,0.0129973,0.143496,Nothing,seated
2.2703,145,-0.670605,-0.316143,-9.86748,0.0,0.0,0.0,0.0,0.0,0.0,0.0,0.878906,7.128,0.0129973,0.143496,Nothing,seated
2.2893,146,-0.584385,-0.268242,-9.8579,0.0,0.0,0.0,0.0,0.0,0.0,0.0,0.878906,6.6831,0.0129973,0.143496,Nothing,seated
2.30529,147,-0.546064,-0.268242,-9.89622,0.0,0.0,0.0,0.0,0.0,0.0,0.0,1.05469,6.51371,0.0129973,0.143496,Nothing,seated
2.3203,148,-0.498164,-0.239502,-9.89622,0.0,0.0,0.0,0.0,0.0,0.0,0.0,1.23047,8.89919,0.0129973,0.143496,Nothing,seated
2.33629,149,-0.450264,-0.249082,-9.92496,0.0,0.0,0.0,0.0,0.0,0.0,0.0,1.23047,6.59286,0.0129973,0.143496,Nothing,seated
2.35129,150,-0.450264,-0.277822,-9.92496,0.0,0.0,0.0,0.0,0.0,0.0,0.0,1.40625,6.51121,0.0129973,0.143496,Nothing,seated
2.36631,151,-0.450264,-0.277822,-9.92496,0.0,0.0,0.0,0.0,0.0,0.0,0.0,1.58203,9.13148,0.0129973,0.143496,Nothing,seated
2.38135,152,-0.421523,-0.258662,-9.92496,0.0,0.0,0.0,0.0,0.0,0.0,0.0,1.75781,9.2435,0.0129973,0.143496,Nothing,seated
2.39632,153,-0.287402,-0.249082,-9.9058,0.0,0.0,0.0,0.0,0.0,0.0,0.0,1.93359,9.2486,0.0129973,0.143496,Nothing,seated
2.41039,154,-0.287402,-0.249082,-10.0016,0.0,0.0,0.0,0.0,0.0,0.0,0.0,1.93359,9.48951,0.0129973,0.143496,Nothing,seated
2.42428,155,-0.239502,-0.249082,-9.91538,0.0,0.0,0.0,0.0,0.0,0.0,0.0,2.28516,12.0426,0.0129973,0.143496,Nothing,seated
2.4413,156,-0.153281,-0.268242,-9.91538,0.0,0.0,0.0,0.0,0.0,0.0,0.0,2.46094,11.7199,0.0129973,0.143496,Nothing,seated
2.45732,157,-0.105381,-0.249082,-10.0303,0.0,0.0,0.0,0.0,0.0,0.0,0.0,2.63672,11.5702,0.0129973,0.143496,Nothing,seated
2.47332,158,-0.0862207,-0.239502,-10.0399,0.0,0.0,0.0,0.0,0.0,0.0,0.0,2.63672,9.13139,0.0129973,0.143496,Nothing,seated
2.48732,159,-0.0862207,-0.239502,-9.97286,0.0,0.0,0.0,0.0,0.0,0.0,0.0,2.98828,13.7088,0.0129973,0.143496,Nothing,seated
2.50331,160,-0.0670606,-0.191602,-9.97286,0.0,0.0,0.0,0.0,0.0,0.0,0.0,3.16406,11.1209,0.0129973,0.143496,Nothing,seated
2.5183,161,0.0383203,-0.201182,-10.0399,0.0,0.0,0.0,0.0,0.0,0.0,0.0,3.51562,13.697,0.0129973,0.143496,Nothing,seated
2.53529,162,0.114961,-0.249082,-10.0303,0.0,0.0,0.0,0.0,0.0,0.0,0.0,3.69141,13.5267,0.0129973,0.143496,Nothing,seated
2.5503,163,0.114961,-0.249082,-10.0016,0.0,0.0,0.0,0.0,0.0,0.0,0.0,3.86719,15.9847,0.0129973,0.143496,Nothing,seated
2.56531,164,0.172441,-0.239502,-10.0016,0.0,0.0,0.0,0.0,0.0,0.0,0.0,4.04297,13.5242,0.0129973,0.143496,Nothing,seated
2.57955,165,0.0958008,-0.268242,-10.0303,0.0,0.0,0.0,0.0,0.0,0.0,0.0,4.39453,16.1403,0.0129973,0.143496,Nothing,seated
2.59531,166,0.0383203,-0.325723,-10.0591,0.0,0.0,0.0,0.0,0.0,0.0,0.0,4.57031,13.6951,0.0129973,0.143496,Nothing,seated
2.61003,167,0.0383203,-0.364043,-10.107,0.0,0.0,0.0,0.0,0.0,0.0,0.0,4.92188,16.4624,0.0129973,0.143496,Nothing,seated
2.62435,168,0.182021,-0.364043,-10.0974,0.0,0.0,0.0,0.0,0.0,0.0,0.0,5.09766,16.6167,0.0129973,0.143496,Nothing,seated
2.64034,169,0.258662,-0.354463,-10.0974,0.0,0.0,0.0,0.0,0.0,0.0,0.0,5.44922,18.7413,0.0129973,0.143496,Nothing,seated
2.65729,170,0.249082,-0.229922,-10.0303,0.0,0.0,0.0,0.0,0.0,0.0,0.0,5.80078,18.0873,0.0129973,0.143496,Nothing,seated
2.67331,171,0.316143,-0.249082,-10.0687,0.0,0.0,0.0,0.0,0.0,0.0,0.0,5.97656,18.0295,0.0129973,0.143496,Nothing,seated
2.6873,172,0.316143,-0.287402,-10.1836,0.0,0.0,0.0,0.0,0.0,0.0,0.0,6.32812,18.1997,0.0129973,0.143496,Nothing,seated
2.70428,173,0.364043,-0.287402,-10.1549,0.0,0.0,0.0,0.0,0.0,0.0,0.0,6.67969,19.792,0.0129973,0.143496,Nothing,seated
2.7205,174,0.392783,-0.325723,-10.1549,0.0,0.0,0.0,0.0,0.0,0.0,0.0,6.85547,17.5426,0.0129973,0.143496,Nothing,seated
2.7353,175,0.316143,-0.296982,-10.107,0.0,0.0,0.0,0.0,0.0,0.0,0.0,7.20703,18.027,0.0129973,0.143496,Nothing,seated
2.75129,176,0.316143,-0.201182,-10.0687,0.0,0.0,0.0,0.0,0.0,0.0,0.0,7.55859,20.2863,0.0129973,0.143496,Nothing,seated
2.76534,177,0.316143,-0.201182,-10.0687,0.0,0.0,0.0,0.0,0.0,0.0,0.0,7.73438,18.0191,0.0129973,0.143496,Nothing,seated
2.78038,178,0.440684,-0.220342,-10.1261,0.0,0.0,0.0,0.0,0.0,0.0,0.0,8.08594,18.4795,0.0129973,0.143496,Nothing,seated
2.79637,179,0.536484,-0.258662,-10.1261,0.0,0.0,0.0,0.0,0.0,0.0,0.0,8.4375,20.8524,0.0129973,0.143496,Nothing,seated
2.81035,180,0.536484,-0.277822,-10.0782,0.0,0.0,0.0,0.0,0.0,0.0,0.0,8.78906,21.0797,0.0129973,0.143496,Nothing,seated
2.82729,181,0.517324,-0.277822,-10.0495,0.0,0.0,0.0,0.0,0.0,0.0,0.0,9.31641,23.1306,0.0129973,0.143496,Nothing,seated
2.84628,182,0.507744,-0.325723,-10.0782,0.0,0.0,0.0,0.0,0.0,0.0,0.0,9.66797,23.8901,0.0129973,0.143496,Nothing,seated
2.86329,183,0.364043,-0.373623,-10.0782,0.0,0.0,0.0,0.0,0.0,0.0,0.0,10.0195,23.3208,0.0129973,0.143496,Nothing,seated
2.88034,184,0.402363,-0.373623,-10.2028,0.0,0.0,0.0,0.0,0.0,0.0,0.0,10.1953,20.9349,0.0129973,0.143496,Nothing,seated
2.89533,185,0.555645,-0.287402,-10.2028,0.0,0.0,0.0,0.0,0.0,0.0,0.0,10.5469,20.6852,0.0129973,0.143496,Nothing,seated
2.91037,186,0.555645,-0.287402,-10.0782,0.0,0.0,0.0,0.0,0.0,0.0,0.0,10.8984,19.0429,0.0129973,0.143496,Nothing,seated
2.92539,187,0.747246,-0.201182,-10.0782,0.0,0.0,0.0,0.0,0.0,0.0,0.0,11.25,19.9981,0.0129973,0.143496,Nothing,seated
2.9403,188,0.775986,-0.182021,-9.97286,0.0,0.0,0.0,0.0,0.0,0.0,0.0,11.6016,20.544,0.0129973,0.143496,Nothing,seated
2.95835,189,0.775986,-0.249082,-9.97286,0.0,0.0,0.0,0.0,0.0,0.0,0.0,11.9531,22.5317,0.0129973,0.143496,Nothing,seated
2.97326,190,0.833467,-0.325723,-10.0495,0.0,0.0,0.0,0.0,0.0,0.0,0.0,12.3047,22.5557,0.0129973,0.143496,Nothing,seated
2.98741,191,0.833467,-0.325723,-10.0495,0.0,0.0,0.0,0.0,0.0,0.0,0.0,12.6562,22.816,0.0129973,0.143496,Nothing,seated
3.0023,192,0.785566,-0.325723,-10.0495,0.0,0.0,0.0,0.0,0.0,0.0,0.0,13.0078,22.8552,0.0129973,0.143496,Nothing,seated
3.01629,193,0.593965,-0.373623,-9.96328,0.0,0.0,0.0,0.0,0.0,0.0,0.0,13.1836,20.8181,0.0129973,0.143496,Nothing,seated
3.03047,194,0.593965,-0.306563,-9.97286,0.0,0.0,0.0,0.0,0.0,0.0,0.0,13.5352,21.9388,0.0129973,0.143496,Nothing,seated
3.04631,195,0.498164,-0.306563,-10.0016,0.0,0.0,0.0,0.0,0.0,0.0,0.0,13.8867,21.6565,0.0129973,0.143496,Nothing,seated
3.0633,196,0.613125,-0.306563,-10.0016,0.0,0.0,0.0,0.0,0.0,0.0,0.0,14.2383,20.8447,0.0129973,0.143496,Nothing,seated
3.07958,197,0.632285,-0.421523,-9.88664,0.0,0.0,0.0,0.0,0.0,0.0,0.0,14.5898,20.4712,0.0129973,0.143496,Nothing,seated
3.09346,198,0.421523,-0.296982,-9.79084,0.0,0.0,0.0,0.0,0.0,0.0,0.0,14.9414,22.78,0.0129973,0.143496,Nothing,seated
3.10833,199,0.421523,-0.296982,-9.86748,0.0,0.0,0.0,0.0,0.0,0.0,0.0,15.293,22.574,0.0129973,0.143496,Nothing,seated
3.12329,200,0.201182,-0.277822,-9.86748,0.0,0.0,0.0,0.0,0.0,0.0,0.0,15.4688,20.5515,0.0129973,0.143496,Nothing,seated
3.13936,201,0.153281,-0.344883,-9.8579,0.0,0.0,0.0,0.0,0.0,0.0,0.0,15.8203,20.8003,0.0129973,0.143496,Nothing,seated
3.15729,202,0.114961,-0.402363,-9.77168,0.0,0.0,0.0,0.0,0.0,0.0,0.0,15.9961,18.095,0.0129973,0.143496,Nothing,seated
3.17128,203,0.114961,-0.287402,-9.65672,0.0,0.0,0.0,0.0,0.0,0.0,0.0,16.3477,18.0691,0.0129973,0.143496,Nothing,seated
3.18729,204,0.249082,-0.287402,-9.65672,0.0,0.0,0.0,0.0,0.0,0.0,0.0,16.6992,17.8106,0.0129973,0.143496,Nothing,seated
3.20426,205,0.364043,-0.258662,-9.62798,0.0,0.0,0.0,0.0,0.0,0.0,0.0,16.875,17.3677,0.0129973,0.143496,Nothing,seated
3.21927,206,0.296982,-0.306563,-9.62798,0.0,0.0,0.0,0.0,0.0,0.0,0.0,17.0508,15.3984,0.0129973,0.143496,Nothing,seated
3.23333,207,0.296982,-0.239502,-9.56092,0.0,0.0,0.0,0.0,0.0,0.0,0.0,17.2266,16.184,0.0129973,0.143496,Nothing,seated
3.2474,208,0.249082,-0.239502,-9.56092,0.0,0.0,0.0,0.0,0.0,0.0,0.0,17.4023,13.856,0.0129973,0.143496,Nothing,seated
3.26438,209,0.0766406,-0.162861,-9.58008,0.0,0.0,0.0,0.0,0.0,0.0,0.0,17.7539,13.6816,0.0129973,0.143496,Nothing,seated
3.28037,210,-0.0574805,-0.220342,-9.54176,0.0,0.0,0.0,0.0,0.0,0.0,0.0,17.9297,13.858,0.0129973,0.143496,Nothing,seated
3.29639,211,-0.0574805,-0.306563,-9.50344,0.0,0.0,0.0,0.0,0.0,0.0,0.0,17.9297,11.3963,0.0129973,0.143496,Nothing,seated
3.31034,212,-0.0574805,-0.306563,-9.35974,0.0,0.0,0.0,0.0,0.0,0.0,0.0,18.1055,11.4116,0.0129973,0.143496,Nothing,seated
3.32438,213,-0.0766406,-0.249082,-9.35974,0.0,0.0,0.0,0.0,0.0,0.0,0.0,18.2812,11.4182,0.0129973,0.143496,Nothing,seated
3.34029,214,-0.229922,-0.239502,-9.2831,0.0,0.0,0.0,0.0,0.0,0.0,0.0,18.457,9.26202,0.0129973,0.143496,Nothing,seated
3.35732,215,-0.431104,-0.296982,-9.36932,0.0,0.0,0.0,0.0,0.0,0.0,0.0,18.457,6.85264,0.0129973,0.143496,Nothing,seated
3.37636,216,-0.593965,-0.277822,-9.24478,0.0,0.0,0.0,0.0,0.0,0.0,0.0,18.457,6.59475,0.0129973,0.143496,Nothing,seated
3.39229,217,-0.593965,-0.229922,-9.17772,0.0,0.0,0.0,0.0,0.0,0.0,0.0,18.6328,6.43557,0.0129973,0.143496,Nothing,seated
3.4064,218,-0.881367,-0.229922,-9.17772,0.0,0.0,0.0,0.0,0.0,0.0,0.0,18.6328,4.2861,0.0129973,0.143496,Nothing,seated
3.4203,219,-1.10171,-0.268242,-9.09149,0.0,0.0,0.0,0.0,0.0,0.0,0.0,18.6328,2.19721,0.0129973,0.143496,Nothing,seated
3.43552,220,-1.27415,-0.229922,-9.09149,0.0,0.0,0.0,0.0,0.0,0.0,0.0,18.457,0.0,0.0129973,0.143496,Nothing,seated
3.4553,221,-1.49449,-0.191602,-9.15856,0.0,0.0,0.0,0.0,0.0,0.0,0.0,18.457,0.0,0.0129973,0.143496,Nothing,seated
3.46933,222,-1.49449,-0.153281,-9.13939,0.0,0.0,0.0,0.0,0.0,0.0,0.0,18.2812,-4.56344,0.0129973,0.143496,Nothing,seated
3.49138,223,-1.51365,-0.229922,-9.18729,0.0,0.0,0.0,0.0,0.0,0.0,0.0,17.7539,-10.342,0.0129973,0.143496,Nothing,seated
3.53929,224,-1.31247,-0.249082,-9.12023,0.0,0.0,0.0,0.0,0.0,0.0,0.0,17.5781,-8.86314,0.0129973,0.143496,Nothing,seated
3.55331,225,-1.31247,-0.210762,-9.20646,0.0,0.0,0.0,0.0,0.0,0.0,0.0,17.2266,-10.4471,0.0129973,0.143496,Nothing,seated
3.56933,226,-1.41785,-0.210762,-9.20646,0.0,0.0,0.0,0.0,0.0,0.0,0.0,17.0508,-12.3313,0.0129973,0.143496,Nothing,seated
3.58333,227,-1.42743,-0.220342,-9.30226,0.0,0.0,0.0,0.0,0.0,0.0,0.0,16.6992,-13.8771,0.0129973,0.143496,Nothing,seated
3.5993,228,-1.34121,-0.229922,-9.35016,0.0,0.0,0.0,0.0,0.0,0.0,0.0,16.3477,-13.0314,0.0129973,0.143496,Nothing,seated
3.61333,229,-1.34121,-0.249082,-9.38848,0.0,0.0,0.0,0.0,0.0,0.0,0.0,15.9961,-21.3667,0.0129973,0.143496,Nothing,seated
3.62791,230,-1.38911,-0.249082,-9.38848,0.0,0.0,0.0,0.0,0.0,0.0,0.0,15.6445,-21.2049,0.0129973,0.143496,Nothing,seated
3.64338,231,-1.37953,-0.210762,-9.43638,0.0,0.0,0.0,0.0,0.0,0.0,0.0,15.293,-23.7407,0.0129973,0.143496,Nothing,seated
3.66032,232,-1.35079,-0.229922,-9.58966,0.0,0.0,0.0,0.0,0.0,0.0,0.0,14.7656,-25.1139,0.0129973,0.143496,Nothing,seated
3.67529,233,-1.44659,-0.220342,-9.60882,0.0,0.0,0.0,0.0,0.0,0.0,0.0,14.4141,-25.4444,0.0129973,0.143496,Nothing,seated
3.68941,234,-1.44659,-0.220342,-9.69504,0.0,0.0,0.0,0.0,0.0,0.0,0.0,13.8867,-27.7282,0.0129973,0.143496,Nothing,seated
3.70628,235,-1.45617,-0.210762,-9.69504,0.0,0.0,0.0,0.0,0.0,0.0,0.0,13.3594,-29.1593,0.0129973,0.143496,Nothing,seated
3.7213,236,-1.44659,-0.172441,-9.75252,0.0,0.0,0.0,0.0,0.0,0.0,0.0,12.832,-31.5821,0.0129973,0.143496,Nothing,seated
3.7363,237,-1.49449,-0.220342,-9.84832,0.0,0.0,0.0,0.0,0.0,0.0,0.0,12.3047,-32.3884,0.0129973,0.143496,Nothing,seated
3.75533,238,-1.45617,-0.249082,-9.9058,0.0,0.0,0.0,0.0,0.0,0.0,0.0,11.4258,-37.3339,0.0129973,0.143496,Nothing,seated
3.77934,239,-1.51365,-0.258662,-10.0399,0.0,0.0,0.0,0.0,0.0,0.0,0.0,10.3711,-39.0938,0.0129973,0.143496,Nothing,seated
3.80632,240,-1.46575,-0.287402,-10.0399,0.0,0.0,0.0,0.0,0.0,0.0,0.0,9.84375,-35.1418,0.0129973,0.143496,Nothing,seated
3.82032,241,-1.48491,-0.344883,-10.1645,0.0,0.0,0.0,0.0,0.0,0.0,0.0,9.31641,-35.5056,0.0129973,0.143496,Nothing,seated
3.83629,242,-1.48491,-0.335303,-10.2124,0.0,0.0,0.0,0.0,0.0,0.0,0.0,8.61328,-36.9178,0.0129973,0.143496,Nothing,seated
3.85032,243,-1.59029,-0.335303,-10.2794,0.0,0.0,0.0,0.0,0.0,0.0,0.0,7.91016,-37.0105,0.0129973,0.143496,Nothing,seated
3.86729,244,-1.55197,-0.383203,-10.2794,0.0,0.0,0.0,0.0,0.0,0.0,0.0,7.38281,-33.9759,0.0129973,0.143496,Nothing,seated
3.8833,245,-1.54239,-0.411943,-10.3848,0.0,0.0,0.0,0.0,0.0,0.0,0.0,6.67969,-41.1062,0.0129973,0.143496,Nothing,seated
3.90029,246,-1.56155,-0.402363,-10.4327,0.0,0.0,0.0,0.0,0.0,0.0,0.0,5.80078,-43.9602,0.0129973,0.143496,Nothing,seated
3.91729,247,-1.58071,-0.402363,-10.4998,0.0,0.0,0.0,0.0,0.0,0.0,0.0,5.09766,-43.4066,0.0129973,0.143496,Nothing,seated
3.9333,248,-1.58071,-0.402363,-10.4998,0.0,0.0,0.0,0.0,0.0,0.0,0.0,4.57031,-40.2484,0.0129973,0.143496,Nothing,seated
3.94832,249,-1.58071,-0.402363,-10.4998,0.0,0.0,0.0,0.0,0.0,0.0,0.0,3.86719,-43.3836,0.0129973,0.143496,Nothing,seated
3.9633,250,-1.62861,-0.392783,-10.5285,0.0,0.0,0.0,0.0,0.0,0.0,0.0,2.98828,-46.1414,0.0129973,0.143496,Nothing,seated
3.98129,251,-1.62861,-0.392783,-10.5668,0.0,0.0,0.0,0.0,0.0,0.0,0.0,2.28516,-43.4017,0.0129973,0.143496,Nothing,seated
3.9963,252,-1.58071,-0.364043,-10.6914,0.0,0.0,0.0,0.0,0.0,0.0,0.0,1.58203,-44.4937,0.0129973,0.143496,Nothing,seated
4.01231,253,-1.58071,-0.364043,-10.653,0.0,0.0,0.0,0.0,0.0,0.0,0.0,0.878906,-46.7207,0.0129973,0.143496,Nothing,seated
4.02639,254,-1.62861,-0.344883,-10.653,0.0,0.0,0.0,0.0,0.0,0.0,0.0,0.175781,-47.2881,0.0129973,0.143496,Nothing,seated
4.04138,255,-1.63819,-0.325723,-10.7009,0.0,0.0,0.0,0.0,0.0,0.0,0.0,-0.527344,-45.0236,0.0129973,0.143496,Nothing,seated
4.0563,256,-1.59987,-0.335303,-10.7009,0.0,0.0,0.0,0.0,0.0,0.0,0.0,-1.23047,-46.8701,0.0129973,0.143496,Nothing,seated
4.07231,257,-1.59987,-0.335303,-10.7776,0.0,0.0,0.0,0.0,0.0,0.0,0.0,-2.10938,-48.5622,0.0129973,0.143496,Nothing,seated
4.08933,258,-1.56155,-0.335303,-10.7393,0.0,0.0,0.0,0.0,0.0,0.0,0.0,-2.98828,-50.2141,0.0129973,0.143496,Nothing,seated
4.10836,259,-1.61903,-0.296982,-10.7393,0.0,0.0,0.0,0.0,0.0,0.0,0.0,-3.69141,-47.1759,0.0129973,0.143496,Nothing,seated
4.12232,260,-1.65735,-0.287402,-10.7009,0.0,0.0,0.0,0.0,0.0,0.0,0.0,-4.21875,-45.6055,0.0129973,0.143496,Nothing,seated
4.13632,261,-1.65735,-0.287402,-10.7201,0.0,0.0,0.0,0.0,0.0,0.0,0.0,-4.92188,-46.1312,0.0129973,0.143496,Nothing,seated
4.15033,262,-1.58071,-0.287402,-10.7201,0.0,0.0,0.0,0.0,0.0,0.0,0.0,-5.44922,-42.8083,0.0129973,0.143496,Nothing,seated
4.16533,263,-1.62861,-0.277822,-10.6914,0.0,0.0,0.0,0.0,0.0,0.0,0.0,-6.50391,-46.2527,0.0129973,0.143496,Nothing,seated
4.18727,264,-1.60945,-0.220342,-10.6914,0.0,0.0,0.0,0.0,0.0,0.0,0.0,-7.20703,-44.5503,0.0129973,0.143496,Nothing,seated
4.20429,265,-1.62861,-0.201182,-10.6243,0.0,0.0,0.0,0.0,0.0,0.0,0.0,-7.91016,-45.0342,0.0129973,0.143496,Nothing,seated
4.2193,266,-1.52323,-0.325723,-10.5381,0.0,0.0,0.0,0.0,0.0,0.0,0.0,-8.61328,-44.4829,0.0129973,0.143496,Nothing,seated
4.2353,267,-1.52323,-0.258662,-10.5668,0.0,0.0,0.0,0.0,0.0,0.0,0.0,-9.14062,-43.4477,0.0129973,0.143496,Nothing,seated
4.2503,268,-1.61903,-0.258662,-10.5668,0.0,0.0,0.0,0.0,0.0,0.0,0.0,-9.84375,-39.3074,0.0129973,0.143496,Nothing,seated
4.2663,269,-1.57113,-0.249082,-10.4806,0.0,0.0,0.0,0.0,0.0,0.0,0.0,-10.3711,-40.0392,0.0129973,0.143496,Nothing,seated
4.28133,270,-1.60945,-0.268242,-10.404,0.0,0.0,0.0,0.0,0.0,0.0,0.0,-11.0742,-41.0722,0.0129973,0.143496,Nothing,seated
4.30028,271,-1.57113,-0.268242,-10.3656,0.0,0.0,0.0,0.0,0.0,0.0,0.0,-11.7773,-39.0746,0.0129973,0.143496,Nothing,seated
4.31629,272,-1.57113,-0.210762,-10.2219,0.0,0.0,0.0,0.0,0.0,0.0,0.0,-12.3047,-39.0636,0.0129973,0.143496,Nothing,seated
4.33035,273,-1.59029,-0.210762,-10.1645,0.0,0.0,0.0,0.0,0.0,0.0,0.0,-12.832,-37.3331,0.0129973,0.143496,Nothing,seated
4.34632,274,-1.50407,-0.210762,-10.1645,0.0,0.0,0.0,0.0,0.0,0.0,0.0,-13.3594,-37.3424,0.0129973,0.143496,Nothing,seated
4.36065,275,-1.52323,-0.210762,-10.1645,0.0,0.0,0.0,0.0,0.0,0.0,0.0,-13.8867,-35.4568,0.0129973,0.143496,Nothing,seated
4.37733,276,-1.48491,-0.172441,-10.0591,0.0,0.0,0.0,0.0,0.0,0.0,0.0,-14.4141,-34.218,0.0129973,0.143496,Nothing,seated
4.39637,277,-1.48491,-0.153281,-9.98244,0.0,0.0,0.0,0.0,0.0,0.0,0.0,-14.9414,-32.9276,0.0129973,0.143496,Nothing,seated
4.4123,278,-1.46575,-0.153281,-9.88664,0.0,0.0,0.0,0.0,0.0,0.0,0.0,-15.293,-30.0287,0.0129973,0.143496,Nothing,seated
4.42639,279,-1.49449,-0.182021,-9.88664,0.0,0.0,0.0,0.0,0.0,0.0,0.0,-15.6445,-28.5395,0.0129973,0.143496,Nothing,seated
4.44061,280,-1.42743,-0.182021,-9.8579,0.0,0.0,0.0,0.0,0.0,0.0,0.0,-16.1719,-28.5773,0.0129973,0.143496,Nothing,seated
4.45725,281,-1.41785,-0.191602,-9.74294,0.0,0.0,0.0,0.0,0.0,0.0,0.0,-16.5234,-26.3953,0.0129973,0.143496,Nothing,seated
4.47232,282,-1.41785,-0.191602,-9.64714,0.0,0.0,0.0,0.0,0.0,0.0,0.0,-16.875,-25.4584,0.0129973,0.143496,Nothing,seated
4.48831,283,-1.45617,-0.191602,-9.64714,0.0,0.0,0.0,0.0,0.0,0.0,0.0,-17.2266,-25.4388,0.0129973,0.143496,Nothing,seated
4.5043,284,-1.38911,-0.210762,-9.63756,0.0,0.0,0.0,0.0,0.0,0.0,0.0,-17.5781,-24.8193,0.0129973,0.143496,Nothing,seated
4.52537,285,-1.42743,-0.229922,-9.54176,0.0,0.0,0.0,0.0,0.0,0.0,0.0,-17.9297,-20.7406,0.0129973,0.143496,Nothing,seated
4.53959,286,-1.39869,-0.268242,-9.48428,0.0,0.0,0.0,0.0,0.0,0.0,0.0,-18.1055,-19.2142,0.0129973,0.143496,Nothing,seated
4.55735,287,-1.39869,-0.268242,-9.4268,0.0,0.0,0.0,0.0,0.0,0.0,0.0,-18.2812,-16.5383,0.0129973,0.143496,Nothing,seated
4.57129,288,-1.33163,-0.268242,-9.38848,0.0,0.0,0.0,0.0,0.0,0.0,0.0,-18.457,-14.8286,0.0129973,0.143496,Nothing,seated
4.58852,289,-1.34121,-0.287402,-9.38848,0.0,0.0,0.0,0.0,0.0,0.0,0.0,-18.6328,-12.5227,0.0129973,0.143496,Nothing,seated
4.6043,290,-1.34121,-0.344883,-9.30226,0.0,0.0,0.0,0.0,0.0,0.0,0.0,-18.8086,-11.1349,0.0129973,0.143496,Nothing,seated
4.62029,291,-1.38911,-0.325723,-9.30226,0.0,0.0,0.0,0.0,0.0,0.0,0.0,-18.9844,-10.8905,0.0129973,0.143496,Nothing,seated
4.6363,292,-1.38911,-0.325723,-9.27352,0.0,0.0,0.0,0.0,0.0,0.0,0.0,-18.9844,-8.9062,0.0129973,0.143496,Nothing,seated
4.6523,293,-1.34121,-0.325723,-9.25436,0.0,0.0,0.0,0.0,0.0,0.0,0.0,-19.1602,-8.6796,0.0129973,0.143496,Nothing,seated
4.66732,294,-1.35079,-0.325723,-9.25436,0.0,0.0,0.0,0.0,0.0,0.0,0.0,-19.1602,-6.69269,0.0129973,0.143496,Nothing,seated
4.68429,295,-1.35079,-0.373623,-9.24478,0.0,0.0,0.0,0.0,0.0,0.0,0.0,-19.1602,-4.39503,0.0129973,0.143496,Nothing,seated
4.70029,296,-1.30289,-0.392783,-9.2352,0.0,0.0,0.0,0.0,0.0,0.0,0.0,-19.1602,-2.19721,0.0129973,0.143496,Nothing,seated
4.71727,297,-1.30289,-0.344883,-9.24478,0.0,0.0,0.0,0.0,0.0,0.0,0.0,-18.9844,0.0,0.0129973,0.143496,Nothing,seated
4.73145,298,-1.32205,-0.344883,-9.24478,0.0,0.0,0.0,0.0,0.0,0.0,0.0,-18.9844,2.22067,0.0129973,0.143496,Nothing,seated
4.74647,299,-1.34121,-0.354463,-9.24478,0.0,0.0,0.0,0.0,0.0,0.0,0.0,-18.8086,4.44127,0.0129973,0.143496,Nothing,seated
4.76241,300,-1.33163,-0.373623,-9.30226,0.0,0.0,0.0,0.0,0.0,0.0,0.0,-18.8086,4.50005,0.0129973,0.143496,Nothing,seated
4.77639,301,-1.33163,-0.325723,-9.27352,0.0,0.0,0.0,0.0,0.0,0.0,0.0,-18.6328,6.92976,0.0129973,0.143496,Nothing,seated
4.79332,302,-1.35079,-0.325723,-9.27352,0.0,0.0,0.0,0.0,0.0,0.0,0.0,-18.457,6.93389,0.0129973,0.143496,Nothing,seated
4.8073,303,-1.32205,-0.364043,-9.30226,0.0,0.0,0.0,0.0,0.0,0.0,0.0,-18.1055,11.5874,0.0129973,0.143496,Nothing,seated
4.82438,304,-1.36037,-0.354463,-9.35016,0.0,0.0,0.0,0.0,0.0,0.0,0.0,-17.9297,11.2815,0.0129973,0.143496,Nothing,seated
4.8393,305,-1.36037,-0.335303,-9.38848,0.0,0.0,0.0,0.0,0.0,0.0,0.0,-17.7539,13.7182,0.0129973,0.143496,Nothing,seated
4.85341,306,-1.35079,-0.335303,-9.38848,0.0,0.0,0.0,0.0,0.0,0.0,0.0,-17.4023,15.9758,0.0129973,0.143496,Nothing,seated
4.86742,307,-1.35079,-0.383203,-9.4268,0.0,0.0,0.0,0.0,0.0,0.0,0.0,-17.0508,18.979,0.0129973,0.143496,Nothing,seated
4.8833,308,-1.42743,-0.383203,-9.45554,0.0,0.0,0.0,0.0,0.0,0.0,0.0,-16.6992,18.5042,0.0129973,0.143496,Nothing,seated
4.90129,309,-1.36995,-0.325723,-9.54176,0.0,0.0,0.0,0.0,0.0,0.0,0.0,-16.3477,20.5696,0.0129973,0.143496,Nothing,seated
4.9163,310,-1.36995,-0.325723,-9.6184,0.0,0.0,0.0,0.0,0.0,0.0,0.0,-15.9961,22.8271,0.0129973,0.143496,Nothing,seated
4.93153,311,-1.36995,-0.325723,-9.6184,0.0,0.0,0.0,0.0,0.0,0.0,0.0,-15.6445,22.5019,0.0129973,0.143496,Nothing,seated
4.94633,312,-1.42743,-0.354463,-9.65672,0.0,0.0,0.0,0.0,0.0,0.0,0.0,-15.1172,24.5051,0.0129973,0.143496,Nothing,seated
4.96064,313,-1.45617,-0.344883,-9.74294,0.0,0.0,0.0,0.0,0.0,0.0,0.0,-14.7656,25.0018,0.0129973,0.143496,Nothing,seated
4.97637,314,-1.45617,-0.344883,-9.74294,0.0,0.0,0.0,0.0,0.0,0.0,0.0,-14.2383,28.0946,0.0129973,0.143496,Nothing,seated
4.99537,315,-1.44659,-0.306563,-9.84832,0.0,0.0,0.0,0.0,0.0,0.0,0.0,-13.7109,28.9025,0.0129973,0.143496,Nothing,seated
5.01132,316,-1.50407,-0.306563,-9.84832,0.0,0.0,0.0,0.0,0.0,0.0,0.0,-13.1836,30.8419,0.0129973,0.143496,Nothing,seated
5.02739,317,-1.53281,-0.316143,-9.9058,0.0,0.0,0.0,0.0,0.0,0.0,0.0,-12.4805,32.5249,0.0129973,0.143496,Nothing,seated
5.04636,318,-1.46575,-0.258662,-10.0016,0.0,0.0,0.0,0.0,0.0,0.0,0.0,-11.7773,34.8605,0.0129973,0.143496,Nothing,seated
5.06329,319,-1.57113,-0.277822,-10.0495,0.0,0.0,0.0,0.0,0.0,0.0,0.0,-11.4258,32.358,0.0129973,0.143496,Nothing,seated
5.07786,320,-1.57113,-0.258662,-10.107,0.0,0.0,0.0,0.0,0.0,0.0,0.0,-10.7227,36.226,0.0129973,0.143496,Nothing,seated
5.09434,321,-1.51365,-0.258662,-10.2028,0.0,0.0,0.0,0.0,0.0,0.0,0.0,-10.1953,35.9935,0.0129973,0.143496,Nothing,seated
5.10932,322,-1.59987,-0.277822,-10.2028,0.0,0.0,0.0,0.0,0.0,0.0,0.0,-9.49219,36.476,0.0129973,0.143496,Nothing,seated
5.12332,323,-1.57113,-0.229922,-10.2603,0.0,0.0,0.0,0.0,0.0,0.0,0.0,-8.96484,36.545,0.0129973,0.143496,Nothing,seated
5.13935,324,-1.59029,-0.220342,-10.3369,0.0,0.0,0.0,0.0,0.0,0.0,0.0,-8.26172,41.6012,0.0129973,0.143496,Nothing,seated
5.15527,325,-1.59029,-0.220342,-10.3369,0.0,0.0,0.0,0.0,0.0,0.0,0.0,-7.55859,40.8699,0.0129973,0.143496,Nothing,seated
5.16931,326,-1.62861,-0.229922,-10.3752,0.0,0.0,0.0,0.0,0.0,0.0,0.0,-7.03125,42.2045,0.0129973,0.143496,Nothing,seated
5.18333,327,-1.58071,-0.182021,-10.471,0.0,0.0,0.0,0.0,0.0,0.0,0.0,-6.32812,42.75,0.0129973,0.143496,Nothing,seated
5.20028,328,-1.64777,-0.210762,-10.5285,0.0,0.0,0.0,0.0,0.0,0.0,0.0,-5.44922,45.6828,0.0129973,0.143496,Nothing,seated
5.22029,329,-1.64777,-0.191602,-10.5381,0.0,0.0,0.0,0.0,0.0,0.0,0.0,-4.57031,45.6072,0.0129973,0.143496,Nothing,seated
5.24029,330,-1.63819,-0.191602,-10.6147,0.0,0.0,0.0,0.0,0.0,0.0,0.0,-3.86719,43.419,0.0129973,0.143496,Nothing,seated
5.25631,331,-1.66693,-0.191602,-10.6243,0.0,0.0,0.0,0.0,0.0,0.0,0.0,-3.16406,44.4529,0.0129973,0.143496,Nothing,seated
5.2703,332,-1.67651,-0.201182,-10.6243,0.0,0.0,0.0,0.0,0.0,0.0,0.0,-2.46094,44.4643,0.0129973,0.143496,Nothing,seated
5.28433,333,-1.65735,-0.239502,-10.6435,0.0,0.0,0.0,0.0,0.0,0.0,0.0,-1.75781,43.9196,0.0129973,0.143496,Nothing,seated
5.3005,334,-1.65735,-0.210762,-10.7105,0.0,0.0,0.0,0.0,0.0,0.0,0.0,-1.05469,43.8277,0.0129973,0.143496,Nothing,seated
5.31631,335,-1.69567,-0.210762,-10.6914,0.0,0.0,0.0,0.0,0.0,0.0,0.0,-0.527344,43.9338,0.0129973,0.143496,Nothing,seated
5.3304,336,-1.68609,-0.249082,-10.6914,0.0,0.0,0.0,0.0,0.0,0.0,0.0,0.351562,47.4489,0.0129973,0.143496,Nothing,seated
5.34638,337,-1.67651,-0.229922,-10.7009,0.0,0.0,0.0,0.0,0.0,0.0,0.0,0.878906,43.9029,0.0129973,0.143496,Nothing,seated
5.36036,338,-1.68609,-0.249082,-10.653,0.0,0.0,0.0,0.0,0.0,0.0,0.0,1.58203,43.9223,0.0129973,0.143496,Nothing,seated
5.37635,339,-1.68609,-0.249082,-10.6914,0.0,0.0,0.0,0.0,0.0,0.0,0.0,2.28516,44.0339,0.0129973,0.143496,Nothing,seated
5.39141,340,-1.68609,-0.220342,-10.6914,0.0,0.0,0.0,0.0,0.0,0.0,0.0,3.16406,49.1576,0.0129973,0.143496,Nothing,seated
5.41029,341,-1.68609,-0.229922,-10.6243,0.0,0.0,0.0,0.0,0.0,0.0,0.0,4.04297,46.2049,0.0129973,0.143496,Nothing,seated
5.43129,342,-1.68609,-0.239502,-10.6243,0.0,0.0,0.0,0.0,0.0,0.0,0.0,4.74609,45.5452,0.0129973,0.143496,Nothing,seated
5.44639,343,-1.65735,-0.249082,-10.5668,0.0,0.0,0.0,0.0,0.0,0.0,0.0,5.44922,44.9526,0.0129973,0.143496,Nothing,seated
5.4623,344,-1.60945,-0.239502,-10.5381,0.0,0.0,0.0,0.0,0.0,0.0,0.0,6.15234,44.9914,0.0129973,0.143496,Nothing,seated
5.4764,345,-1.60945,-0.239502,-10.5381,0.0,0.0,0.0,0.0,0.0,0.0,0.0,6.67969,41.3618,0.0129973,0.143496,Nothing,seated
5.49143,346,-1.64777,-0.258662,-10.5381,0.0,0.0,0.0,0.0,0.0,0.0,0.0,7.38281,41.163,0.0129973,0.143496,Nothing,seated
5.50631,347,-1.62861,-0.277822,-10.4614,0.0,0.0,0.0,0.0,0.0,0.0,0.0,8.08594,44.5151,0.0129973,0.143496,Nothing,seated
5.52438,348,-1.63819,-0.325723,-10.3848,0.0,0.0,0.0,0.0,0.0,0.0,0.0,8.78906,42.8279,0.0129973,0.143496,Nothing,seated
5.54129,349,-1.63819,-0.325723,-10.3082,0.0,0.0,0.0,0.0,0.0,0.0,0.0,9.31641,40.0587,0.0129973,0.143496,Nothing,seated
5.5564,350,-1.57113,-0.325723,-10.3082,0.0,0.0,0.0,0.0,0.0,0.0,0.0,10.0195,41.7497,0.0129973,0.143496,Nothing,seated
5.57033,351,-1.60945,-0.325723,-10.2411,0.0,0.0,0.0,0.0,0.0,0.0,0.0,10.3711,37.8758,0.0129973,0.143496,Nothing,seated
5.58433,352,-1.56155,-0.344883,-10.1645,0.0,0.0,0.0,0.0,0.0,0.0,0.0,11.0742,38.3031,0.0129973,0.143496,Nothing,seated
5.60228,353,-1.56155,-0.344883,-10.107,0.0,0.0,0.0,0.0,0.0,0.0,0.0,11.9531,40.6164,0.0129973,0.143496,Nothing,seated
5.62731,354,-1.57113,-0.364043,-10.0112,0.0,0.0,0.0,0.0,0.0,0.0,0.0,12.6562,38.8277,0.0129973,0.143496,Nothing,seated
5.64826,355,-1.52323,-0.373623,-9.96328,0.0,0.0,0.0,0.0,0.0,0.0,0.0,13.1836,34.443,0.0129973,0.143496,Nothing,seated
5.66527,356,-1.53281,-0.373623,-9.8579,0.0,0.0,0.0,0.0,0.0,0.0,0.0,13.7109,35.1772,0.0129973,0.143496,Nothing,seated
5.68054,357,-1.53281,-0.344883,-9.78126,0.0,0.0,0.0,0.0,0.0,0.0,0.0,14.2383,32.8888,0.0129973,0.143496,Nothing,seated
5.69728,358,-1.51365,-0.373623,-9.74294,0.0,0.0,0.0,0.0,0.0,0.0,0.0,14.5898,27.7534,0.0129973,0.143496,Nothing,seated
5.71328,359,-1.49449,-0.373623,-9.74294,0.0,0.0,0.0,0.0,0.0,0.0,0.0,15.1172,28.6236,0.0129973,0.143496,Nothing,seated
5.72928,360,-1.49449,-0.354463,-9.56092,0.0,0.0,0.0,0.0,0.0,0.0,0.0,15.6445,30.374,0.0129973,0.143496,Nothing,seated
5.75028,361,-1.47533,-0.335303,-9.56092,0.0,0.0,0.0,0.0,0.0,0.0,0.0,15.8203,24.8135,0.0129973,0.143496,Nothing,seated
5.76631,362,-1.43701,-0.316143,-9.50344,0.0,0.0,0.0,0.0,0.0,0.0,0.0,16.1719,22.5432,0.0129973,0.143496,Nothing,seated
5.78233,363,-1.44659,-0.306563,-9.4268,0.0,0.0,0.0,0.0,0.0,0.0,0.0,16.5234,22.7353,0.0129973,0.143496,Nothing,seated
5.79736,364,-1.44659,-0.306563,-9.38848,0.0,0.0,0.0,0.0,0.0,0.0,0.0,16.6992,18.8166,0.0129973,0.143496,Nothing,seated
5.81239,365,-1.41785,-0.344883,-9.38848,0.0,0.0,0.0,0.0,0.0,0.0,0.0,17.0508,16.921,0.0129973,0.143496,Nothing,seated
5.83132,366,-1.41785,-0.344883,-9.38848,0.0,0.0,0.0,0.0,0.0,0.0,0.0,17.2266,17.3517,0.0129973,0.143496,Nothing,seated
5.84576,367,-1.40827,-0.258662,-9.31184,0.0,0.0,0.0,0.0,0.0,0.0,0.0,17.5781,17.7,0.0129973,0.143496,Nothing,seated
5.86032,368,-1.40827,-0.258662,-9.2352,0.0,0.0,0.0,0.0,0.0,0.0,0.0,17.7539,15.7783,0.0129973,0.143496,Nothing,seated
5.87634,369,-1.39869,-0.287402,-9.18729,0.0,0.0,0.0,0.0,0.0,0.0,0.0,17.9297,15.5781,0.0129973,0.143496,Nothing,seated
5.89333,370,-1.39869,-0.287402,-9.18729,0.0,0.0,0.0,0.0,0.0,0.0,0.0,17.9297,10.8586,0.0129973,0.143496,Nothing,seated
5.90838,371,-1.38911,-0.268242,-9.14898,0.0,0.0,0.0,0.0,0.0,0.0,0.0,18.1055,11.4059,0.0129973,0.143496,Nothing,seated
5.9223,372,-1.38911,-0.258662,-9.09149,0.0,0.0,0.0,0.0,0.0,0.0,0.0,18.1055,6.88978,0.0129973,0.143496,Nothing,seated
5.93929,373,-1.36995,-0.229922,-9.11065,0.0,0.0,0.0,0.0,0.0,0.0,0.0,18.1055,4.45148,0.0129973,0.143496,Nothing,seated
5.95634,374,-1.35079,-0.229922,-9.11065,0.0,0.0,0.0,0.0,0.0,0.0,0.0,18.1055,2.19739,0.0129973,0.143496,Nothing,seated
5.9703,375,-1.35079,-0.229922,-9.11065,0.0,0.0,0.0,0.0,0.0,0.0,0.0,18.1055,2.2837,0.0129973,0.143496,Nothing,seated
5.9853,376,-1.35079,-0.239502,-9.12023,0.0,0.0,0.0,0.0,0.0,0.0,0.0,18.1055,0.0,0.0129973,0.143496,Nothing,seated
6.00226,377,-1.35079,-0.258662,-9.08191,0.0,0.0,0.0,0.0,0.0,0.0,0.0,18.1055,0.0,0.0129973,0.143496,Nothing,seated
6.01731,378,-1.39869,-0.258662,-9.12023,0.0,0.0,0.0,0.0,0.0,0.0,0.0,17.9297,-2.25305,0.0129973,0.143496,Nothing,seated
6.03529,379,-1.36037,-0.239502,-9.12023,0.0,0.0,0.0,0.0,0.0,0.0,0.0,17.7539,-4.45281,0.0129973,0.143496,Nothing,seated
6.05131,380,-1.36037,-0.201182,-9.12023,0.0,0.0,0.0,0.0,0.0,0.0,0.0,17.7539,-4.34017,0.0129973,0.143496,Nothing,seated
6.06532,381,-1.35079,-0.268242,-9.14898,0.0,0.0,0.0,0.0,0.0,0.0,0.0,17.5781,-6.59072,0.0129973,0.143496,Nothing,seated
6.08034,382,-1.35079,-0.239502,-9.15856,0.0,0.0,0.0,0.0,0.0,0.0,0.0,17.4023,-9.00426,0.0129973,0.143496,Nothing,seated
6.09534,383,-1.36995,-0.239502,-9.15856,0.0,0.0,0.0,0.0,0.0,0.0,0.0,17.0508,-11.2644,0.0129973,0.143496,Nothing,seated
6.11066,384,-1.35079,-0.239502,-9.16813,0.0,0.0,0.0,0.0,0.0,0.0,0.0,16.6992,-13.9943,0.0129973,0.143496,Nothing,seated
6.1303,385,-1.36037,-0.249082,-9.24478,0.0,0.0,0.0,0.0,0.0,0.0,0.0,16.5234,-15.5765,0.0129973,0.143496,Nothing,seated
6.14539,386,-1.37953,-0.220342,-9.26394,0.0,0.0,0.0,0.0,0.0,0.0,0.0,16.1719,-17.5625,0.0129973,0.143496,Nothing,seated
6.16329,387,-1.38911,-0.239502,-9.32142,0.0,0.0,0.0,0.0,0.0,0.0,0.0,15.8203,-19.0728,0.0129973,0.143496,Nothing,seated
6.17839,388,-1.38911,-0.239502,-9.4268,0.0,0.0,0.0,0.0,0.0,0.0,0.0,15.4688,-19.0478,0.0129973,0.143496,Nothing,seated
6.19247,389,-1.41785,-0.239502,-9.4268,0.0,0.0,0.0,0.0,0.0,0.0,0.0,15.1172,-19.3364,0.0129973,0.143496,Nothing,seated
6.2063,390,-1.43701,-0.249082,-9.43638,0.0,0.0,0.0,0.0,0.0,0.0,0.0,14.7656,-23.13,0.0129973,0.143496,Nothing,seated
6.22329,391,-1.43701,-0.268242,-9.5226,0.0,0.0,0.0,0.0,0.0,0.0,0.0,14.4141,-22.5642,0.0129973,0.143496,Nothing,seated
6.23931,392,-1.41785,-0.268242,-9.58008,0.0,0.0,0.0,0.0,0.0,0.0,0.0,13.8867,-25.4363,0.0129973,0.143496,Nothing,seated
6.25535,393,-1.42743,-0.220342,-9.58008,0.0,0.0,0.0,0.0,0.0,0.0,0.0,13.5352,-25.1269,0.0129973,0.143496,Nothing,seated
6.2703,394,-1.45617,-0.316143,-9.70462,0.0,0.0,0.0,0.0,0.0,0.0,0.0,13.0078,-27.1041,0.0129973,0.143496,Nothing,seated
6.28433,395,-1.45617,-0.306563,-9.74294,0.0,0.0,0.0,0.0,0.0,0.0,0.0,12.4805,-29.2837,0.0129973,0.143496,Nothing,seated
6.2993,396,-1.45617,-0.306563,-9.84832,0.0,0.0,0.0,0.0,0.0,0.0,0.0,11.7773,-34.6895,0.0129973,0.143496,Nothing,seated
6.32329,397,-1.47533,-0.287402,-9.91538,0.0,0.0,0.0,0.0,0.0,0.0,0.0,11.0742,-33.4887,0.0129973,0.143496,Nothing,seated
6.34233,398,-1.47533,-0.306563,-9.98244,0.0,0.0,0.0,0.0,0.0,0.0,0.0,10.3711,-36.3758,0.0129973,0.143496,Nothing,seated
6.36126,399,-1.50407,-0.335303,-10.0495,0.0,0.0,0.0,0.0,0.0,0.0,0.0,9.84375,-34.7836,0.0129973,0.143496,Nothing,seated
6.37533,400,-1.50407,-0.335303,-10.0495,0.0,0.0,0.0,0.0,0.0,0.0,0.0,9.31641,-34.7719,0.0129973,0.143496,Nothing,seated
6.38932,401,-1.52323,-0.306563,-10.1357,0.0,0.0,0.0,0.0,0.0,0.0,0.0,8.78906,-33.1976,0.0129973,0.143496,Nothing,seated
6.40335,402,-1.55197,-0.335303,-10.2028,0.0,0.0,0.0,0.0,0.0,0.0,0.0,8.08594,-37.3277,0.0129973,0.143496,Nothing,seated
6.41931,403,-1.55197,-0.335303,-10.289,0.0,0.0,0.0,0.0,0.0,0.0,0.0,7.55859,-36.5364,0.0129973,0.143496,Nothing,seated
6.43335,404,-1.57113,-0.344883,-10.3465,0.0,0.0,0.0,0.0,0.0,0.0,0.0,6.67969,-43.8931,0.0129973,0.143496,Nothing,seated
6.45329,405,-1.57113,-0.344883,-10.3465,0.0,0.0,0.0,0.0,0.0,0.0,0.0,5.97656,-42.8405,0.0129973,0.143496,Nothing,seated
6.46832,406,-1.59987,-0.364043,-10.3656,0.0,0.0,0.0,0.0,0.0,0.0,0.0,5.44922,-42.2738,0.0129973,0.143496,Nothing,seated
6.48235,407,-1.59987,-0.344883,-10.4806,0.0,0.0,0.0,0.0,0.0,0.0,0.0,4.74609,-42.277,0.0129973,0.143496,Nothing,seated
6.49642,408,-1.57113,-0.344883,-10.4806,0.0,0.0,0.0,0.0,0.0,0.0,0.0,4.21875,-43.3115,0.0129973,0.143496,Nothing,seated
6.51143,409,-1.59987,-0.335303,-10.4902,0.0,0.0,0.0,0.0,0.0,0.0,0.0,3.51562,-40.5242,0.0129973,0.143496,Nothing,seated
6.52734,410,-1.60945,-0.325723,-10.5381,0.0,0.0,0.0,0.0,0.0,0.0,0.0,2.46094,-47.4726,0.0129973,0.143496,Nothing,seated
6.54834,411,-1.60945,-0.325723,-10.5956,0.0,0.0,0.0,0.0,0.0,0.0,0.0,1.75781,-46.1298,0.0129973,0.143496,Nothing,seated
6.56428,412,-1.60945,-0.316143,-10.6339,0.0,0.0,0.0,0.0,0.0,0.0,0.0,1.05469,-45.0517,0.0129973,0.143496,Nothing,seated
6.57931,413,-1.59029,-0.316143,-10.653,0.0,0.0,0.0,0.0,0.0,0.0,0.0,0.351562,-46.6539,0.0129973,0.143496,Nothing,seated
6.59829,414,-1.59987,-0.296982,-10.653,0.0,0.0,0.0,0.0,0.0,0.0,0.0,-0.703125,-48.5668,0.0129973,0.143496,Nothing,seated
6.61926,415,-1.60945,-0.287402,-10.653,0.0,0.0,0.0,0.0,0.0,0.0,0.0,-1.75781,-45.8988,0.0129973,0.143496,Nothing,seated
6.6423,416,-1.66693,-0.296982,-10.6818,0.0,0.0,0.0,0.0,0.0,0.0,0.0,-2.46094,-44.8979,0.0129973,0.143496,Nothing,seated
6.65829,417,-1.63819,-0.296982,-10.6722,0.0,0.0,0.0,0.0,0.0,0.0,0.0,-3.16406,-44.8766,0.0129973,0.143496,Nothing,seated
6.67336,418,-1.60945,-0.277822,-10.6722,0.0,0.0,0.0,0.0,0.0,0.0,0.0,-3.86719,-44.8583,0.0129973,0.143496,Nothing,seated
6.68828,419,-1.61903,-0.277822,-10.6243,0.0,0.0,0.0,0.0,0.0,0.0,0.0,-4.39453,-41.0188,0.0129973,0.143496,Nothing,seated
6.70331,420,-1.59029,-0.239502,-10.6147,0.0,0.0,0.0,0.0,0.0,0.0,0.0,-5.27344,-41.8263,0.0129973,0.143496,Nothing,seated
6.7203,421,-1.59029,-0.268242,-10.586,0.0,0.0,0.0,0.0,0.0,0.0,0.0,-6.50391,-51.8356,0.0129973,0.143496,Nothing,seated
6.75029,422,-1.59029,-0.249082,-10.5764,0.0,0.0,0.0,0.0,0.0,0.0,0.0,-7.20703,-43.9447,0.0129973,0.143496,Nothing,seated
6.76531,423,-1.60945,-0.239502,-10.4806,0.0,0.0,0.0,0.0,0.0,0.0,0.0,-7.73438,-42.0562,0.0129973,0.143496,Nothing,seated
6.77935,424,-1.60945,-0.239502,-10.4327,0.0,0.0,0.0,0.0,0.0,0.0,0.0,-8.26172,-42.4657,0.0129973,0.143496,Nothing,seated
6.79532,425,-1.58071,-0.220342,-10.4135,0.0,0.0,0.0,0.0,0.0,0.0,0.0,-9.84375,-49.6741,0.0129973,0.143496,Nothing,seated
6.83226,426,-1.56155,-0.249082,-10.4135,0.0,0.0,0.0,0.0,0.0,0.0,0.0,-10.3711,-34.5407,0.0129973,0.143496,Nothing,seated
6.8473,427,-1.57113,-0.229922,-10.3561,0.0,0.0,0.0,0.0,0.0,0.0,0.0,-10.8984,-38.0529,0.0129973,0.143496,Nothing,seated
6.86232,428,-1.57113,-0.229922,-10.3082,0.0,0.0,0.0,0.0,0.0,0.0,0.0,-11.6016,-39.8609,0.0129973,0.143496,Nothing,seated
6.8803,429,-1.52323,-0.229922,-10.1645,0.0,0.0,0.0,0.0,0.0,0.0,0.0,-12.1289,-38.307,0.0129973,0.143496,Nothing,seated
6.89631,430,-1.51365,-0.210762,-10.1645,0.0,0.0,0.0,0.0,0.0,0.0,0.0,-12.6562,-27.8492,0.0129973,0.143496,Nothing,seated
6.91239,431,-1.50407,-0.220342,-10.1549,0.0,0.0,0.0,0.0,0.0,0.0,0.0,-13.1836,-35.0997,0.0129973,0.143496,Nothing,seated
6.9284,432,-1.52323,-0.249082,-10.0112,0.0,0.0,0.0,0.0,0.0,0.0,0.0,-13.7109,-34.6778,0.0129973,0.143496,Nothing,seated
6.9454,433,-1.52323,-0.249082,-10.0112,0.0,0.0,0.0,0.0,0.0,0.0,0.0,-14.2383,-31.7405,0.0129973,0.143496,Nothing,seated
6.96235,434,-1.49449,-0.229922,-9.97286,0.0,0.0,0.0,0.0,0.0,0.0,0.0,-14.7656,-32.1378,0.0129973,0.143496,Nothing,seated
6.97929,435,-1.47533,-0.229922,-9.97286,0.0,0.0,0.0,0.0,0.0,0.0,0.0,-15.1172,-29.6559,0.0129973,0.143496,Nothing,seated
6.99244,436,-1.46575,-0.239502,-9.87706,0.0,0.0,0.0,0.0,0.0,0.0,0.0,-15.4688,-28.5451,0.0129973,0.143496,Nothing,seated
7.0065,437,-1.44659,-0.258662,-9.84832,0.0,0.0,0.0,0.0,0.0,0.0,0.0,-15.8203,-27.0086,0.0129973,0.143496,Nothing,seated
7.0223,438,-1.44659,-0.268242,-9.75252,0.0,0.0,0.0,0.0,0.0,0.0,0.0,-16.1719,-25.1426,0.0129973,0.143496,Nothing,seated
7.03631,439,-1.41785,-0.268242,-9.75252,0.0,0.0,0.0,0.0,0.0,0.0,0.0,-16.5234,-23.7674,0.0129973,0.143496,Nothing,seated
7.05131,440,-1.40827,-0.258662,-9.69504,0.0,0.0,0.0,0.0,0.0,0.0,0.0,-16.875,-24.408,0.0129973,0.143496,Nothing,seated
7.06631,441,-1.39869,-0.258662,-9.58966,0.0,0.0,0.0,0.0,0.0,0.0,0.0,-17.0508,-21.417,0.0129973,0.143496,Nothing,seated
7.08231,442,-1.39869,-0.296982,-9.5705,0.0,0.0,0.0,0.0,0.0,0.0,0.0,-17.4023,-20.87,0.0129973,0.143496,Nothing,seated
7.09831,443,-1.41785,-0.296982,-9.5705,0.0,0.0,0.0,0.0,0.0,0.0,0.0,-17.5781,-18.502,0.0129973,0.143496,Nothing,seated
7.11379,444,-1.37953,-0.306563,-9.48428,0.0,0.0,0.0,0.0,0.0,0.0,0.0,-17.7539,-15.8797,0.0129973,0.143496,Nothing,seated
7.1284,445,-1.36037,-0.296982,-9.4747,0.0,0.0,0.0,0.0,0.0,0.0,0.0,-18.1055,-15.961,0.0129973,0.143496,Nothing,seated
7.14441,446,-1.36037,-0.316143,-9.39806,0.0,0.0,0.0,0.0,0.0,0.0,0.0,-18.2812,-15.7564,0.0129973,0.143496,Nothing,seated
7.16333,447,-1.38911,-0.296982,-9.35974,0.0,0.0,0.0,0.0,0.0,0.0,0.0,-18.457,-13.0178,0.0129973,0.143496,Nothing,seated
7.17933,448,-1.36995,-0.296982,-9.35974,0.0,0.0,0.0,0.0,0.0,0.0,0.0,-18.457,-10.8473,0.0129973,0.143496,Nothing,seated
7.19444,449,-1.34121,-0.316143,-9.35016,0.0,0.0,0.0,0.0,0.0,0.0,0.0,-18.6328,-10.8983,0.0129973,0.143496,Nothing,seated
7.20953,450,-1.33163,-0.306563,-9.2831,0.0,0.0,0.0,0.0,0.0,0.0,0.0,-18.6328,-6.49989,0.0129973,0.143496,Nothing,seated
7.22346,451,-1.33163,-0.325723,-9.27352,0.0,0.0,0.0,0.0,0.0,0.0,0.0,-18.6328,-4.4468,0.0129973,0.143496,Nothing,seated
7.23933,452,-1.30289,-0.325723,-9.27352,0.0,0.0,0.0,0.0,0.0,0.0,0.0,-18.6328,-2.3128,0.0129973,0.143496,Nothing,seated
7.2533,453,-1.34121,-0.325723,-9.2831,0.0,0.0,0.0,0.0,0.0,0.0,0.0,-18.6328,-2.37625,0.0129973,0.143496,Nothing,seated
7.26831,454,-1.33163,-0.316143,-9.26394,0.0,0.0,0.0,0.0,0.0,0.0,0.0,-18.6328,0.0,0.0129973,0.143496,Nothing,seated
7.2853,455,-1.33163,-0.316143,-9.30226,0.0,0.0,0.0,0.0,0.0,0.0,0.0,-18.457,2.3199,0.0129973,0.143496,Nothing,seated
7.29934,456,-1.32205,-0.316143,-9.30226,0.0,0.0,0.0,0.0,0.0,0.0,0.0,-18.457,2.31687,0.0129973,0.143496,Nothing,seated
7.31353,457,-1.34121,-0.316143,-9.24478,0.0,0.0,0.0,0.0,0.0,0.0,0.0,-18.2812,4.73832,0.0129973,0.143496,Nothing,seated
7.32774,458,-1.31247,-0.383203,-9.26394,0.0,0.0,0.0,0.0,0.0,0.0,0.0,-18.1055,7.08453,0.0129973,0.143496,Nothing,seated
7.34238,459,-1.31247,-0.383203,-9.2831,0.0,0.0,0.0,0.0,0.0,0.0,0.0,-18.1055,7.11963,0.0129973,0.143496,Nothing,seated
7.35832,460,-1.35079,-0.335303,-9.2831,0.0,0.0,0.0,0.0,0.0,0.0,0.0,-17.9297,7.22222,0.0129973,0.143496,Nothing,seated
7.37231,461,-1.36037,-0.325723,-9.34058,0.0,0.0,0.0,0.0,0.0,0.0,0.0,-17.5781,12.0433,0.0129973,0.143496,Nothing,seated
7.39039,462,-1.36995,-0.364043,-9.38848,0.0,0.0,0.0,0.0,0.0,0.0,0.0,-17.4023,11.434,0.0129973,0.143496,Nothing,seated
7.40628,463,-1.41785,-0.344883,-9.38848,0.0,0.0,0.0,0.0,0.0,0.0,0.0,-17.0508,13.4288,0.0129973,0.143496,Nothing,seated
7.42239,464,-1.41785,-0.344883,-9.48428,0.0,0.0,0.0,0.0,0.0,0.0,0.0,-16.6992,17.5764,0.0129973,0.143496,Nothing,seated
7.4404,465,-1.40827,-0.296982,-9.48428,0.0,0.0,0.0,0.0,0.0,0.0,0.0,-16.3477,19.2734,0.0129973,0.143496,Nothing,seated
7.45927,466,-1.39869,-0.296982,-9.48428,0.0,0.0,0.0,0.0,0.0,0.0,0.0,-15.9961,18.1931,0.0129973,0.143496,Nothing,seated
7.47636,467,-1.44659,-0.287402,-9.58008,0.0,0.0,0.0,0.0,0.0,0.0,0.0,-15.6445,20.4485,0.0129973,0.143496,Nothing,seated
7.49145,468,-1.45617,-0.316143,-9.62798,0.0,0.0,0.0,0.0,0.0,0.0,0.0,-15.1172,22.7036,0.0129973,0.143496,Nothing,seated
7.50732,469,-1.45617,-0.306563,-9.67588,0.0,0.0,0.0,0.0,0.0,0.0,0.0,-14.7656,22.7672,0.0129973,0.143496,Nothing,seated
7.52235,470,-1.46575,-0.306563,-9.67588,0.0,0.0,0.0,0.0,0.0,0.0,0.0,-14.4141,23.5954,0.0129973,0.143496,Nothing,seated
7.53731,471,-1.43701,-0.287402,-9.75252,0.0,0.0,0.0,0.0,0.0,0.0,0.0,-13.8867,27.0314,0.0129973,0.143496,Nothing,seated
7.55333,472,-1.48491,-0.287402,-9.84832,0.0,0.0,0.0,0.0,0.0,0.0,0.0,-13.3594,29.6874,0.0129973,0.143496,Nothing,seated
7.57029,473,-1.48491,-0.306563,-9.87706,0.0,0.0,0.0,0.0,0.0,0.0,0.0,-12.4805,33.4422,0.0129973,0.143496,Nothing,seated
7.59435,474,-1.50407,-0.296982,-9.97286,0.0,0.0,0.0,0.0,0.0,0.0,0.0,-12.1289,30.296,0.0129973,0.143496,Nothing,seated
7.60836,475,-1.54239,-0.258662,-10.0495,0.0,0.0,0.0,0.0,0.0,0.0,0.0,-11.6016,32.6998,0.0129973,0.143496,Nothing,seated
7.62349,476,-1.54239,-0.249082,-10.0974,0.0,0.0,0.0,0.0,0.0,0.0,0.0,-10.8984,34.6752,0.0129973,0.143496,Nothing,seated
7.63932,477,-1.54239,-0.249082,-10.174,0.0,0.0,0.0,0.0,0.0,0.0,0.0,-10.3711,34.7527,0.0129973,0.143496,Nothing,seated
7.65638,478,-1.60945,-0.249082,-10.174,0.0,0.0,0.0,0.0,0.0,0.0,0.0,-9.66797,32.6682,0.0129973,0.143496,Nothing,seated
7.67231,479,-1.56155,-0.249082,-10.2315,0.0,0.0,0.0,0.0,0.0,0.0,0.0,-8.96484,40.5831,0.0129973,0.143496,Nothing,seated
7.69139,480,-1.60945,-0.249082,-10.3465,0.0,0.0,0.0,0.0,0.0,0.0,0.0,-7.91016,44.4604,0.0129973,0.143496,Nothing,seated
7.71727,481,-1.60945,-0.229922,-10.3465,0.0,0.0,0.0,0.0,0.0,0.0,0.0,-7.38281,37.4852,0.0129973,0.143496,Nothing,seated
7.73231,482,-1.61903,-0.268242,-10.3944,0.0,0.0,0.0,0.0,0.0,0.0,0.0,-6.67969,39.6963,0.0129973,0.143496,Nothing,seated
7.74831,483,-1.64777,-0.220342,-10.4902,0.0,0.0,0.0,0.0,0.0,0.0,0.0,-5.625,43.9802,0.0129973,0.143496,Nothing,seated
7.77329,484,-1.62861,-0.229922,-10.4902,0.0,0.0,0.0,0.0,0.0,0.0,0.0,-4.92188,40.0365,0.0129973,0.143496,Nothing,seated
7.78733,485,-1.62861,-0.249082,-10.4902,0.0,0.0,0.0,0.0,0.0,0.0,0.0,-4.39453,36.6414,0.0129973,0.143496,Nothing,seated
7.80335,486,-1.62861,-0.249082,-10.5572,0.0,0.0,0.0,0.0,0.0,0.0,0.0,-3.69141,42.8828,0.0129973,0.143496,Nothing,seated
7.81931,487,-1.68609,-0.229922,-10.5572,0.0,0.0,0.0,0.0,0.0,0.0,0.0,-2.98828,42.4311,0.0129973,0.143496,Nothing,seated
7.83531,488,-1.66693,-0.249082,-10.6051,0.0,0.0,0.0,0.0,0.0,0.0,0.0,-2.28516,38.3917,0.0129973,0.143496,Nothing,seated
7.85052,489,-1.66693,-0.249082,-10.6051,0.0,0.0,0.0,0.0,0.0,0.0,0.0,-1.40625,45.5232,0.0129973,0.143496,Nothing,seated
7.8673,490,-1.66693,-0.220342,-10.6051,0.0,0.0,0.0,0.0,0.0,0.0,0.0,-0.703125,46.1627,0.0129973,0.143496,Nothing,seated
7.8853,491,-1.64777,-0.258662,-10.6147,0.0,0.0,0.0,0.0,0.0,0.0,0.0,0.175781,47.1932,0.0129973,0.143496,Nothing,seated
7.90231,492,-1.64777,-0.258662,-10.6722,0.0,0.0,0.0,0.0,0.0,0.0,0.0,0.878906,46.5917,0.0129973,0.143496,Nothing,seated
7.91731,493,-1.64777,-0.258662,-10.6722,0.0,0.0,0.0,0.0,0.0,0.0,0.0,1.58203,47.1575,0.0129973,0.143496,Nothing,seated
7.9343,494,-1.69567,-0.239502,-10.6243,0.0,0.0,0.0,0.0,0.0,0.0,0.0,2.10938,41.9641,0.0129973,0.143496,Nothing,seated
7.94833,495,-1.66693,-0.268242,-10.653,0.0,0.0,0.0,0.0,0.0,0.0,0.0,2.98828,45.5533,0.0129973,0.143496,Nothing,seated
7.96829,496,-1.68609,-0.258662,-10.586,0.0,0.0,0.0,0.0,0.0,0.0,0.0,3.86719,44.4795,0.0129973,0.143496,Nothing,seated
7.98829,497,-1.67651,-0.287402,-10.5764,0.0,0.0,0.0,0.0,0.0,0.0,0.0,5.44922,53.1542,0.0129973,0.143496,Nothing,seated
8.02628,498,-1.66693,-0.296982,-10.471,0.0,0.0,0.0,0.0,0.0,0.0,0.0,6.50391,45.1663,0.0129973,0.143496,Nothing,seated
8.05027,499,-1.64777,-0.277822,-10.4614,0.0,0.0,0.0,0.0,0.0,0.0,0.0,7.20703,43.9563,0.0129973,0.143496,Nothing,seated
8.06529,500,-1.64777,-0.316143,-10.3944,0.0,0.0,0.0,0.0,0.0,0.0,0.0,7.91016,42.0819,0.0129973,0.143496,Nothing,seated
8.08231,501,-1.60945,-0.316143,-10.3177,0.0,0.0,0.0,0.0,0.0,0.0,0.0,8.61328,41.6258,0.0129973,0.143496,Nothing,seated
8.10028,502,-1.66693,-0.335303,-10.3082,0.0,0.0,0.0,0.0,0.0,0.0,0.0,9.14062,32.9607,0.0129973,0.143496,Nothing,seated
8.11632,503,-1.58071,-0.296982,-10.3082,0.0,0.0,0.0,0.0,0.0,0.0,0.0,9.66797,35.1415,0.0129973,0.143496,Nothing,seated
8.13036,504,-1.60945,-0.287402,-10.2219,0.0,0.0,0.0,0.0,0.0,0.0,0.0,10.1953,37.3125,0.0129973,0.143496,Nothing,seated
8.14438,505,-1.60945,-0.287402,-10.174,0.0,0.0,0.0,0.0,0.0,0.0,0.0,10.7227,35.5622,0.0129973,0.143496,Nothing,seated
8.16033,506,-1.58071,-0.335303,-10.0974,0.0,0.0,0.0,0.0,0.0,0.0,0.0,11.7773,40.5514,0.0129973,0.143496,Nothing,seated
8.1873,507,-1.59029,-0.325723,-10.0112,0.0,0.0,0.0,0.0,0.0,0.0,0.0,12.4805,38.3835,0.0129973,0.143496,Nothing,seated
8.21229,508,-1.51365,-0.287402,-9.93454,0.0,0.0,0.0,0.0,0.0,0.0,0.0,13.0078,34.8008,0.0129973,0.143496,Nothing,seated
8.22634,509,-1.51365,-0.296982,-9.8579,0.0,0.0,0.0,0.0,0.0,0.0,0.0,13.3594,32.9654,0.0129973,0.143496,Nothing,seated
8.24231,510,-1.53281,-0.296982,-9.8579,0.0,0.0,0.0,0.0,0.0,0.0,0.0,13.8867,32.3083,0.0129973,0.143496,Nothing,seated
8.25743,511,-1.52323,-0.296982,-9.81,0.0,0.0,0.0,0.0,0.0,0.0,0.0,14.2383,25.3435,0.0129973,0.143496,Nothing,seated
8.27352,512,-1.48491,-0.325723,-9.73336,0.0,0.0,0.0,0.0,0.0,0.0,0.0,14.5898,24.465,0.0129973,0.143496,Nothing,seated
8.28837,513,-1.48491,-0.316143,-9.62798,0.0,0.0,0.0,0.0,0.0,0.0,0.0,15.1172,27.7268,0.0129973,0.143496,Nothing,seated
8.30531,514,-1.50407,-0.316143,-9.55134,0.0,0.0,0.0,0.0,0.0,0.0,0.0,15.293,24.4847,0.0129973,0.143496,Nothing,seated
8.32031,515,-1.41785,-0.316143,-9.55134,0.0,0.0,0.0,0.0,0.0,0.0,0.0,15.8203,24.7901,0.0129973,0.143496,Nothing,seated
8.33743,516,-1.43701,-0.277822,-9.51302,0.0,0.0,0.0,0.0,0.0,0.0,0.0,15.9961,21.9742,0.0129973,0.143496,Nothing,seated
8.35231,517,-1.43701,-0.258662,-9.38848,0.0,0.0,0.0,0.0,0.0,0.0,0.0,16.3477,22.3083,0.0129973,0.143496,Nothing,seated
8.36633,518,-1.43701,-0.287402,-9.38848,0.0,0.0,0.0,0.0,0.0,0.0,0.0,16.5234,18.037,0.0129973,0.143496,Nothing,seated
8.38232,519,-1.41785,-0.287402,-9.31184,0.0,0.0,0.0,0.0,0.0,0.0,0.0,16.6992,18.2602,0.0129973,0.143496,Nothing,seated
8.39931,520,-1.40827,-0.316143,-9.31184,0.0,0.0,0.0,0.0,0.0,0.0,0.0,17.0508,15.5766,0.0129973,0.143496,Nothing,seated
8.4173,521,-1.40827,-0.268242,-9.31184,0.0,0.0,0.0,0.0,0.0,0.0,0.0,17.2266,15.4061,0.0129973,0.143496,Nothing,seated
8.43136,522,-1.39869,-0.268242,-9.26394,0.0,0.0,0.0,0.0,0.0,0.0,0.0,17.4023,13.3434,0.0129973,0.143496,Nothing,seated
8.44545,523,-1.39869,-0.268242,-9.16813,0.0,0.0,0.0,0.0,0.0,0.0,0.0,17.4023,11.1096,0.0129973,0.143496,Nothing,seated
8.46142,524,-1.40827,-0.268242,-9.16813,0.0,0.0,0.0,0.0,0.0,0.0,0.0,17.5781,11.1124,0.0129973,0.143496,Nothing,seated
8.48049,525,-1.36037,-0.296982,-9.16813,0.0,0.0,0.0,0.0,0.0,0.0,0.0,17.7539,8.66059,0.0129973,0.143496,Nothing,seated
8.49837,526,-1.36995,-0.268242,-9.13939,0.0,0.0,0.0,0.0,0.0,0.0,0.0,17.7539,6.50467,0.0129973,0.143496,Nothing,seated
8.51629,527,-1.35079,-0.268242,-9.12023,0.0,0.0,0.0,0.0,0.0,0.0,0.0,17.7539,4.13922,0.0129973,0.143496,Nothing,seated
8.53036,528,-1.35079,-0.268242,-9.13939,0.0,0.0,0.0,0.0,0.0,0.0,0.0,17.7539,4.14017,0.0129973,0.143496,Nothing,seated
8.54455,529,-1.36037,-0.268242,-9.13939,0.0,0.0,0.0,0.0,0.0,0.0,0.0,17.7539,2.11436,0.0129973,0.143496,Nothing,seated
8.56034,530,-1.41785,-0.239502,-9.14898,0.0,0.0,0.0,0.0,0.0,0.0,0.0,17.5781,-2.20157,0.0129973,0.143496,Nothing,seated
8.57545,531,-1.32205,-0.268242,-9.12023,0.0,0.0,0.0,0.0,0.0,0.0,0.0,17.5781,-2.28051,0.0129973,0.143496,Nothing,seated
8.59233,532,-1.37953,-0.258662,-9.10107,0.0,0.0,0.0,0.0,0.0,0.0,0.0,17.4023,-4.62318,0.0129973,0.143496,Nothing,seated
8.6074,533,-1.37953,-0.249082,-9.15856,0.0,0.0,0.0,0.0,0.0,0.0,0.0,17.2266,-6.8449,0.0129973,0.143496,Nothing,seated
8.62354,534,-1.35079,-0.249082,-9.20646,0.0,0.0,0.0,0.0,0.0,0.0,0.0,17.0508,-8.90198,0.0129973,0.143496,Nothing,seated
8.63952,535,-1.38911,-0.239502,-9.20646,0.0,0.0,0.0,0.0,0.0,0.0,0.0,16.875,-8.87931,0.0129973,0.143496,Nothing,seated
8.65637,536,-1.39869,-0.268242,-9.24478,0.0,0.0,0.0,0.0,0.0,0.0,0.0,16.6992,-10.8611,0.0129973,0.143496,Nothing,seated
8.67033,537,-1.36037,-0.258662,-9.2831,0.0,0.0,0.0,0.0,0.0,0.0,0.0,16.3477,-13.5223,0.0129973,0.143496,Nothing,seated
8.68838,538,-1.36037,-0.277822,-9.29268,0.0,0.0,0.0,0.0,0.0,0.0,0.0,16.1719,-13.0242,0.0129973,0.143496,Nothing,seated
8.70331,539,-1.39869,-0.277822,-9.34058,0.0,0.0,0.0,0.0,0.0,0.0,0.0,15.8203,-15.4248,0.0129973,0.143496,Nothing,seated
8.71931,540,-1.41785,-0.277822,-9.34058,0.0,0.0,0.0,0.0,0.0,0.0,0.0,15.6445,-15.4224,0.0129973,0.143496,Nothing,seated
8.73333,541,-1.40827,-0.296982,-9.41722,0.0,0.0,0.0,0.0,0.0,0.0,0.0,15.293,-18.273,0.0129973,0.143496,Nothing,seated
8.74733,542,-1.40827,-0.306563,-9.44596,0.0,0.0,0.0,0.0,0.0,0.0,0.0,14.9414,-18.2635,0.0129973,0.143496,Nothing,seated
8.76332,543,-1.41785,-0.306563,-9.44596,0.0,0.0,0.0,0.0,0.0,0.0,0.0,14.4141,-23.4585,0.0129973,0.143496,Nothing,seated
8.7803,544,-1.41785,-0.306563,-9.44596,0.0,0.0,0.0,0.0,0.0,0.0,0.0,14.0625,-22.8311,0.0129973,0.143496,Nothing,seated
8.79631,545,-1.41785,-0.296982,-9.54176,0.0,0.0,0.0,0.0,0.0,0.0,0.0,13.7109,-25.1119,0.0129973,0.143496,Nothing,seated
8.81053,546,-1.47533,-0.277822,-9.58966,0.0,0.0,0.0,0.0,0.0,0.0,0.0,13.1836,-27.3241,0.0129973,0.143496,Nothing,seated
8.82635,547,-1.47533,-0.277822,-9.69504,0.0,0.0,0.0,0.0,0.0,0.0,0.0,12.832,-26.6944,0.0129973,0.143496,Nothing,seated
8.84136,548,-1.45617,-0.277822,-9.69504,0.0,0.0,0.0,0.0,0.0,0.0,0.0,12.3047,-27.0274,0.0129973,0.143496,Nothing,seated
8.85631,549,-1.49449,-0.277822,-9.84832,0.0,0.0,0.0,0.0,0.0,0.0,0.0,11.7773,-30.0659,0.0129973,0.143496,Nothing,seated
8.87033,550,-1.49449,-0.296982,-9.92496,0.0,0.0,0.0,0.0,0.0,0.0,0.0,11.25,-33.2462,0.0129973,0.143496,Nothing,seated
8.88631,551,-1.52323,-0.296982,-9.92496,0.0,0.0,0.0,0.0,0.0,0.0,0.0,10.7227,-32.4751,0.0129973,0.143496,Nothing,seated
8.90231,552,-1.49449,-0.296982,-10.0016,0.0,0.0,0.0,0.0,0.0,0.0,0.0,10.0195,-37.0253,0.0129973,0.143496,Nothing,seated
8.9223,553,-1.49449,-0.296982,-10.0016,0.0,0.0,0.0,0.0,0.0,0.0,0.0,9.49219,-34.7489,0.0129973,0.143496,Nothing,seated
8.93631,554,-1.51365,-0.306563,-10.0112,0.0,0.0,0.0,0.0,0.0,0.0,0.0,8.96484,-35.1545,0.0129973,0.143496,Nothing,seated
8.95034,555,-1.51365,-0.306563,-10.1166,0.0,0.0,0.0,0.0,0.0,0.0,0.0,8.26172,-37.3497,0.0129973,0.143496,Nothing,seated
8.96533,556,-1.51365,-0.306563,-10.1645,0.0,0.0,0.0,0.0,0.0,0.0,0.0,7.73438,-37.8133,0.0129973,0.143496,Nothing,seated
8.98034,557,-1.57113,-0.296982,-10.1645,0.0,0.0,0.0,0.0,0.0,0.0,0.0,7.03125,-38.2978,0.0129973,0.143496,Nothing,seated
8.99835,558,-1.55197,-0.306563,-10.2124,0.0,0.0,0.0,0.0,0.0,0.0,0.0,6.50391,-39.2939,0.0129973,0.143496,Nothing,seated
9.01242,559,-1.56155,-0.344883,-10.3177,0.0,0.0,0.0,0.0,0.0,0.0,0.0,5.97656,-39.2636,0.0129973,0.143496,Nothing,seated
9.02741,560,-1.56155,-0.296982,-10.3752,0.0,0.0,0.0,0.0,0.0,0.0,0.0,5.27344,-38.7732,0.0129973,0.143496,Nothing,seated
9.04341,561,-1.57113,-0.296982,-10.3752,0.0,0.0,0.0,0.0,0.0,0.0,0.0,4.57031,-40.5249,0.0129973,0.143496,Nothing,seated
9.05929,562,-1.59029,-0.325723,-10.4327,0.0,0.0,0.0,0.0,0.0,0.0,0.0,3.86719,-40.0779,0.0129973,0.143496,Nothing,seated
9.07631,563,-1.61903,-0.287402,-10.4614,0.0,0.0,0.0,0.0,0.0,0.0,0.0,3.16406,-42.8384,0.0129973,0.143496,Nothing,seated
9.09333,564,-1.62861,-0.287402,-10.5285,0.0,0.0,0.0,0.0,0.0,0.0,0.0,2.28516,-45.6223,0.0129973,0.143496,Nothing,seated
9.11328,565,-1.60945,-0.316143,-10.5572,0.0,0.0,0.0,0.0,0.0,0.0,0.0,1.40625,-45.0357,0.0129973,0.143496,Nothing,seated
9.1303,566,-1.60945,-0.316143,-10.586,0.0,0.0,0.0,0.0,0.0,0.0,0.0,0.878906,-42.4833,0.0129973,0.143496,Nothing,seated
9.14534,567,-1.59987,-0.296982,-10.586,0.0,0.0,0.0,0.0,0.0,0.0,0.0,0.175781,-42.8935,0.0129973,0.143496,Nothing,seated
9.15966,568,-1.58071,-0.296982,-10.586,0.0,0.0,0.0,0.0,0.0,0.0,0.0,-0.527344,-44.2891,0.0129973,0.143496,Nothing,seated
9.17542,569,-1.62861,-0.296982,-10.6147,0.0,0.0,0.0,0.0,0.0,0.0,0.0,-1.23047,-42.8293,0.0129973,0.143496,Nothing,seated
9.19235,570,-1.62861,-0.277822,-10.6147,0.0,0.0,0.0,0.0,0.0,0.0,0.0,-1.93359,-42.2388,0.0129973,0.143496,Nothing,seated
9.20844,571,-1.66693,-0.277822,-10.6339,0.0,0.0,0.0,0.0,0.0,0.0,0.0,-2.63672,-44.9898,0.0129973,0.143496,Nothing,seated
9.22346,572,-1.60945,-0.258662,-10.6339,0.0,0.0,0.0,0.0,0.0,0.0,0.0,-3.33984,-45.008,0.0129973,0.143496,Nothing,seated
9.23941,573,-1.62861,-0.277822,-10.5764,0.0,0.0,0.0,0.0,0.0,0.0,0.0,-4.04297,-44.0833,0.0129973,0.143496,Nothing,seated
9.25531,574,-1.60945,-0.306563,-10.653,0.0,0.0,0.0,0.0,0.0,0.0,0.0,-4.74609,-44.0063,0.0129973,0.143496,Nothing,seated
9.26931,575,-1.60945,-0.306563,-10.6147,0.0,0.0,0.0,0.0,0.0,0.0,0.0,-5.27344,-43.3991,0.0129973,0.143496,Nothing,seated
9.28531,576,-1.62861,-0.220342,-10.5668,0.0,0.0,0.0,0.0,0.0,0.0,0.0,-6.15234,-45.7368,0.0129973,0.143496,Nothing,seated
9.30435,577,-1.59987,-0.229922,-10.5668,0.0,0.0,0.0,0.0,0.0,0.0,0.0,-6.67969,-41.2889,0.0129973,0.143496,Nothing,seated
9.31932,578,-1.60945,-0.277822,-10.5668,0.0,0.0,0.0,0.0,0.0,0.0,0.0,-7.38281,-41.7937,0.0129973,0.143496,Nothing,seated
9.33532,579,-1.57113,-0.306563,-10.471,0.0,0.0,0.0,0.0,0.0,0.0,0.0,-7.91016,-39.545,0.0129973,0.143496,Nothing,seated
9.34932,580,-1.57113,-0.239502,-10.4614,0.0,0.0,0.0,0.0,0.0,0.0,0.0,-8.61328,-41.7404,0.0129973,0.143496,Nothing,seated
9.3683,581,-1.56155,-0.239502,-10.3848,0.0,0.0,0.0,0.0,0.0,0.0,0.0,-9.31641,-38.1248,0.0129973,0.143496,Nothing,seated
9.38469,582,-1.57113,-0.220342,-10.3177,0.0,0.0,0.0,0.0,0.0,0.0,0.0,-10.0195,-41.5704,0.0129973,0.143496,Nothing,seated
9.40425,583,-1.58071,-0.220342,-10.3177,0.0,0.0,0.0,0.0,0.0,0.0,0.0,-10.7227,-39.3282,0.0129973,0.143496,Nothing,seated
9.42032,584,-1.54239,-0.258662,-10.2794,0.0,0.0,0.0,0.0,0.0,0.0,0.0,-11.4258,-41.3582,0.0129973,0.143496,Nothing,seated
9.43939,585,-1.53281,-0.239502,-10.1932,0.0,0.0,0.0,0.0,0.0,0.0,0.0,-11.7773,-35.1284,0.0129973,0.143496,Nothing,seated
9.45529,586,-1.52323,-0.220342,-10.1549,0.0,0.0,0.0,0.0,0.0,0.0,0.0,-12.4805,-36.3737,0.0129973,0.143496,Nothing,seated
9.47132,587,-1.52323,-0.258662,-10.0687,0.0,0.0,0.0,0.0,0.0,0.0,0.0,-12.832,-32.4643,0.0129973,0.143496,Nothing,seated
9.48535,588,-1.50407,-0.258662,-10.0495,0.0,0.0,0.0,0.0,0.0,0.0,0.0,-13.5352,-34.6791,0.0129973,0.143496,Nothing,seated
9.50636,589,-1.49449,-0.277822,-9.9537,0.0,0.0,0.0,0.0,0.0,0.0,0.0,-13.8867,-28.6027,0.0129973,0.143496,Nothing,seated
9.52228,590,-1.44659,-0.258662,-9.9537,0.0,0.0,0.0,0.0,0.0,0.0,0.0,-14.4141,-31.8095,0.0129973,0.143496,Nothing,seated
9.53967,591,-1.46575,-0.258662,-9.87706,0.0,0.0,0.0,0.0,0.0,0.0,0.0,-14.7656,-27.0829,0.0129973,0.143496,Nothing,seated
9.55439,592,-1.46575,-0.258662,-9.84832,0.0,0.0,0.0,0.0,0.0,0.0,0.0,-15.1172,-27.5089,0.0129973,0.143496,Nothing,seated
9.56833,593,-1.43701,-0.258662,-9.84832,0.0,0.0,0.0,0.0,0.0,0.0,0.0,-15.4688,-23.3002,0.0129973,0.143496,Nothing,seated
9.58231,594,-1.39869,-0.277822,-9.74294,0.0,0.0,0.0,0.0,0.0,0.0,0.0,-15.8203,-25.4594,0.0129973,0.143496,Nothing,seated
9.59635,595,-1.42743,-0.268242,-9.67588,0.0,0.0,0.0,0.0,0.0,0.0,0.0,-16.1719,-23.7336,0.0129973,0.143496,Nothing,seated
9.61142,596,-1.42743,-0.268242,-9.63756,0.0,0.0,0.0,0.0,0.0,0.0,0.0,-16.3477,-22.0474,0.0129973,0.143496,Nothing,seated
9.62544,597,-1.39869,-0.287402,-9.5705,0.0,0.0,0.0,0.0,0.0,0.0,0.0,-16.875,-24.7415,0.0129973,0.143496,Nothing,seated
9.64831,598,-1.43701,-0.249082,-9.5226,0.0,0.0,0.0,0.0,0.0,0.0,0.0,-17.0508,-19.7812,0.0129973,0.143496,Nothing,seated
9.66337,599,-1.36037,-0.287402,-9.5226,0.0,0.0,0.0,0.0,0.0,0.0,0.0,-17.4023,-19.5151,0.0129973,0.143496,Nothing,seated
9.6803,600,-1.36037,-0.287402,-9.4747,0.0,0.0,0.0,0.0,0.0,0.0,0.0,-17.5781,-16.7494,0.0129973,0.143496,Nothing,seated
9.69536,601,-1.36995,-0.287402,-9.41722,0.0,0.0,0.0,0.0,0.0,0.0,0.0,-17.7539,-16.7531,0.0129973,0.143496,Nothing,seated
9.71038,602,-1.36995,-0.296982,-9.38848,0.0,0.0,0.0,0.0,0.0,0.0,0.0,-17.7539,-10.347,0.0129973,0.143496,Nothing,seated
9.7247,603,-1.34121,-0.296982,-9.38848,0.0,0.0,0.0,0.0,0.0,0.0,0.0,-17.9297,-11.505,0.0129973,0.143496,Nothing,seated
9.74438,604,-1.34121,-0.296982,-9.38848,0.0,0.0,0.0,0.0,0.0,0.0,0.0,-18.1055,-8.68034,0.0129973,0.143496,Nothing,seated
9.75932,605,-1.37953,-0.316143,-9.35974,0.0,0.0,0.0,0.0,0.0,0.0,0.0,-18.1055,-6.67359,0.0129973,0.143496,Nothing,seated
9.77535,606,-1.32205,-0.325723,-9.30226,0.0,0.0,0.0,0.0,0.0,0.0,0.0,-18.1055,-4.39531,0.0129973,0.143496,Nothing,seated
9.78936,607,-1.32205,-0.325723,-9.32142,0.0,0.0,0.0,0.0,0.0,0.0,0.0,-18.1055,-4.45154,0.0129973,0.143496,Nothing,seated
9.8074,608,-1.32205,-0.325723,-9.2831,0.0,0.0,0.0,0.0,0.0,0.0,0.0,-18.1055,-2.12566,0.0129973,0.143496,Nothing,seated
9.82528,609,-1.36037,-0.325723,-9.2831,0.0,0.0,0.0,0.0,0.0,0.0,0.0,-18.1055,0.0,0.0129973,0.143496,Nothing,seated
9.84131,610,-1.34121,-0.325723,-9.2831,0.0,0.0,0.0,0.0,0.0,0.0,0.0,-18.1055,0.0,0.0129973,0.143496,Nothing,seated
9.8553,611,-1.34121,-0.287402,-9.30226,0.0,0.0,0.0,0.0,0.0,0.0,0.0,-18.1055,0.0,0.0129973,0.143496,Nothing,seated
9.86934,612,-1.34121,-0.287402,-9.2831,0.0,0.0,0.0,0.0,0.0,0.0,0.0,-17.9297,2.19779,0.0129973,0.143496,Nothing,seated
9.88334,613,-1.34121,-0.277822,-9.2831,0.0,0.0,0.0,0.0,0.0,0.0,0.0,-17.7539,4.62911,0.0129973,0.143496,Nothing,seated
9.89929,614,-1.37953,-0.306563,-9.2831,0.0,0.0,0.0,0.0,0.0,0.0,0.0,-17.5781,7.12559,0.0129973,0.143496,Nothing,seated
9.91629,615,-1.36037,-0.306563,-9.31184,0.0,0.0,0.0,0.0,0.0,0.0,0.0,-17.4023,9.37705,0.0129973,0.143496,Nothing,seated
9.93328,616,-1.36037,-0.296982,-9.35974,0.0,0.0,0.0,0.0,0.0,0.0,0.0,-17.2266,11.2702,0.0129973,0.143496,Nothing,seated
9.94929,617,-1.36037,-0.296982,-9.36932,0.0,0.0,0.0,0.0,0.0,0.0,0.0,-17.0508,10.9928,0.0129973,0.143496,Nothing,seated
9.96337,618,-1.36995,-0.296982,-9.36932,0.0,0.0,0.0,0.0,0.0,0.0,0.0,-16.6992,13.1798,0.0129973,0.143496,Nothing,seated
9.97841,619,-1.36037,-0.296982,-9.39806,0.0,0.0,0.0,0.0,0.0,0.0,0.0,-16.5234,13.3297,0.0129973,0.143496,Nothing,seated
9.99239,620,-1.36037,-0.296982,-9.4747,0.0,0.0,0.0,0.0,0.0,0.0,0.0,-16.1719,16.1695,0.0129973,0.143496,Nothing,seated
10.0065,621,-1.39869,-0.296982,-9.51302,0.0,0.0,0.0,0.0,0.0,0.0,0.0,-15.8203,19.2049,0.0129973,0.143496,Nothing,seated
10.0234,622,-1.42743,-0.306563,-9.51302,0.0,0.0,0.0,0.0,0.0,0.0,0.0,-15.4688,21.3488,0.0129973,0.143496,Nothing,seated
10.0393,623,-1.40827,-0.268242,-9.59924,0.0,0.0,0.0,0.0,0.0,0.0,0.0,-15.1172,20.8308,0.0129973,0.143496,Nothing,seated
10.0533,624,-1.40827,-0.268242,-9.62798,0.0,0.0,0.0,0.0,0.0,0.0,0.0,-14.7656,23.4618,0.0129973,0.143496,Nothing,seated
10.0674,625,-1.43701,-0.268242,-9.69504,0.0,0.0,0.0,0.0,0.0,0.0,0.0,-14.4141,23.4449,0.0129973,0.143496,Nothing,seated
10.0825,626,-1.44659,-0.268242,-9.69504,0.0,0.0,0.0,0.0,0.0,0.0,0.0,-13.8867,25.434,0.0129973,0.143496,Nothing,seated
10.0993,627,-1.46575,-0.287402,-9.77168,0.0,0.0,0.0,0.0,0.0,0.0,0.0,-13.5352,25.4697,0.0129973,0.143496,Nothing,seated
10.1153,628,-1.47533,-0.296982,-9.84832,0.0,0.0,0.0,0.0,0.0,0.0,0.0,-13.0078,27.7565,0.0129973,0.143496,Nothing,seated
10.1303,629,-1.47533,-0.296982,-9.89622,0.0,0.0,0.0,0.0,0.0,0.0,0.0,-12.4805,29.6835,0.0129973,0.143496,Nothing,seated
10.1453,630,-1.49449,-0.296982,-9.89622,0.0,0.0,0.0,0.0,0.0,0.0,0.0,-12.1289,29.3069,0.0129973,0.143496,Nothing,seated
10.1596,631,-1.51365,-0.268242,-9.97286,0.0,0.0,0.0,0.0,0.0,0.0,0.0,-11.4258,31.9212,0.0129973,0.143496,Nothing,seated
10.1756,632,-1.54239,-0.277822,-10.0399,0.0,0.0,0.0,0.0,0.0,0.0,0.0,-10.8984,34.5766,0.0129973,0.143496,Nothing,seated
10.1914,633,-1.54239,-0.268242,-10.1357,0.0,0.0,0.0,0.0,0.0,0.0,0.0,-10.3711,34.6726,0.0129973,0.143496,Nothing,seated
10.2083,634,-1.54239,-0.268242,-10.1357,0.0,0.0,0.0,0.0,0.0,0.0,0.0,-9.66797,36.0496,0.0129973,0.143496,Nothing,seated
10.2244,635,-1.57113,-0.287402,-10.1549,0.0,0.0,0.0,0.0,0.0,0.0,0.0,-8.96484,40.0007,0.0129973,0.143496,Nothing,seated
10.2423,636,-1.54239,-0.287402,-10.2411,0.0,0.0,0.0,0.0,0.0,0.0,0.0,-8.4375,36.1235,0.0129973,0.143496,Nothing,seated
10.2593,637,-1.56155,-0.249082,-10.3082,0.0,0.0,0.0,0.0,0.0,0.0,0.0,-7.55859,39.8824,0.0129973,0.143496,Nothing,seated
10.2783,638,-1.59987,-0.277822,-10.3369,0.0,0.0,0.0,0.0,0.0,0.0,0.0,-7.03125,38.4093,0.0129973,0.143496,Nothing,seated
10.2934,639,-1.59987,-0.277822,-10.4231,0.0,0.0,0.0,0.0,0.0,0.0,0.0,-5.97656,43.3879,0.0129973,0.143496,Nothing,seated
10.3193,640,-1.64777,-0.249082,-10.4519,0.0,0.0,0.0,0.0,0.0,0.0,0.0,-4.92188,42.6197,0.0129973,0.143496,Nothing,seated
10.3444,641,-1.61903,-0.239502,-10.4519,0.0,0.0,0.0,0.0,0.0,0.0,0.0,-4.21875,41.3557,0.0129973,0.143496,Nothing,seated
10.3603,642,-1.65735,-0.258662,-10.5285,0.0,0.0,0.0,0.0,0.0,0.0,0.0,-3.51562,40.04,0.0129973,0.143496,Nothing,seated
10.3763,643,-1.64777,-0.287402,-10.5477,0.0,0.0,0.0,0.0,0.0,0.0,0.0,-2.98828,41.2581,0.0129973,0.143496,Nothing,seated
10.3905,644,-1.64777,-0.287402,-10.5477,0.0,0.0,0.0,0.0,0.0,0.0,0.0,-2.28516,38.0322,0.0129973,0.143496,Nothing,seated
10.4043,645,-1.62861,-0.258662,-10.5477,0.0,0.0,0.0,0.0,0.0,0.0,0.0,-1.58203,39.2809,0.0129973,0.143496,Nothing,seated
10.4213,646,-1.66693,-0.258662,-10.586,0.0,0.0,0.0,0.0,0.0,0.0,0.0,-0.878906,43.4069,0.0129973,0.143496,Nothing,seated
10.4404,647,-1.67651,-0.287402,-10.5764,0.0,0.0,0.0,0.0,0.0,0.0,0.0,-0.175781,41.6725,0.0129973,0.143496,Nothing,seated
10.4563,648,-1.63819,-0.239502,-10.6243,0.0,0.0,0.0,0.0,0.0,0.0,0.0,0.527344,43.9287,0.0129973,0.143496,Nothing,seated
10.4708,649,-1.63819,-0.239502,-10.5477,0.0,0.0,0.0,0.0,0.0,0.0,0.0,1.23047,43.7911,0.0129973,0.143496,Nothing,seated
10.5635,650,-1.62861,-0.277822,-10.5093,0.0,0.0,0.0,0.0,0.0,0.0,0.0,5.27344,43.0826,0.0129973,0.143496,IncreaseAccelerometer,seated
10.6391,651,-1.61903,-0.287402,-10.3177,0.0,0.0,0.0,0.0,0.0,0.0,0.0,8.08594,41.1569,0.0129973,0.143496,IncreaseAccelerometer,seated
10.7122,652,-1.55197,-0.287402,-10.0878,0.0,0.0,0.0,0.0,0.0,0.0,0.0,10.8984,40.7491,0.0129973,0.143496,IncreaseAccelerometer,seated
10.7871,653,-1.55197,-0.287402,-9.8579,0.0,0.0,0.0,0.0,0.0,0.0,0.0,13.1836,38.2687,0.0129973,0.143496,IncreaseAccelerometer,seated
10.8611,654,-1.48491,-0.306563,-9.63756,0.0,0.0,0.0,0.0,0.0,0.0,0.0,14.9414,35.1254,0.0129973,0.143496,IncreaseAccelerometer,seated
10.9352,655,-1.41785,-0.287402,-9.40764,0.0,0.0,0.0,0.0,0.0,0.0,0.0,16.3477,29.7896,0.0129973,0.143496,IncreaseAccelerometer,seated
11.0151,656,-1.43701,-0.277822,-9.18729,0.0,0.0,0.0,0.0,0.0,0.0,0.0,17.0508,23.8411,0.0129973,0.143496,IncreaseAccelerometer,seated
11.0891,657,-1.36037,-0.277822,-9.14898,0.0,0.0,0.0,0.0,0.0,0.0,0.0,17.2266,16.7913,0.0129973,0.143496,IncreaseAccelerometer,seated
11.1622,658,-1.37953,-0.287402,-9.17772,0.0,0.0,0.0,0.0,0.0,0.0,0.0,16.875,9.84047,0.0129973,0.143496,IncreaseAccelerometer,seated
11.239,659,-1.39869,-0.249082,-9.27352,0.0,0.0,0.0,0.0,0.0,0.0,0.0,15.8203,2.32551,0.0129973,0.143496,IncreaseAccelerometer,seated
11.3151,660,-1.42743,-0.296982,-9.48428,0.0,0.0,0.0,0.0,0.0,0.0,0.0,14.4141,-5.08985,0.0129973,0.143496,IncreaseAccelerometer,seated
11.3881,661,-1.47533,-0.277822,-9.68546,0.0,0.0,0.0,0.0,0.0,0.0,0.0,12.3047,-12.7275,0.0129973,0.143496,IncreaseAccelerometer,seated
11.4611,662,-1.51365,-0.258662,-9.96328,0.0,0.0,0.0,0.0,0.0,0.0,0.0,9.84375,-19.8468,0.0129973,0.143496,IncreaseAccelerometer,seated
11.5393,663,-1.52323,-0.325723,-10.2411,0.0,0.0,0.0,0.0,0.0,0.0,0.0,6.85547,-26.5701,0.0129973,0.143496,IncreaseAccelerometer,seated
11.614,664,-1.59029,-0.306563,-10.4519,0.0,0.0,0.0,0.0,0.0,0.0,0.0,3.86719,-31.8754,0.0129973,0.143496,IncreaseAccelerometer,seated
11.6881,665,-1.57113,-0.268242,-10.5285,0.0,0.0,0.0,0.0,0.0,0.0,0.0,0.878906,-36.2891,0.0129973,0.143496,IncreaseAccelerometer,seated
11.7611,666,-1.62861,-0.296982,-10.5572,0.0,0.0,0.0,0.0,0.0,0.0,0.0,-2.28516,-39.1085,0.0129973,0.143496,IncreaseAccelerometer,seated
11.8349,667,-1.60945,-0.277822,-10.586,0.0,0.0,0.0,0.0,0.0,0.0,0.0,-5.44922,-40.9076,0.0129973,0.143496,IncreaseAccelerometer,seated
11.908,668,-1.60945,-0.258662,-10.3752,0.0,0.0,0.0,0.0,0.0,0.0,0.0,-8.61328,-41.9559,0.0129973,0.143496,IncreaseAccelerometer,seated
11.986,669,-1.55197,-0.277822,-10.2603,0.0,0.0,0.0,0.0,0.0,0.0,0.0,-11.25,-40.6466,0.0129973,0.143496,IncreaseAccelerometer,seated
12.0618,670,-1.47533,-0.296982,-9.98244,0.0,0.0,0.0,0.0,0.0,0.0,0.0,-13.5352,-38.5671,0.0129973,0.143496,IncreaseAccelerometer,seated
12.1362,671,-1.43701,-0.296982,-9.75252,0.0,0.0,0.0,0.0,0.0,0.0,0.0,-15.293,-34.6831,0.0129973,0.143496,IncreaseAccelerometer,seated
12.2092,672,-1.40827,-0.277822,-9.55134,0.0,0.0,0.0,0.0,0.0,0.0,0.0,-16.6992,-30.057,0.0129973,0.143496,IncreaseAccelerometer,seated
12.2831,673,-1.36037,-0.306563,-9.39806,0.0,0.0,0.0,0.0,0.0,0.0,0.0,-17.5781,-23.8988,0.0129973,0.143496,IncreaseAccelerometer,seated
12.359,674,-1.36037,-0.316143,-9.32142,0.0,0.0,0.0,0.0,0.0,0.0,0.0,-17.7539,-17.4359,0.0129973,0.143496,IncreaseAccelerometer,seated
12.4321,675,-1.34121,-0.325723,-9.331,0.0,0.0,0.0,0.0,0.0,0.0,0.0,-17.4023,-10.444,0.0129973,0.143496,IncreaseAccelerometer,seated
12.5052,676,-1.39869,-0.325723,-9.39806,0.0,0.0,0.0,0.0,0.0,0.0,0.0,-16.6992,-3.81021,0.0129973,0.143496,IncreaseAccelerometer,seated
12.578,677,-1.42743,-0.296982,-9.56092,0.0,0.0,0.0,0.0,0.0,0.0,0.0,-15.1172,4.28958,0.0129973,0.143496,IncreaseAccelerometer,seated
12.6819,678,-1.51365,-0.287402,-9.84832,0.0,0.0,0.0,0.0,0.0,0.0,0.0,-12.3047,13.2218,0.0129973,0.143496,IncreaseAccelerometer,seated
12.7849,679,-1.57113,-0.325723,-10.1261,0.0,0.0,0.0,0.0,0.0,0.0,0.0,-8.78906,21.0456,0.0129973,0.143496,IncreaseAccelerometer,seated
12.8858,680,-1.60945,-0.277822,-10.4135,0.0,0.0,0.0,0.0,0.0,0.0,0.0,-4.92188,27.5053,0.0129973,0.143496,IncreaseAccelerometer,seated
12.987,681,-1.64777,-0.258662,-10.5285,0.0,0.0,0.0,0.0,0.0,0.0,0.0,-0.527344,33.5652,0.0129973,0.143496,IncreaseAccelerometer,seated
13.0891,682,-1.64777,-0.287402,-10.4998,0.0,0.0,0.0,0.0,0.0,0.0,0.0,3.86719,37.147,0.0129973,0.143496,IncreaseAccelerometer,seated
13.1921,683,-1.59987,-0.277822,-10.3465,0.0,0.0,0.0,0.0,0.0,0.0,0.0,7.73438,39.2818,0.0129973,0.143496,IncreaseAccelerometer,seated
13.2931,684,-1.56155,-0.287402,-10.0591,0.0,0.0,0.0,0.0,0.0,0.0,0.0,11.4258,39.7814,0.0129973,0.143496,IncreaseAccelerometer,seated
13.3979,685,-1.50407,-0.287402,-9.60882,0.0,0.0,0.0,0.0,0.0,0.0,0.0,14.2383,37.4185,0.0129973,0.143496,IncreaseAccelerometer,seated
13.499,686,-1.38911,-0.306563,-9.35016,0.0,0.0,0.0,0.0,0.0,0.0,0.0,15.9961,32.2759,0.0129973,0.143496,IncreaseAccelerometer,seated
13.6011,687,-1.41785,-0.277822,-9.2352,0.0,0.0,0.0,0.0,0.0,0.0,0.0,16.875,25.4017,0.0129973,0.143496,IncreaseAccelerometer,seated
13.7024,688,-1.39869,-0.249082,-9.19688,0.0,0.0,0.0,0.0,0.0,0.0,0.0,16.6992,17.568,0.0129973,0.143496,IncreaseAccelerometer,seated
13.8052,689,-1.39869,-0.258662,-9.2831,0.0,0.0,0.0,0.0,0.0,0.0,0.0,15.293,7.55116,0.0129973,0.143496,IncreaseAccelerometer,seated
13.9068,690,-1.44659,-0.287402,-9.58966,0.0,0.0,0.0,0.0,0.0,0.0,0.0,13.0078,-2.41798,0.0129973,0.143496,IncreaseAccelerometer,seated
14.0102,691,-1.47533,-0.258662,-9.8579,0.0,0.0,0.0,0.0,0.0,0.0,0.0,10.0195,-11.6915,0.0129973,0.143496,IncreaseAccelerometer,seated
14.1101,692,-1.52323,-0.296982,-10.2028,0.0,0.0,0.0,0.0,0.0,0.0,0.0,6.15234,-21.0658,0.0129973,0.143496,IncreaseAccelerometer,seated
14.215,693,-1.60945,-0.249082,-10.5093,0.0,0.0,0.0,0.0,0.0,0.0,0.0,1.75781,-29.1428,0.0129973,0.143496,IncreaseAccelerometer,seated
14.3209,694,-1.60945,-0.296982,-10.5093,0.0,0.0,0.0,0.0,0.0,0.0,0.0,-2.46094,-34.4254,0.0129973,0.143496,IncreaseAccelerometer,seated
14.422,695,-1.56155,-0.296982,-10.4327,0.0,0.0,0.0,0.0,0.0,0.0,0.0,-6.67969,-38.2089,0.0129973,0.143496,IncreaseAccelerometer,seated
14.5261,696,-1.53281,-0.277822,-10.2028,0.0,0.0,0.0,0.0,0.0,0.0,0.0,-10.3711,-39.5209,0.0129973,0.143496,IncreaseAccelerometer,seated
14.627,697,-1.47533,-0.268242,-9.92496,0.0,0.0,0.0,0.0,0.0,0.0,0.0,-13.7109,-38.4283,0.0129973,0.143496,IncreaseAccelerometer,seated
14.74,698,-1.40827,-0.296982,-9.58008,0.0,0.0,0.0,0.0,0.0,0.0,0.0,-15.9961,-33.8222,0.0129973,0.143496,IncreaseAccelerometer,seated
14.843,699,-1.39869,-0.287402,-9.39806,0.0,0.0,0.0,0.0,0.0,0.0,0.0,-17.2266,-28.2862,0.0129973,0.143496,IncreaseAccelerometer,seated
14.9449,700,-1.35079,-0.287402,-9.31184,0.0,0.0,0.0,0.0,0.0,0.0,0.0,-17.4023,-20.5063,0.0129973,0.143496,IncreaseAccelerometer,seated
15.0449,701,-1.36037,-0.306563,-9.40764,0.0,0.0,0.0,0.0,0.0,0.0,0.0,-16.3477,-11.5201,0.0129973,0.143496,IncreaseAccelerometer,seated
15.1491,702,-1.41785,-0.268242,-9.5705,0.0,0.0,0.0,0.0,0.0,0.0,0.0,-14.5898,-1.68349,0.0129973,0.143496,IncreaseAccelerometer,seated
15.252,703,-1.49449,-0.277822,-9.89622,0.0,0.0,0.0,0.0,0.0,0.0,0.0,-11.7773,8.23925,0.0129973,0.143496,IncreaseAccelerometer,seated
15.3532,704,-1.55197,-0.258662,-10.1932,0.0,0.0,0.0,0.0,0.0,0.0,0.0,-8.26172,17.5705,0.0129973,0.143496,IncreaseAccelerometer,seated
15.4561,705,-1.57113,-0.239502,-10.3848,0.0,0.0,0.0,0.0,0.0,0.0,0.0,-4.04297,26.1329,0.0129973,0.143496,IncreaseAccelerometer,seated
15.5622,706,-1.65735,-0.249082,-10.4998,0.0,0.0,0.0,0.0,0.0,0.0,0.0,0.175781,31.9422,0.0129973,0.143496,IncreaseAccelerometer,seated
15.6641,707,-1.63819,-0.306563,-10.4135,0.0,0.0,0.0,0.0,0.0,0.0,0.0,4.39453,36.8666,0.0129973,0.143496,IncreaseAccelerometer,seated
15.7651,708,-1.59987,-0.296982,-10.2315,0.0,0.0,0.0,0.0,0.0,0.0,0.0,8.26172,39.0517,0.0129973,0.143496,IncreaseAccelerometer,seated
15.8712,709,-1.58071,-0.306563,-9.88664,0.0,0.0,0.0,0.0,0.0,0.0,0.0,12.1289,39.3649,0.0129973,0.143496,IncreaseAccelerometer,seated
15.9859,710,-1.50407,-0.316143,-9.58966,0.0,0.0,0.0,0.0,0.0,0.0,0.0,14.5898,35.1688,0.0129973,0.143496,IncreaseAccelerometer,seated
16.0891,711,-1.39869,-0.306563,-9.29268,0.0,0.0,0.0,0.0,0.0,0.0,0.0,15.9961,30.0229,0.0129973,0.143496,IncreaseAccelerometer,seated
16.1891,712,-1.41785,-0.277822,-9.19688,0.0,0.0,0.0,0.0,0.0,0.0,0.0,16.5234,23.1005,0.0129973,0.143496,IncreaseAccelerometer,seated
16.2889,713,-1.41785,-0.268242,-9.24478,0.0,0.0,0.0,0.0,0.0,0.0,0.0,15.9961,14.7677,0.0129973,0.143496,IncreaseAccelerometer,seated
16.3891,714,-1.43701,-0.287402,-9.40764,0.0,0.0,0.0,0.0,0.0,0.0,0.0,14.5898,4.75143,0.0129973,0.143496,IncreaseAccelerometer,seated
16.4889,715,-1.38911,-0.287402,-9.62798,0.0,0.0,0.0,0.0,0.0,0.0,0.0,12.1289,-4.89311,0.0129973,0.143496,IncreaseAccelerometer,seated
16.5902,716,-1.45617,-0.335303,-9.96328,0.0,0.0,0.0,0.0,0.0,0.0,0.0,8.96484,-14.032,0.0129973,0.143496,IncreaseAccelerometer,seated
16.6913,717,-1.57113,-0.296982,-10.2507,0.0,0.0,0.0,0.0,0.0,0.0,0.0,5.09766,-22.7532,0.0129973,0.143496,IncreaseAccelerometer,seated
16.7969,718,-1.59987,-0.287402,-10.4519,0.0,0.0,0.0,0.0,0.0,0.0,0.0,1.05469,-29.4132,0.0129973,0.143496,IncreaseAccelerometer,seated
16.897,719,-1.59029,-0.258662,-10.5093,0.0,0.0,0.0,0.0,0.0,0.0,0.0,-3.16406,-34.9532,0.0129973,0.143496,IncreaseAccelerometer,seated
16.9982,720,-1.56155,-0.277822,-10.4327,0.0,0.0,0.0,0.0,0.0,0.0,0.0,-7.20703,-37.9629,0.0129973,0.143496,IncreaseAccelerometer,seated
17.101,721,-1.51365,-0.258662,-10.2028,0.0,0.0,0.0,0.0,0.0,0.0,0.0,-10.7227,-38.543,0.0129973,0.143496,IncreaseAccelerometer,seated
17.201,722,-1.43701,-0.277822,-9.89622,0.0,0.0,0.0,0.0,0.0,0.0,0.0,-13.7109,-36.8959,0.0129973,0.143496,IncreaseAccelerometer,seated
17.3039,723,-1.38911,-0.249082,-9.60882,0.0,0.0,0.0,0.0,0.0,0.0,0.0,-15.6445,-32.9319,0.0129973,0.143496,IncreaseAccelerometer,seated
17.405,724,-1.35079,-0.306563,-9.4268,0.0,0.0,0.0,0.0,0.0,0.0,0.0,-16.875,-26.9915,0.0129973,0.143496,IncreaseAccelerometer,seated
17.5072,725,-1.38911,-0.316143,-9.35974,0.0,0.0,0.0,0.0,0.0,0.0,0.0,-16.875,-18.994,0.0129973,0.143496,IncreaseAccelerometer,seated
17.61,726,-1.37953,-0.325723,-9.38848,0.0,0.0,0.0,0.0,0.0,0.0,0.0,-15.9961,-10.3617,0.0129973,0.143496,IncreaseAccelerometer,seated
17.7113,727,-1.44659,-0.296982,-9.60882,0.0,0.0,0.0,0.0,0.0,0.0,0.0,-14.0625,-0.689011,0.0129973,0.143496,IncreaseAccelerometer,seated
17.8133,728,-1.49449,-0.287402,-9.94412,0.0,0.0,0.0,0.0,0.0,0.0,0.0,-11.25,8.6279,0.0129973,0.143496,IncreaseAccelerometer,seated
17.9151,729,-1.57113,-0.268242,-10.1166,0.0,0.0,0.0,0.0,0.0,0.0,0.0,-7.91016,17.576,0.0129973,0.143496,IncreaseAccelerometer,seated
18.0162,730,-1.59987,-0.258662,-10.3752,0.0,0.0,0.0,0.0,0.0,0.0,0.0,-4.04297,25.2132,0.0129973,0.143496,IncreaseAccelerometer,seated
18.1181,731,-1.63819,-0.258662,-10.4614,0.0,0.0,0.0,0.0,0.0,0.0,0.0,0.175781,31.8235,0.0129973,0.143496,IncreaseAccelerometer,seated
18.219,732,-1.62861,-0.268242,-10.404,0.0,0.0,0.0,0.0,0.0,0.0,0.0,4.04297,35.6592,0.0129973,0.143496,IncreaseAccelerometer,seated
18.3191,733,-1.59029,-0.287402,-10.2219,0.0,0.0,0.0,0.0,0.0,0.0,0.0,7.91016,37.8831,0.0129973,0.143496,IncreaseAccelerometer,seated
18.4189,734,-1.53281,-0.258662,-9.97286,0.0,0.0,0.0,0.0,0.0,0.0,0.0,11.0742,37.6836,0.0129973,0.143496,IncreaseAccelerometer,seated
18.5209,735,-1.47533,-0.287402,-9.67588,0.0,0.0,0.0,0.0,0.0,0.0,0.0,13.7109,35.1721,0.0129973,0.143496,IncreaseAccelerometer,seated
18.622,736,-1.39869,-0.306563,-9.38848,0.0,0.0,0.0,0.0,0.0,0.0,0.0,15.293,30.0015,0.0129973,0.143496,IncreaseAccelerometer,seated
18.722,737,-1.36037,-0.287402,-9.26394,0.0,0.0,0.0,0.0,0.0,0.0,0.0,15.9961,23.764,0.0129973,0.143496,IncreaseAccelerometer,seated
18.8223,738,-1.35079,-0.249082,-9.2352,0.0,0.0,0.0,0.0,0.0,0.0,0.0,15.8203,15.7169,0.0129973,0.143496,IncreaseAccelerometer,seated
18.9244,739,-1.36995,-0.277822,-9.34058,0.0,0.0,0.0,0.0,0.0,0.0,0.0,14.5898,6.95407,0.0129973,0.143496,IncreaseAccelerometer,seated
19.0261,740,-1.42743,-0.287402,-9.55134,0.0,0.0,0.0,0.0,0.0,0.0,0.0,12.3047,-2.78383,0.0129973,0.143496,IncreaseAccelerometer,seated
19.1289,741,-1.49449,-0.277822,-9.91538,0.0,0.0,0.0,0.0,0.0,0.0,0.0,9.31641,-11.791,0.0129973,0.143496,IncreaseAccelerometer,seated
19.2311,742,-1.55197,-0.296982,-10.2698,0.0,0.0,0.0,0.0,0.0,0.0,0.0,5.44922,-20.7172,0.0129973,0.143496,IncreaseAccelerometer,seated
19.3372,743,-1.59029,-0.296982,-10.3752,0.0,0.0,0.0,0.0,0.0,0.0,0.0,1.58203,-27.6534,0.0129973,0.143496,IncreaseAccelerometer,seated
19.4372,744,-1.60945,-0.249082,-10.4806,0.0,0.0,0.0,0.0,0.0,0.0,0.0,-2.46094,-33.2491,0.0129973,0.143496,IncreaseAccelerometer,seated
19.5382,745,-1.58071,-0.277822,-10.3848,0.0,0.0,0.0,0.0,0.0,0.0,0.0,-6.50391,-36.7279,0.0129973,0.143496,IncreaseAccelerometer,seated
19.6451,746,-1.50407,-0.287402,-10.1836,0.0,0.0,0.0,0.0,0.0,0.0,0.0,-10.1953,-37.7997,0.0129973,0.143496,IncreaseAccelerometer,seated
19.7471,747,-1.49449,-0.239502,-9.9058,0.0,0.0,0.0,0.0,0.0,0.0,0.0,-13.0078,-35.7716,0.0129973,0.143496,IncreaseAccelerometer,seated
19.8483,748,-1.45617,-0.277822,-9.6663,0.0,0.0,0.0,0.0,0.0,0.0,0.0,-15.1172,-32.6764,0.0129973,0.143496,IncreaseAccelerometer,seated
19.949,749,-1.38911,-0.296982,-9.46512,0.0,0.0,0.0,0.0,0.0,0.0,0.0,-16.3477,-27.1356,0.0129973,0.143496,IncreaseAccelerometer,seated
20.0509,750,-1.37953,-0.296982,-9.35016,0.0,0.0,0.0,0.0,0.0,0.0,0.0,-16.5234,-19.5419,0.0129973,0.143496,IncreaseAccelerometer,seated
20.1513,751,-1.36995,-0.325723,-9.38848,0.0,0.0,0.0,0.0,0.0,0.0,0.0,-15.8203,-11.1122,0.0129973,0.143496,IncreaseAccelerometer,seated
20.2523,752,-1.45617,-0.287402,-9.6184,0.0,0.0,0.0,0.0,0.0,0.0,0.0,-14.0625,-2.08767,0.0129973,0.143496,IncreaseAccelerometer,seated
20.3593,753,-1.42743,-0.287402,-9.84832,0.0,0.0,0.0,0.0,0.0,0.0,0.0,-11.4258,7.22321,0.0129973,0.143496,IncreaseAccelerometer,seated
20.4601,754,-1.52323,-0.258662,-10.1166,0.0,0.0,0.0,0.0,0.0,0.0,0.0,-8.08594,16.1622,0.0129973,0.143496,IncreaseAccelerometer,seated
20.5622,755,-1.59987,-0.277822,-10.3465,0.0,0.0,0.0,0.0,0.0,0.0,0.0,-4.21875,24.066,0.0129973,0.143496,IncreaseAccelerometer,seated
20.6651,756,-1.59987,-0.306563,-10.4614,0.0,0.0,0.0,0.0,0.0,0.0,0.0,-0.175781,30.4482,0.0129973,0.143496,IncreaseAccelerometer,seated
20.7662,757,-1.66693,-0.277822,-10.3944,0.0,0.0,0.0,0.0,0.0,0.0,0.0,3.69141,34.5467,0.0129973,0.143496,IncreaseAccelerometer,seated
20.8673,758,-1.57113,-0.277822,-10.1932,0.0,0.0,0.0,0.0,0.0,0.0,0.0,7.55859,37.3723,0.0129973,0.143496,IncreaseAccelerometer,seated
20.9721,759,-1.55197,-0.296982,-9.93454,0.0,0.0,0.0,0.0,0.0,0.0,0.0,10.7227,36.7379,0.0129973,0.143496,IncreaseAccelerometer,seated
21.0729,760,-1.46575,-0.287402,-9.69504,0.0,0.0,0.0,0.0,0.0,0.0,0.0,13.3594,34.4179,0.0129973,0.143496,IncreaseAccelerometer,seated
21.1741,761,-1.46575,-0.296982,-9.34058,0.0,0.0,0.0,0.0,0.0,0.0,0.0,15.1172,30.0412,0.0129973,0.143496,IncreaseAccelerometer,seated
21.2821,762,-1.39869,-0.296982,-9.2352,0.0,0.0,0.0,0.0,0.0,0.0,0.0,15.6445,23.1704,0.0129973,0.143496,IncreaseAccelerometer,seated
21.3836,763,-1.41785,-0.296982,-9.25436,0.0,0.0,0.0,0.0,0.0,0.0,0.0,15.4688,15.3215,0.0129973,0.143496,IncreaseAccelerometer,seated
21.4848,764,-1.36037,-0.296982,-9.3789,0.0,0.0,0.0,0.0,0.0,0.0,0.0,14.2383,6.85732,0.0129973,0.143496,IncreaseAccelerometer,seated
21.5859,765,-1.40827,-0.306563,-9.58966,0.0,0.0,0.0,0.0,0.0,0.0,0.0,11.9531,-2.74156,0.0129973,0.143496,IncreaseAccelerometer,seated
21.6878,766,-1.51365,-0.258662,-9.89622,0.0,0.0,0.0,0.0,0.0,0.0,0.0,8.96484,-11.9766,0.0129973,0.143496,IncreaseAccelerometer,seated
21.7897,767,-1.52323,-0.258662,-10.1645,0.0,0.0,0.0,0.0,0.0,0.0,0.0,5.27344,-20.4298,0.0129973,0.143496,IncreaseAccelerometer,seated
21.8978,768,-1.59029,-0.316143,-10.3656,0.0,0.0,0.0,0.0,0.0,0.0,0.0,1.40625,-27.3487,0.0129973,0.143496,IncreaseAccelerometer,seated
21.9978,769,-1.60945,-0.258662,-10.4135,0.0,0.0,0.0,0.0,0.0,0.0,0.0,-2.63672,-32.8958,0.0129973,0.143496,IncreaseAccelerometer,seated
22.0977,770,-1.53281,-0.258662,-10.3561,0.0,0.0,0.0,0.0,0.0,0.0,0.0,-7.20703,-37.4342,0.0129973,0.143496,IncreaseAccelerometer,seated
22.2187,771,-1.53281,-0.296982,-10.0399,0.0,0.0,0.0,0.0,0.0,0.0,0.0,-10.3711,-36.422,0.0129973,0.143496,IncreaseAccelerometer,seated
22.3206,772,-1.48491,-0.287402,-9.86748,0.0,0.0,0.0,0.0,0.0,0.0,0.0,-13.1836,-34.7632,0.0129973,0.143496,IncreaseAccelerometer,seated
22.4218,773,-1.43701,-0.277822,-9.59924,0.0,0.0,0.0,0.0,0.0,0.0,0.0,-15.1172,-31.5304,0.0129973,0.143496,IncreaseAccelerometer,seated
22.5256,774,-1.37953,-0.296982,-9.43638,0.0,0.0,0.0,0.0,0.0,0.0,0.0,-16.1719,-25.6434,0.0129973,0.143496,IncreaseAccelerometer,seated
22.6286,775,-1.36037,-0.316143,-9.39806,0.0,0.0,0.0,0.0,0.0,0.0,0.0,-16.1719,-16.8864,0.0129973,0.143496,IncreaseAccelerometer,seated
22.7308,776,-1.37953,-0.296982,-9.49386,0.0,0.0,0.0,0.0,0.0,0.0,0.0,-15.1172,-9.26819,0.0129973,0.143496,IncreaseAccelerometer,seated
22.8318,777,-1.42743,-0.268242,-9.62798,0.0,0.0,0.0,0.0,0.0,0.0,0.0,-13.1836,0.0,0.0129973,0.143496,IncreaseAccelerometer,seated
22.9327,778,-1.49449,-0.287402,-9.87706,0.0,0.0,0.0,0.0,0.0,0.0,0.0,-10.5469,8.94664,0.0129973,0.143496,IncreaseAccelerometer,seated
23.0336,779,-1.57113,-0.277822,-10.1261,0.0,0.0,0.0,0.0,0.0,0.0,0.0,-7.20703,17.648,0.0129973,0.143496,IncreaseAccelerometer,seated
23.1367,780,-1.57113,-0.296982,-10.3369,0.0,0.0,0.0,0.0,0.0,0.0,0.0,-3.51562,24.91,0.0129973,0.143496,IncreaseAccelerometer,seated
23.2366,781,-1.61903,-0.268242,-10.404,0.0,0.0,0.0,0.0,0.0,0.0,0.0,0.527344,30.9315,0.0129973,0.143496,IncreaseAccelerometer,seated
23.3414,782,-1.59987,-0.287402,-10.3561,0.0,0.0,0.0,0.0,0.0,0.0,0.0,4.39453,34.4942,0.0129973,0.143496,IncreaseAccelerometer,seated
23.4417,783,-1.59987,-0.296982,-10.174,0.0,0.0,0.0,0.0,0.0,0.0,0.0,7.91016,36.2575,0.0129973,0.143496,IncreaseAccelerometer,seated
23.5416,784,-1.50407,-0.296982,-9.86748,0.0,0.0,0.0,0.0,0.0,0.0,0.0,10.8984,35.6362,0.0129973,0.143496,IncreaseAccelerometer,seated
23.6418,785,-1.44659,-0.277822,-9.55134,0.0,0.0,0.0,0.0,0.0,0.0,0.0,13.1836,33.0626,0.0129973,0.143496,IncreaseAccelerometer,seated
23.7416,786,-1.42743,-0.287402,-9.38848,0.0,0.0,0.0,0.0,0.0,0.0,0.0,14.7656,28.1958,0.0129973,0.143496,IncreaseAccelerometer,seated
23.8417,787,-1.41785,-0.306563,-9.24478,0.0,0.0,0.0,0.0,0.0,0.0,0.0,15.293,21.7821,0.0129973,0.143496,IncreaseAccelerometer,seated
23.9447,788,-1.43701,-0.287402,-9.2831,0.0,0.0,0.0,0.0,0.0,0.0,0.0,14.7656,13.6283,0.0129973,0.143496,IncreaseAccelerometer,seated
24.0744,789,-1.43701,-0.277822,-9.43638,0.0,0.0,0.0,0.0,0.0,0.0,0.0,13.1836,4.28945,0.0129973,0.143496,IncreaseAccelerometer,seated
24.1757,790,-1.46575,-0.287402,-9.84832,0.0,0.0,0.0,0.0,0.0,0.0,0.0,9.66797,-6.58445,0.0129973,0.143496,IncreaseAccelerometer,seated
24.3146,791,-1.51365,-0.258662,-10.0782,0.0,0.0,0.0,0.0,0.0,0.0,0.0,6.32812,-14.7248,0.0129973,0.143496,IncreaseAccelerometer,seated
24.4156,792,-1.59029,-0.335303,-10.3082,0.0,0.0,0.0,0.0,0.0,0.0,0.0,2.8125,-21.7467,0.0129973,0.143496,IncreaseAccelerometer,seated
24.5148,793,-1.57113,-0.287402,-10.3848,0.0,0.0,0.0,0.0,0.0,0.0,0.0,-1.05469,-27.7512,0.0129973,0.143496,IncreaseAccelerometer,seated
24.6136,794,-1.56155,-0.258662,-10.3848,0.0,0.0,0.0,0.0,0.0,0.0,0.0,-4.74609,-33.2494,0.0129973,0.143496,IncreaseAccelerometer,seated
24.7128,795,-1.52323,-0.258662,-10.2507,0.0,0.0,0.0,0.0,0.0,0.0,0.0,-8.26172,-33.3791,0.0129973,0.143496,IncreaseAccelerometer,seated
24.8126,796,-1.47533,-0.296982,-9.99202,0.0,0.0,0.0,0.0,0.0,0.0,0.0,-11.25,-35.2993,0.0129973,0.143496,IncreaseAccelerometer,seated
24.9125,797,-1.43701,-0.287402,-9.79084,0.0,0.0,0.0,0.0,0.0,0.0,0.0,-13.7109,-33.2503,0.0129973,0.143496,IncreaseAccelerometer,seated
25.0135,798,-1.36995,-0.277822,-9.54176,0.0,0.0,0.0,0.0,0.0,0.0,0.0,-15.293,-28.5511,0.0129973,0.143496,IncreaseAccelerometer,seated
25.1138,799,-1.36995,-0.296982,-9.35016,0.0,0.0,0.0,0.0,0.0,0.0,0.0,-15.8203,-22.1434,0.0129973,0.143496,IncreaseAccelerometer,seated
25.2137,800,-1.37953,-0.325723,-9.38848,0.0,0.0,0.0,0.0,0.0,0.0,0.0,-15.6445,-14.7407,0.0129973,0.143496,IncreaseAccelerometer,seated
25.3136,801,-1.38911,-0.325723,-9.46512,0.0,0.0,0.0,0.0,0.0,0.0,0.0,-14.2383,-5.96449,0.0129973,0.143496,IncreaseAccelerometer,seated
25.4206,802,-1.45617,-0.325723,-9.6663,0.0,0.0,0.0,0.0,0.0,0.0,0.0,-12.1289,3.11404,0.0129973,0.143496,IncreaseAccelerometer,seated
25.5213,803,-1.49449,-0.268242,-9.98244,0.0,0.0,0.0,0.0,0.0,0.0,0.0,-9.31641,11.7689,0.0129973,0.143496,IncreaseAccelerometer,seated
25.6206,804,-1.56155,-0.287402,-10.2028,0.0,0.0,0.0,0.0,0.0,0.0,0.0,-5.80078,19.767,0.0129973,0.143496,IncreaseAccelerometer,seated
