9.91821e-05,0,-1.65735,-0.277822,-9.58966,0.0,0.0,0.0,0.0,0.0,0.0,0.0,0.527344,0.0,0.0129973,0.143496,None,seated
0.150265,1,-1.61903,-0.287402,-9.62798,0.0,0.0,0.0,0.0,0.0,0.0,0.0,0.527344,0.0,0.0129973,0.143496,Nothing,seated
0.300432,2,-1.60945,-0.287402,-9.6184,0.0,0.0,0.0,0.0,0.0,0.0,0.0,0.527344,0.0,0.0129973,0.143496,Nothing,seated
0.450598,3,-1.59987,-0.277822,-9.59924,0.0,0.0,0.0,0.0,0.0,0.0,0.0,0.527344,0.0,0.0129973,0.143496,Nothing,seated
0.600762,4,-1.59029,-0.287402,-9.6663,0.0,0.0,0.0,0.0,0.0,0.0,0.0,0.527344,0.0,0.0129973,0.143496,Nothing,seated
0.75093,5,-1.64777,-0.249082,-9.62798,0.0,0.0,0.0,0.0,0.0,0.0,0.0,0.527344,0.0,0.0129973,0.143496,Nothing,seated
0.901104,6,-1.62861,-0.287402,-9.60882,0.0,0.0,0.0,0.0,0.0,0.0,0.0,0.527344,0.0,0.0129973,0.143496,Nothing,seated
1.05127,7,-1.62861,-0.296982,-9.59924,0.0,0.0,0.0,0.0,0.0,0.0,0.0,0.527344,0.0,0.0129973,0.143496,Nothing,seated
1.20144,8,-1.65735,-0.258662,-9.6184,0.0,0.0,0.0,0.0,0.0,0.0,0.0,0.527344,0.0,0.0129973,0.143496,Nothing,seated
1.35151,9,-1.62861,-0.296982,-9.62798,0.0,0.0,0.0,0.0,0.0,0.0,0.0,0.527344,0.0,0.0129973,0.143496,Nothing,seated
1.50168,10,-1.60945,-0.277822,-9.65672,0.0,0.0,0.0,0.0,0.0,0.0,0.0,0.527344,0.0,0.0129973,0.143496,Nothing,seated
1.65185,11,-1.60945,-0.258662,-9.64714,0.0,0.0,0.0,0.0,0.0,0.0,0.0,0.527344,0.0,0.0129973,0.143496,Nothing,seated
1.80201,12,-1.60945,-0.258662,-9.64714,0.0,0.0,0.0,0.0,0.0,0.0,0.0,0.527344,0.0,0.0129973,0.143496,Nothing,seated
1.95217,13,-1.59987,-0.287402,-9.62798,0.0,0.0,0.0,0.0,0.0,0.0,0.0,0.527344,0.0,0.0129973,0.143496,Nothing,seated
2.10234,14,-1.59987,-0.268242,-9.62798,0.0,0.0,0.0,0.0,0.0,0.0,0.0,0.527344,0.0,0.0129973,0.143496,Nothing,seated
2.25251,15,-1.60945,-0.268242,-9.58966,0.0,0.0,0.0,0.0,0.0,0.0,0.0,0.527344,0.0,0.0129973,0.143496,Nothing,seated
2.40267,16,-1.61903,-0.306563,-9.62798,0.0,0.0,0.0,0.0,0.0,0.0,0.0,0.527344,0.0,0.0129973,0.143496,Nothing,seated
2.55283,17,-1.60945,-0.296982,-9.65672,0.0,0.0,0.0,0.0,0.0,0.0,0.0,0.527344,0.0,0.0129973,0.143496,Nothing,seated
2.703,18,-1.59029,-0.268242,-9.63756,0.0,0.0,0.0,0.0,0.0,0.0,0.0,0.527344,0.0,0.0129973,0.143496,Nothing,seated
2.85316,19,-1.65735,-0.268242,-9.64714,0.0,0.0,0.0,0.0,0.0,0.0,0.0,0.527344,0.0,0.0129973,0.143496,Nothing,seated
3.00333,20,-1.64777,-0.306563,-9.59924,0.0,0.0,0.0,0.0,0.0,0.0,0.0,0.527344,0.0,0.0129973,0.143496,Nothing,seated
3.1535,21,-1.60945,-0.287402,-9.60882,0.0,0.0,0.0,0.0,0.0,0.0,0.0,0.527344,0.0,0.0129973,0.143496,Nothing,seated
3.30365,22,-1.99266,-0.153281,-9.8579,0.0,0.0,0.0,0.0,0.0,0.0,0.0,0.527344,0.0,0.0129973,0.143496,Nothing,seated
3.45381,23,-1.07297,-0.344883,-9.70462,0.0,0.0,0.0,0.0,0.0,0.0,0.0,0.703125,0.234121,0.0129973,0.143496,Nothing,seated
3.60398,24,-0.881367,-0.239502,-9.8579,0.0,0.0,0.0,0.0,0.0,0.0,0.0,1.23047,0.936487,0.0129973,0.143496,Nothing,seated
3.75414,25,-0.296982,-0.277822,-9.94412,0.0,0.0,0.0,0.0,0.0,0.0,0.0,2.46094,2.57535,0.0129973,0.143496,Nothing,seated
3.90431,26,-0.105381,-0.411943,-10.0112,0.0,0.0,0.0,0.0,0.0,0.0,0.0,4.57031,5.38481,0.0129973,0.143496,Nothing,seated
4.05447,27,0.0383203,-0.191602,-10.0303,0.0,0.0,0.0,0.0,0.0,0.0,0.0,7.38281,9.13061,0.0129973,0.143496,Nothing,seated
4.20451,28,0.172441,-0.191602,-10.0782,0.0,0.0,0.0,0.0,0.0,0.0,0.0,10.5469,13.1127,0.0129973,0.143496,Nothing,seated
4.35468,29,0.622705,-0.220342,-10.0782,0.0,0.0,0.0,0.0,0.0,0.0,0.0,14.0625,17.0933,0.0129973,0.143496,Nothing,seated
4.50485,30,1.02507,-0.440684,-9.93454,0.0,0.0,0.0,0.0,0.0,0.0,0.0,17.4023,19.9031,0.0129973,0.143496,Nothing,seated
4.65502,31,1.41785,-0.450264,-9.84832,0.0,0.0,0.0,0.0,0.0,0.0,0.0,20.5664,21.308,0.0129973,0.143496,Nothing,seated
4.80518,32,0.0574805,-0.239502,-8.97653,0.0,0.0,0.0,0.0,0.0,0.0,0.0,23.0273,20.8397,0.0129973,0.143496,Nothing,seated
4.95535,33,-1.14961,-0.00958008,-8.71787,0.0,0.0,0.0,0.0,0.0,0.0,0.0,22.6758,16.1538,0.0129973,0.143496,Nothing,seated
5.10551,34,-1.10171,-0.287402,-9.27352,0.0,0.0,0.0,0.0,0.0,0.0,0.0,19.8633,7.72585,0.0129973,0.143496,Nothing,seated
5.25568,35,-1.60945,-0.459844,-10.0016,0.0,0.0,0.0,0.0,0.0,0.0,0.0,14.0625,-4.4482,0.0129973,0.143496,Nothing,seated
5.40584,36,-1.78189,-0.402363,-10.8159,0.0,0.0,0.0,0.0,0.0,0.0,0.0,6.67969,-18.4953,0.0129973,0.143496,Nothing,seated
5.556,37,-1.81063,-0.239502,-11.1608,0.0,0.0,0.0,0.0,0.0,0.0,0.0,-1.58203,-32.7769,0.0129973,0.143496,Nothing,seated
5.70617,38,-1.77231,-0.0287402,-10.8542,0.0,0.0,0.0,0.0,0.0,0.0,0.0,-9.49219,-42.8441,0.0129973,0.143496,Nothing,seated
5.85633,39,-1.63819,-0.210762,-10.1645,0.0,0.0,0.0,0.0,0.0,0.0,0.0,-15.8203,-47.5261,0.0129973,0.143496,Nothing,seated
6.0065,40,-1.43701,-0.325723,-9.43638,0.0,0.0,0.0,0.0,0.0,0.0,0.0,-20.3906,-45.8872,0.0129973,0.143496,Nothing,seated
6.15667,41,-1.36995,-0.450264,-9.01485,0.0,0.0,0.0,0.0,0.0,0.0,0.0,-21.7969,-37.9269,0.0129973,0.143496,Nothing,seated
6.30683,42,-1.42743,-0.421523,-9.12982,0.0,0.0,0.0,0.0,0.0,0.0,0.0,-20.3906,-25.0503,0.0129973,0.143496,Nothing,seated
6.457,43,-1.57113,-0.220342,-9.7142,0.0,0.0,0.0,0.0,0.0,0.0,0.0,-16.3477,-9.13052,0.0129973,0.143496,Nothing,seated
6.60716,44,-1.70525,-0.114961,-10.471,0.0,0.0,0.0,0.0,0.0,0.0,0.0,-9.84375,7.95991,0.0129973,0.143496,Nothing,seated
6.75733,45,-1.88728,-0.191602,-11.0363,0.0,0.0,0.0,0.0,0.0,0.0,0.0,-2.10938,24.3481,0.0129973,0.143496,Nothing,seated
6.9075,46,-1.88728,-0.364043,-10.9596,0.0,0.0,0.0,0.0,0.0,0.0,0.0,6.15234,37.2245,0.0129973,0.143496,Nothing,seated
7.05766,47,-1.77231,-0.373623,-10.471,0.0,0.0,0.0,0.0,0.0,0.0,0.0,13.5352,45.1845,0.0129973,0.143496,Nothing,seated
7.20782,48,-1.62861,-0.335303,-9.6663,0.0,0.0,0.0,0.0,0.0,0.0,0.0,19.1602,47.2915,0.0129973,0.143496,Nothing,seated
7.35799,49,-1.42743,-0.191602,-9.03401,0.0,0.0,0.0,0.0,0.0,0.0,0.0,22.1484,42.6095,0.0129973,0.143496,Nothing,seated
7.50815,50,-1.43701,-0.210762,-8.86157,0.0,0.0,0.0,0.0,0.0,0.0,0.0,22.3242,32.5425,0.0129973,0.143496,Nothing,seated
7.65832,51,-1.46575,-0.296982,-9.2352,0.0,0.0,0.0,0.0,0.0,0.0,0.0,19.6875,18.0271,0.0129973,0.143496,Nothing,seated
7.80849,52,-1.56155,-0.383203,-9.93454,0.0,0.0,0.0,0.0,0.0,0.0,0.0,14.4141,1.17058,0.0129973,0.143496,Nothing,seated
7.95865,53,-1.80105,-0.364043,-10.7009,0.0,0.0,0.0,0.0,0.0,0.0,0.0,7.03125,-16.154,0.0129973,0.143496,Nothing,seated
8.10882,54,-1.8298,-0.249082,-11.0171,0.0,0.0,0.0,0.0,0.0,0.0,0.0,-0.527344,-30.201,0.0129973,0.143496,Nothing,seated
8.25899,55,-1.79147,-0.201182,-10.8926,0.0,0.0,0.0,0.0,0.0,0.0,0.0,-8.26172,-40.7359,0.0129973,0.143496,Nothing,seated
8.40915,56,-1.64777,-0.201182,-10.2794,0.0,0.0,0.0,0.0,0.0,0.0,0.0,-14.9414,-46.1206,0.0129973,0.143496,Nothing,seated
8.55932,57,-1.51365,-0.287402,-9.4747,0.0,0.0,0.0,0.0,0.0,0.0,0.0,-19.3359,-44.9504,0.0129973,0.143496,Nothing,seated
8.7095,58,-1.37953,-0.373623,-9.07233,0.0,0.0,0.0,0.0,0.0,0.0,0.0,-21.2695,-37.6921,0.0129973,0.143496,Nothing,seated
8.85966,59,-1.38911,-0.364043,-9.15856,0.0,0.0,0.0,0.0,0.0,0.0,0.0,-20.2148,-26.2205,0.0129973,0.143496,Nothing,seated
9.00982,60,-1.53281,-0.306563,-9.60882,0.0,0.0,0.0,0.0,0.0,0.0,0.0,-16.3477,-10.7692,0.0129973,0.143496,Nothing,seated
9.15999,61,-1.66693,-0.201182,-10.3561,0.0,0.0,0.0,0.0,0.0,0.0,0.0,-10.1953,6.32105,0.0129973,0.143496,Nothing,seated
9.31015,62,-1.8298,-0.220342,-10.8638,0.0,0.0,0.0,0.0,0.0,0.0,0.0,-2.63672,22.241,0.0129973,0.143496,Nothing,seated
9.46031,63,-1.89686,-0.277822,-10.9788,0.0,0.0,0.0,0.0,0.0,0.0,0.0,5.09766,35.118,0.0129973,0.143496,Nothing,seated
9.61048,64,-1.76273,-0.344883,-10.5381,0.0,0.0,0.0,0.0,0.0,0.0,0.0,12.4805,43.5459,0.0129973,0.143496,Nothing,seated
9.76065,65,-1.59987,-0.316143,-9.69504,0.0,0.0,0.0,0.0,0.0,0.0,0.0,18.1055,45.8869,0.0129973,0.143496,Nothing,seated
9.91082,66,-1.45617,-0.249082,-9.04359,0.0,0.0,0.0,0.0,0.0,0.0,0.0,21.4453,42.1411,0.0129973,0.143496,Nothing,seated
10.061,67,-1.39869,-0.239502,-8.88073,0.0,0.0,0.0,0.0,0.0,0.0,0.0,21.7969,32.542,0.0129973,0.143496,Nothing,seated
10.2111,68,-1.47533,-0.258662,-9.13939,0.0,0.0,0.0,0.0,0.0,0.0,0.0,19.5117,19.1973,0.0129973,0.143496,Nothing,seated
10.3613,69,-1.55197,-0.296982,-9.89622,0.0,0.0,0.0,0.0,0.0,0.0,0.0,14.7656,3.04352,0.0129973,0.143496,Nothing,seated
10.5115,70,-1.72441,-0.316143,-10.5764,0.0,0.0,0.0,0.0,0.0,0.0,0.0,7.73438,-13.8127,0.0129973,0.143496,Nothing,seated
10.6616,71,-1.77231,-0.277822,-10.9692,0.0,0.0,0.0,0.0,0.0,0.0,0.0,0.351562,-28.0937,0.0129973,0.143496,Nothing,seated
10.8118,72,-1.75315,-0.201182,-10.7776,0.0,0.0,0.0,0.0,0.0,0.0,0.0,-7.38281,-38.8627,0.0129973,0.143496,Nothing,seated
10.962,73,-1.64777,-0.229922,-10.3082,0.0,0.0,0.0,0.0,0.0,0.0,0.0,-14.2383,-44.9497,0.0129973,0.143496,Nothing,seated
11.1121,74,-1.51365,-0.249082,-9.58008,0.0,0.0,0.0,0.0,0.0,0.0,0.0,-18.6328,-44.4817,0.0129973,0.143496,Nothing,seated
11.2623,75,-1.43701,-0.335303,-9.12023,0.0,0.0,0.0,0.0,0.0,0.0,0.0,-20.5664,-37.693,0.0129973,0.143496,Nothing,seated
11.4125,76,-1.42743,-0.364043,-9.12982,0.0,0.0,0.0,0.0,0.0,0.0,0.0,-19.8633,-26.9231,0.0129973,0.143496,Nothing,seated
11.5627,77,-1.54239,-0.296982,-9.62798,0.0,0.0,0.0,0.0,0.0,0.0,0.0,-16.3477,-11.9399,0.0129973,0.143496,Nothing,seated
11.7128,78,-1.72441,-0.220342,-10.2986,0.0,0.0,0.0,0.0,0.0,0.0,0.0,-10.7227,4.68229,0.0129973,0.143496,Nothing,seated
11.863,79,-1.8298,-0.229922,-10.768,0.0,0.0,0.0,0.0,0.0,0.0,0.0,-3.51562,20.1336,0.0129973,0.143496,Nothing,seated
12.0132,80,-1.8777,-0.268242,-10.8926,0.0,0.0,0.0,0.0,0.0,0.0,0.0,4.39453,33.2438,0.0129973,0.143496,Nothing,seated
12.1633,81,-1.80105,-0.296982,-10.5093,0.0,0.0,0.0,0.0,0.0,0.0,0.0,11.6016,41.9063,0.0129973,0.143496,Nothing,seated
12.3135,82,-1.60945,-0.316143,-9.84832,0.0,0.0,0.0,0.0,0.0,0.0,0.0,17.2266,44.7153,0.0129973,0.143496,Nothing,seated
12.4637,83,-1.48491,-0.316143,-9.13939,0.0,0.0,0.0,0.0,0.0,0.0,0.0,20.7422,41.9065,0.0129973,0.143496,Nothing,seated
12.6138,84,-1.45617,-0.239502,-8.92863,0.0,0.0,0.0,0.0,0.0,0.0,0.0,21.4453,33.2443,0.0129973,0.143496,Nothing,seated
12.764,85,-1.45617,-0.268242,-9.18729,0.0,0.0,0.0,0.0,0.0,0.0,0.0,19.3359,19.8997,0.0129973,0.143496,Nothing,seated
12.9142,86,-1.56155,-0.306563,-9.74294,0.0,0.0,0.0,0.0,0.0,0.0,0.0,14.7656,4.21408,0.0129973,0.143496,Nothing,seated
13.0643,87,-1.70525,-0.258662,-10.4614,0.0,0.0,0.0,0.0,0.0,0.0,0.0,8.4375,-11.7058,0.0129973,0.143496,Nothing,seated
13.2145,88,-1.80105,-0.325723,-10.883,0.0,0.0,0.0,0.0,0.0,0.0,0.0,0.703125,-26.6889,0.0129973,0.143496,Nothing,seated
13.3647,89,-1.74357,-0.249082,-10.8159,0.0,0.0,0.0,0.0,0.0,0.0,0.0,-6.67969,-37.4583,0.0129973,0.143496,Nothing,seated
13.5148,90,-1.62861,-0.210762,-10.2603,0.0,0.0,0.0,0.0,0.0,0.0,0.0,-13.0078,-43.0773,0.0129973,0.143496,Nothing,seated
13.665,91,-1.54239,-0.239502,-9.74294,0.0,0.0,0.0,0.0,0.0,0.0,0.0,-17.7539,-43.3109,0.0129973,0.143496,Nothing,seated
13.8152,92,-1.40827,-0.325723,-9.16813,0.0,0.0,0.0,0.0,0.0,0.0,0.0,-20.0391,-37.9263,0.0129973,0.143496,Nothing,seated
13.9653,93,-1.42743,-0.325723,-9.15856,0.0,0.0,0.0,0.0,0.0,0.0,0.0,-19.5117,-26.923,0.0129973,0.143496,Nothing,seated
14.1155,94,-1.54239,-0.316143,-9.5705,0.0,0.0,0.0,0.0,0.0,0.0,0.0,-16.3477,-12.8762,0.0129973,0.143496,Nothing,seated
14.2657,95,-1.66693,-0.249082,-10.1932,0.0,0.0,0.0,0.0,0.0,0.0,0.0,-10.7227,3.04344,0.0129973,0.143496,Nothing,seated
14.4158,96,-1.82021,-0.239502,-10.7201,0.0,0.0,0.0,0.0,0.0,0.0,0.0,-3.86719,18.4949,0.0129973,0.143496,Nothing,seated
14.566,97,-1.8298,-0.220342,-10.8638,0.0,0.0,0.0,0.0,0.0,0.0,0.0,3.69141,31.6053,0.0129973,0.143496,Nothing,seated
14.7162,98,-1.80105,-0.287402,-10.5093,0.0,0.0,0.0,0.0,0.0,0.0,0.0,10.5469,40.0338,0.0129973,0.143496,Nothing,seated
14.8663,99,-1.64777,-0.325723,-9.91538,0.0,0.0,0.0,0.0,0.0,0.0,0.0,16.3477,43.5456,0.0129973,0.143496,Nothing,seated
15.0165,100,-1.52323,-0.306563,-9.24478,0.0,0.0,0.0,0.0,0.0,0.0,0.0,20.0391,40.9702,0.0129973,0.143496,Nothing,seated
15.1667,101,-1.43701,-0.296982,-8.96695,0.0,0.0,0.0,0.0,0.0,0.0,0.0,20.918,33.0103,0.0129973,0.143496,Nothing,seated
15.3168,102,-1.49449,-0.239502,-9.13939,0.0,0.0,0.0,0.0,0.0,0.0,0.0,19.1602,20.6022,0.0129973,0.143496,Nothing,seated
15.467,103,-1.60945,-0.287402,-9.74294,0.0,0.0,0.0,0.0,0.0,0.0,0.0,14.7656,5.61879,0.0129973,0.143496,Nothing,seated
15.6172,104,-1.68609,-0.296982,-10.3465,0.0,0.0,0.0,0.0,0.0,0.0,0.0,8.78906,-10.067,0.0129973,0.143496,Nothing,seated
15.7677,105,-1.78189,-0.316143,-10.7776,0.0,0.0,0.0,0.0,0.0,0.0,0.0,1.40625,-24.8053,0.0129973,0.143496,Nothing,seated
15.9178,106,-1.76273,-0.277822,-10.768,0.0,0.0,0.0,0.0,0.0,0.0,0.0,-5.97656,-35.8036,0.0129973,0.143496,Nothing,seated
16.068,107,-1.68609,-0.220342,-10.3177,0.0,0.0,0.0,0.0,0.0,0.0,0.0,-12.3047,-41.8879,0.0129973,0.143496,Nothing,seated
16.2182,108,-1.57113,-0.239502,-9.63756,0.0,0.0,0.0,0.0,0.0,0.0,0.0,-17.0508,-42.3558,0.0129973,0.143496,Nothing,seated
16.3683,109,-1.43701,-0.306563,-9.18729,0.0,0.0,0.0,0.0,0.0,0.0,0.0,-19.3359,-37.4414,0.0129973,0.143496,Nothing,seated
16.5185,110,-1.41785,-0.344883,-9.18729,0.0,0.0,0.0,0.0,0.0,0.0,0.0,-19.1602,-27.3913,0.0129973,0.143496,Nothing,seated
16.6687,111,-1.50407,-0.296982,-9.48428,0.0,0.0,0.0,0.0,0.0,0.0,0.0,-16.1719,-13.5786,0.0129973,0.143496,Nothing,seated
16.8188,112,-1.64777,-0.277822,-10.1549,0.0,0.0,0.0,0.0,0.0,0.0,0.0,-10.8984,1.8729,0.0129973,0.143496,Nothing,seated
16.969,113,-1.77231,-0.229922,-10.6435,0.0,0.0,0.0,0.0,0.0,0.0,0.0,-4.39453,16.8561,0.0129973,0.143496,Nothing,seated
17.1192,114,-1.86812,-0.239502,-10.7776,0.0,0.0,0.0,0.0,0.0,0.0,0.0,2.98828,29.7325,0.0129973,0.143496,Nothing,seated
17.2693,115,-1.76273,-0.258662,-10.471,0.0,0.0,0.0,0.0,0.0,0.0,0.0,10.0195,38.8628,0.0129973,0.143496,Nothing,seated
17.4195,116,-1.68609,-0.344883,-9.80042,0.0,0.0,0.0,0.0,0.0,0.0,0.0,15.6445,42.3745,0.0129973,0.143496,Nothing,seated
17.5697,117,-1.53281,-0.296982,-9.34058,0.0,0.0,0.0,0.0,0.0,0.0,0.0,19.3359,40.2675,0.0129973,0.143496,Nothing,seated
17.7198,118,-1.44659,-0.287402,-8.95737,0.0,0.0,0.0,0.0,0.0,0.0,0.0,20.3906,33.0099,0.0129973,0.143496,Nothing,seated
17.87,119,-1.49449,-0.258662,-9.16813,0.0,0.0,0.0,0.0,0.0,0.0,0.0,18.457,20.6021,0.0129973,0.143496,Nothing,seated
18.0202,120,-1.55197,-0.220342,-9.70462,0.0,0.0,0.0,0.0,0.0,0.0,0.0,14.9414,6.55538,0.0129973,0.143496,Nothing,seated
18.1703,121,-1.66693,-0.306563,-10.3273,0.0,0.0,0.0,0.0,0.0,0.0,0.0,8.96484,-8.89654,0.0129973,0.143496,Nothing,seated
18.3205,122,-1.73399,-0.296982,-10.7776,0.0,0.0,0.0,0.0,0.0,0.0,0.0,1.93359,-23.1776,0.0129973,0.143496,Nothing,seated
18.4707,123,-1.78189,-0.239502,-10.7009,0.0,0.0,0.0,0.0,0.0,0.0,0.0,-6.15234,-35.3518,0.0129973,0.143496,Nothing,seated
18.6208,124,-1.67651,-0.258662,-10.3177,0.0,0.0,0.0,0.0,0.0,0.0,0.0,-11.6016,-40.0349,0.0129973,0.143496,Nothing,seated
18.771,125,-1.57113,-0.220342,-9.7621,0.0,0.0,0.0,0.0,0.0,0.0,0.0,-16.3477,-41.6727,0.0129973,0.143496,Nothing,seated
18.9211,126,-1.45617,-0.306563,-9.26394,0.0,0.0,0.0,0.0,0.0,0.0,0.0,-18.8086,-36.9909,0.0129973,0.143496,Nothing,seated
19.0713,127,-1.42743,-0.354463,-9.16813,0.0,0.0,0.0,0.0,0.0,0.0,0.0,-18.6328,-27.3921,0.0129973,0.143496,Nothing,seated
19.2215,128,-1.51365,-0.335303,-9.56092,0.0,0.0,0.0,0.0,0.0,0.0,0.0,-15.9961,-13.1107,0.0129973,0.143496,Nothing,seated
19.3717,129,-1.62861,-0.277822,-10.0495,0.0,0.0,0.0,0.0,0.0,0.0,0.0,-11.25,0.468225,0.0129973,0.143496,Nothing,seated
19.5218,130,-1.80105,-0.249082,-10.5668,0.0,0.0,0.0,0.0,0.0,0.0,0.0,-4.39453,15.9197,0.0129973,0.143496,Nothing,seated
19.672,131,-1.82021,-0.229922,-10.768,0.0,0.0,0.0,0.0,0.0,0.0,0.0,2.46094,28.3277,0.0129973,0.143496,Nothing,seated
19.8222,132,-1.81063,-0.325723,-10.4423,0.0,0.0,0.0,0.0,0.0,0.0,0.0,9.49219,37.4576,0.0129973,0.143496,Nothing,seated
19.9723,133,-1.66693,-0.344883,-9.91538,0.0,0.0,0.0,0.0,0.0,0.0,0.0,14.9414,41.2042,0.0129973,0.143496,Nothing,seated
20.1225,134,-1.52323,-0.258662,-9.2831,0.0,0.0,0.0,0.0,0.0,0.0,0.0,18.6328,39.799,0.0129973,0.143496,Nothing,seated
20.2727,135,-1.47533,-0.277822,-9.01485,0.0,0.0,0.0,0.0,0.0,0.0,0.0,19.8633,32.3074,0.0129973,0.143496,Nothing,seated
20.4228,136,-1.46575,-0.268242,-9.16813,0.0,0.0,0.0,0.0,0.0,0.0,0.0,18.6328,21.5382,0.0129973,0.143496,Nothing,seated
20.573,137,-1.51365,-0.268242,-9.58966,0.0,0.0,0.0,0.0,0.0,0.0,0.0,14.5898,6.78935,0.0129973,0.143496,Nothing,seated
20.7232,138,-1.66693,-0.316143,-10.1549,0.0,0.0,0.0,0.0,0.0,0.0,0.0,9.14062,-7.72582,0.0129973,0.143496,Nothing,seated
20.8733,139,-1.72441,-0.277822,-10.653,0.0,0.0,0.0,0.0,0.0,0.0,0.0,2.46094,-21.539,0.0129973,0.143496,Nothing,seated
21.0235,140,-1.75315,-0.306563,-10.6818,0.0,0.0,0.0,0.0,0.0,0.0,0.0,-4.57031,-32.5422,0.0129973,0.143496,Nothing,seated
21.1737,141,-1.65735,-0.229922,-10.2794,0.0,0.0,0.0,0.0,0.0,0.0,0.0,-10.8984,-39.3316,0.0129973,0.143496,Nothing,seated
21.3238,142,-1.55197,-0.249082,-9.84832,0.0,0.0,0.0,0.0,0.0,0.0,0.0,-15.6445,-40.2678,0.0129973,0.143496,Nothing,seated
21.474,143,-1.44659,-0.306563,-9.35016,0.0,0.0,0.0,0.0,0.0,0.0,0.0,-18.2812,-36.5215,0.0129973,0.143496,Nothing,seated
21.6242,144,-1.42743,-0.325723,-9.20646,0.0,0.0,0.0,0.0,0.0,0.0,0.0,-18.2812,-27.6253,0.0129973,0.143496,Nothing,seated
21.7743,145,-1.52323,-0.316143,-9.50344,0.0,0.0,0.0,0.0,0.0,0.0,0.0,-15.6445,-14.7491,0.0129973,0.143496,Nothing,seated
21.9245,146,-1.66693,-0.268242,-10.0016,0.0,0.0,0.0,0.0,0.0,0.0,0.0,-11.25,-0.468226,0.0129973,0.143496,Nothing,seated
22.0747,147,-1.73399,-0.258662,-10.5572,0.0,0.0,0.0,0.0,0.0,0.0,0.0,-4.39453,14.9833,0.0129973,0.143496,Nothing,seated
22.2248,148,-1.82021,-0.229922,-10.7201,0.0,0.0,0.0,0.0,0.0,0.0,0.0,1.93359,26.9236,0.0129973,0.143496,Nothing,seated
22.375,149,-1.75315,-0.277822,-10.471,0.0,0.0,0.0,0.0,0.0,0.0,0.0,8.61328,35.8201,0.0129973,0.143496,Nothing,seated
22.5251,150,-1.65735,-0.277822,-9.89622,0.0,0.0,0.0,0.0,0.0,0.0,0.0,14.5898,40.2728,0.0129973,0.143496,IncreaseAccelerometer,seated
22.6751,151,-1.54239,-0.296982,-9.35016,0.0,0.0,0.0,0.0,0.0,0.0,0.0,18.1055,39.1065,0.0129973,0.143496,IncreaseAccelerometer,seated
22.8252,152,-1.45617,-0.220342,-9.03401,0.0,0.0,0.0,0.0,0.0,0.0,0.0,19.3359,31.6165,0.0129973,0.143496,IncreaseAccelerometer,seated
22.9753,153,-1.47533,-0.249082,-9.18729,0.0,0.0,0.0,0.0,0.0,0.0,0.0,18.2812,21.782,0.0129973,0.143496,IncreaseAccelerometer,seated
23.1254,154,-1.52323,-0.249082,-9.51302,0.0,0.0,0.0,0.0,0.0,0.0,0.0,14.7656,8.1985,0.0129973,0.143496,IncreaseAccelerometer,seated
23.2755,155,-1.62861,-0.296982,-10.174,0.0,0.0,0.0,0.0,0.0,0.0,0.0,9.31641,-7.02726,0.0129973,0.143496,IncreaseAccelerometer,seated
23.4256,156,-1.73399,-0.306563,-10.5477,0.0,0.0,0.0,0.0,0.0,0.0,0.0,2.63672,-20.6134,0.0129973,0.143496,IncreaseAccelerometer,seated
23.5757,157,-1.75315,-0.287402,-10.6243,0.0,0.0,0.0,0.0,0.0,0.0,0.0,-4.04297,-31.1545,0.0129973,0.143496,IncreaseAccelerometer,seated
23.7257,158,-1.68609,-0.249082,-10.3082,0.0,0.0,0.0,0.0,0.0,0.0,0.0,-10.3711,-38.1825,0.0129973,0.143496,IncreaseAccelerometer,seated
23.8758,159,-1.57113,-0.249082,-9.75252,0.0,0.0,0.0,0.0,0.0,0.0,0.0,-15.1172,-39.8219,0.0129973,0.143496,IncreaseAccelerometer,seated
24.0259,160,-1.46575,-0.296982,-9.34058,0.0,0.0,0.0,0.0,0.0,0.0,0.0,-17.7539,-36.0742,0.0129973,0.143496,IncreaseAccelerometer,seated
24.176,161,-1.43701,-0.335303,-9.18729,0.0,0.0,0.0,0.0,0.0,0.0,0.0,-17.9297,-27.4069,0.0129973,0.143496,IncreaseAccelerometer,seated
24.3261,162,-1.50407,-0.296982,-9.4268,0.0,0.0,0.0,0.0,0.0,0.0,0.0,-15.6445,-15.4603,0.0129973,0.143496,IncreaseAccelerometer,seated
24.4761,163,-1.61903,-0.258662,-10.0016,0.0,0.0,0.0,0.0,0.0,0.0,0.0,-11.25,-1.17123,0.0129973,0.143496,IncreaseAccelerometer,seated
24.6262,164,-1.72441,-0.249082,-10.5093,0.0,0.0,0.0,0.0,0.0,0.0,0.0,-4.92188,13.5863,0.0129973,0.143496,IncreaseAccelerometer,seated
24.7763,165,-1.80105,-0.220342,-10.6243,0.0,0.0,0.0,0.0,0.0,0.0,0.0,1.58203,25.7672,0.0129973,0.143496,IncreaseAccelerometer,seated
24.9264,166,-1.77231,-0.277822,-10.5093,0.0,0.0,0.0,0.0,0.0,0.0,0.0,8.08594,34.6684,0.0129973,0.143496,IncreaseAccelerometer,seated
25.0765,167,-1.66693,-0.287402,-9.93454,0.0,0.0,0.0,0.0,0.0,0.0,0.0,13.7109,39.1188,0.0129973,0.143496,IncreaseAccelerometer,seated
25.2266,168,-1.55197,-0.306563,-9.43638,0.0,0.0,0.0,0.0,0.0,0.0,0.0,17.4023,38.182,0.0129973,0.143496,IncreaseAccelerometer,seated
25.3766,169,-1.44659,-0.277822,-9.11065,0.0,0.0,0.0,0.0,0.0,0.0,0.0,18.9844,31.8576,0.0129973,0.143496,IncreaseAccelerometer,seated
25.5267,170,-1.44659,-0.249082,-9.15856,0.0,0.0,0.0,0.0,0.0,0.0,0.0,17.9297,21.785,0.0129973,0.143496,IncreaseAccelerometer,seated
25.6768,171,-1.52323,-0.258662,-9.58008,0.0,0.0,0.0,0.0,0.0,0.0,0.0,14.7656,8.90146,0.0129973,0.143496,IncreaseAccelerometer,seated
25.8269,172,-1.64777,-0.296982,-10.0974,0.0,0.0,0.0,0.0,0.0,0.0,0.0,9.49219,-5.62201,0.0129973,0.143496,IncreaseAccelerometer,seated
25.977,173,-1.69567,-0.316143,-10.5285,0.0,0.0,0.0,0.0,0.0,0.0,0.0,2.98828,-19.2084,0.0129973,0.143496,IncreaseAccelerometer,seated
26.127,174,-1.75315,-0.277822,-10.6147,0.0,0.0,0.0,0.0,0.0,0.0,0.0,-3.51562,-29.9838,0.0129973,0.143496,IncreaseAccelerometer,seated
26.2771,175,-1.65735,-0.229922,-10.3848,0.0,0.0,0.0,0.0,0.0,0.0,0.0,-9.66797,-36.777,0.0129973,0.143496,IncreaseAccelerometer,seated
26.4272,176,-1.57113,-0.229922,-9.84832,0.0,0.0,0.0,0.0,0.0,0.0,0.0,-14.5898,-39.1193,0.0129973,0.143496,IncreaseAccelerometer,seated
26.5773,177,-1.47533,-0.306563,-9.41722,0.0,0.0,0.0,0.0,0.0,0.0,0.0,-17.2266,-35.6055,0.0129973,0.143496,IncreaseAccelerometer,seated
26.7274,178,-1.40827,-0.316143,-9.25436,0.0,0.0,0.0,0.0,0.0,0.0,0.0,-17.5781,-27.4066,0.0129973,0.143496,IncreaseAccelerometer,seated
26.8775,179,-1.48491,-0.316143,-9.43638,0.0,0.0,0.0,0.0,0.0,0.0,0.0,-15.4688,-15.9287,0.0129973,0.143496,IncreaseAccelerometer,seated
27.0275,180,-1.59987,-0.258662,-9.86748,0.0,0.0,0.0,0.0,0.0,0.0,0.0,-11.25,-2.10829,0.0129973,0.143496,IncreaseAccelerometer,seated
27.1776,181,-1.73399,-0.239502,-10.3944,0.0,0.0,0.0,0.0,0.0,0.0,0.0,-4.74609,13.1184,0.0129973,0.143496,IncreaseAccelerometer,seated
27.3277,182,-1.82021,-0.277822,-10.5764,0.0,0.0,0.0,0.0,0.0,0.0,0.0,1.23047,24.597,0.0129973,0.143496,IncreaseAccelerometer,seated
27.4778,183,-1.77231,-0.296982,-10.4806,0.0,0.0,0.0,0.0,0.0,0.0,0.0,7.73438,33.7331,0.0129973,0.143496,IncreaseAccelerometer,seated
27.6889,184,-2.6441,-0.258662,-11.3524,0.0,0.0,0.0,0.0,0.0,0.0,0.0,14.9414,37.4749,0.0178673,0.140658,IncreaseAccelerometer,extended
27.839,185,-0.977168,-0.919688,-7.15632,0.0,0.0,0.0,0.0,0.0,0.0,0.0,17.7539,35.7407,0.0178673,0.140658,IncreaseAccelerometer,extended
27.9891,186,-4.74214,0.0574805,-7.0222,0.0,0.0,0.0,0.0,0.0,0.0,0.0,18.2812,28.3758,0.0178673,0.140658,IncreaseAccelerometer,extended
28.1392,187,-6.15041,-0.210762,-7.2138,0.0,0.0,0.0,0.0,0.0,0.0,0.0,16.5234,18.8452,0.0178673,0.140658,IncreaseAccelerometer,extended
28.2893,188,-6.49529,-0.143701,-7.15632,0.0,0.0,0.0,0.0,0.0,0.0,0.0,12.4805,5.84852,0.0178673,0.140658,IncreaseAccelerometer,extended
28.4393,189,-6.59109,-0.0574805,-8.03769,0.0,0.0,0.0,0.0,0.0,0.0,0.0,7.03125,-10.5412,0.0178673,0.140658,IncreaseAccelerometer,extended
28.5894,190,-6.44739,-0.287402,-8.39215,0.0,0.0,0.0,0.0,0.0,0.0,0.0,0.175781,-23.4249,0.0178673,0.140658,IncreaseAccelerometer,extended
28.7395,191,-6.79228,-0.134121,-8.20055,0.0,0.0,0.0,0.0,0.0,0.0,0.0,-5.97656,-32.3264,0.0178673,0.140658,IncreaseAccelerometer,extended
28.8896,192,-6.46655,-0.201182,-8.10475,0.0,0.0,0.0,0.0,0.0,0.0,0.0,-11.6016,-37.4796,0.0178673,0.140658,IncreaseAccelerometer,extended
29.0397,193,-6.09293,-0.172441,-7.5491,0.0,0.0,0.0,0.0,0.0,0.0,0.0,-15.6445,-37.4796,0.0178673,0.140658,IncreaseAccelerometer,extended
29.1897,194,-5.80553,-0.162861,-7.24254,0.0,0.0,0.0,0.0,0.0,0.0,0.0,-17.5781,-32.7947,0.0178673,0.140658,IncreaseAccelerometer,extended
29.3398,195,-5.72889,-0.191602,-7.17548,0.0,0.0,0.0,0.0,0.0,0.0,0.0,-17.0508,-22.9563,0.0178673,0.140658,IncreaseAccelerometer,extended
29.4899,196,-6.03545,-0.268242,-7.62574,0.0,0.0,0.0,0.0,0.0,0.0,0.0,-14.2383,-11.0097,0.0178673,0.140658,IncreaseAccelerometer,extended
29.64,197,-6.37075,-0.258662,-7.87482,0.0,0.0,0.0,0.0,0.0,0.0,0.0,-9.49219,2.81098,0.0178673,0.140658,IncreaseAccelerometer,extended
29.7901,198,-6.69648,-0.172441,-8.08559,0.0,0.0,0.0,0.0,0.0,0.0,0.0,-3.51562,16.1631,0.0178673,0.140658,IncreaseAccelerometer,extended
29.9402,199,-6.70606,-0.182021,-8.13349,0.0,0.0,0.0,0.0,0.0,0.0,0.0,3.16406,27.6412,0.0178673,0.140658,IncreaseAccelerometer,extended
30.0902,200,-6.49529,-0.182021,-7.89398,0.0,0.0,0.0,0.0,0.0,0.0,0.0,9.14062,34.9029,0.0178673,0.140658,IncreaseAccelerometer,extended
30.2403,201,-6.17915,-0.172441,-7.52994,0.0,0.0,0.0,0.0,0.0,0.0,0.0,14.2383,37.9481,0.0178673,0.140658,IncreaseAccelerometer,extended
30.3904,202,-5.83427,-0.258662,-7.09884,0.0,0.0,0.0,0.0,0.0,0.0,0.0,17.2266,35.6055,0.0178673,0.140658,IncreaseAccelerometer,extended
30.5405,203,-5.70973,-0.182021,-6.93598,0.0,0.0,0.0,0.0,0.0,0.0,0.0,18.1055,28.8123,0.0178673,0.140658,IncreaseAccelerometer,extended
30.6906,204,-5.77679,-0.153281,-7.06052,0.0,0.0,0.0,0.0,0.0,0.0,0.0,16.5234,17.8028,0.0178673,0.140658,IncreaseAccelerometer,extended
30.8406,205,-6.09293,-0.210762,-7.41498,0.0,0.0,0.0,0.0,0.0,0.0,0.0,12.4805,4.45068,0.0178673,0.140658,IncreaseAccelerometer,extended
30.9907,206,-6.41865,-0.220342,-7.89398,0.0,0.0,0.0,0.0,0.0,0.0,0.0,7.20703,-9.36989,0.0178673,0.140658,IncreaseAccelerometer,extended
31.1408,207,-6.71563,-0.229922,-8.16223,0.0,0.0,0.0,0.0,0.0,0.0,0.0,0.527344,-22.2535,0.0178673,0.140658,IncreaseAccelerometer,extended
31.2909,208,-6.70606,-0.182021,-8.13349,0.0,0.0,0.0,0.0,0.0,0.0,0.0,-5.44922,-31.389,0.0178673,0.140658,IncreaseAccelerometer,extended
31.441,209,-6.36117,-0.153281,-7.8844,0.0,0.0,0.0,0.0,0.0,0.0,0.0,-11.25,-37.0112,0.0178673,0.140658,IncreaseAccelerometer,extended
31.5911,210,-6.05461,-0.162861,-7.5491,0.0,0.0,0.0,0.0,0.0,0.0,0.0,-15.293,-37.0113,0.0178673,0.140658,IncreaseAccelerometer,extended
31.7411,211,-5.82469,-0.191602,-7.34792,0.0,0.0,0.0,0.0,0.0,0.0,0.0,-17.2266,-32.5606,0.0178673,0.140658,IncreaseAccelerometer,extended
31.8912,212,-5.81511,-0.258662,-7.32876,0.0,0.0,0.0,0.0,0.0,0.0,0.0,-16.875,-23.1911,0.0178673,0.140658,IncreaseAccelerometer,extended
32.0413,213,-6.05461,-0.229922,-7.51078,0.0,0.0,0.0,0.0,0.0,0.0,0.0,-14.2383,-11.7127,0.0178673,0.140658,IncreaseAccelerometer,extended
32.1914,214,-6.36117,-0.182021,-7.79818,0.0,0.0,0.0,0.0,0.0,0.0,0.0,-9.49219,2.34253,0.0178673,0.140658,IncreaseAccelerometer,extended
32.3414,215,-6.64857,-0.182021,-8.08559,0.0,0.0,0.0,0.0,0.0,0.0,0.0,-3.69141,15.4607,0.0178673,0.140658,IncreaseAccelerometer,extended
32.4915,216,-6.71563,-0.162861,-8.07601,0.0,0.0,0.0,0.0,0.0,0.0,0.0,2.8125,26.7048,0.0178673,0.140658,IncreaseAccelerometer,extended
32.6416,217,-6.55277,-0.201182,-7.90356,0.0,0.0,0.0,0.0,0.0,0.0,0.0,8.96484,34.435,0.0178673,0.140658,IncreaseAccelerometer,extended
32.7917,218,-6.24621,-0.229922,-7.53952,0.0,0.0,0.0,0.0,0.0,0.0,0.0,13.7109,37.2459,0.0178673,0.140658,IncreaseAccelerometer,extended
32.9418,219,-5.84385,-0.201182,-7.15632,0.0,0.0,0.0,0.0,0.0,0.0,0.0,16.875,35.1378,0.0178673,0.140658,IncreaseAccelerometer,extended
33.0918,220,-5.70015,-0.182021,-6.96472,0.0,0.0,0.0,0.0,0.0,0.0,0.0,17.7539,28.5786,0.0178673,0.140658,IncreaseAccelerometer,extended
33.2419,221,-5.80553,-0.191602,-7.09884,0.0,0.0,0.0,0.0,0.0,0.0,0.0,16.3477,18.0371,0.0178673,0.140658,IncreaseAccelerometer,extended
33.392,222,-6.03545,-0.210762,-7.33834,0.0,0.0,0.0,0.0,0.0,0.0,0.0,12.6562,4.9192,0.0178673,0.140658,IncreaseAccelerometer,extended
33.5421,223,-6.35159,-0.210762,-7.7886,0.0,0.0,0.0,0.0,0.0,0.0,0.0,7.55859,-8.19861,0.0178673,0.140658,IncreaseAccelerometer,extended
33.6922,224,-6.61025,-0.220342,-8.07601,0.0,0.0,0.0,0.0,0.0,0.0,0.0,1.40625,-20.6135,0.0178673,0.140658,IncreaseAccelerometer,extended
33.8423,225,-6.65815,-0.172441,-8.11433,0.0,0.0,0.0,0.0,0.0,0.0,0.0,-5.09766,-30.452,0.0178673,0.140658,IncreaseAccelerometer,extended
33.9923,226,-6.44739,-0.191602,-7.9323,0.0,0.0,0.0,0.0,0.0,0.0,0.0,-10.5469,-35.8397,0.0178673,0.140658,IncreaseAccelerometer,extended
34.1424,227,-6.12167,-0.153281,-7.55868,0.0,0.0,0.0,0.0,0.0,0.0,0.0,-14.7656,-36.5424,0.0178673,0.140658,IncreaseAccelerometer,extended
34.2925,228,-5.82469,-0.191602,-7.29044,0.0,0.0,0.0,0.0,0.0,0.0,0.0,-16.875,-32.5603,0.0178673,0.140658,IncreaseAccelerometer,extended
34.4426,229,-5.81511,-0.249082,-7.29044,0.0,0.0,0.0,0.0,0.0,0.0,0.0,-16.6992,-24.1277,0.0178673,0.140658,IncreaseAccelerometer,extended
34.5927,230,-5.98755,-0.229922,-7.4533,0.0,0.0,0.0,0.0,0.0,0.0,0.0,-14.2383,-12.181,0.0178673,0.140658,IncreaseAccelerometer,extended
34.7427,231,-6.30369,-0.182021,-7.76944,0.0,0.0,0.0,0.0,0.0,0.0,0.0,-9.84375,0.937006,0.0178673,0.140658,IncreaseAccelerometer,extended
34.8928,232,-6.62941,-0.143701,-8.07601,0.0,0.0,0.0,0.0,0.0,0.0,0.0,-4.04297,14.2894,0.0178673,0.140658,IncreaseAccelerometer,extended
35.0429,233,-6.70606,-0.153281,-8.12391,0.0,0.0,0.0,0.0,0.0,0.0,0.0,2.28516,25.5335,0.0178673,0.140658,IncreaseAccelerometer,extended
35.193,234,-6.53361,-0.201182,-7.89398,0.0,0.0,0.0,0.0,0.0,0.0,0.0,8.4375,33.498,0.0178673,0.140658,IncreaseAccelerometer,extended
35.343,235,-6.30369,-0.210762,-7.58742,0.0,0.0,0.0,0.0,0.0,0.0,0.0,13.1836,36.5433,0.0178673,0.140658,IncreaseAccelerometer,extended
