7.60555e-05,0,-1.60945,-0.258662,-9.62798,0.0,0.0,0.0,0.0,0.0,0.0,0.0,-0.527344,0.0,0.0129973,0.143496,None,seated
0.20028,1,-1.65735,-0.258662,-9.63756,0.0,0.0,0.0,0.0,0.0,0.0,0.0,-0.527344,0.0,0.0129973,0.143496,Nothing,seated
0.400486,2,-1.68609,-0.296982,-9.64714,0.0,0.0,0.0,0.0,0.0,0.0,0.0,-0.527344,0.0,0.0129973,0.143496,Nothing,seated
0.600691,3,-1.57113,-0.335303,-9.60882,0.0,0.0,0.0,0.0,0.0,0.0,0.0,-0.703125,0.0,0.0129973,0.143496,Nothing,seated
0.800903,4,-0.354463,-0.162861,-10.0878,0.0,0.0,0.0,0.0,0.0,0.0,0.0,-0.351562,0.0,0.0129973,0.143496,Nothing,seated
1.00112,5,0.622705,-0.249082,-10.1932,0.0,0.0,0.0,0.0,0.0,0.0,0.0,2.28516,2.80956,0.0129973,0.143496,Nothing,seated
1.20133,6,0.823887,-0.364043,-10.2698,0.0,0.0,0.0,0.0,0.0,0.0,0.0,7.03125,7.55069,0.0129973,0.143496,Nothing,seated
1.40154,7,0.488584,-0.153281,-10.2986,0.0,0.0,0.0,0.0,0.0,0.0,0.0,13.0078,13.5209,0.0129973,0.143496,Nothing,seated
1.60176,8,0.316143,-0.0670606,-9.84832,0.0,0.0,0.0,0.0,0.0,0.0,0.0,18.457,19.1397,0.0129973,0.143496,Nothing,seated
1.80183,9,-1.51365,-0.344883,-8.83283,0.0,0.0,0.0,0.0,0.0,0.0,0.0,21.2695,21.601,0.0129973,0.143496,Nothing,seated
2.00205,10,-1.49449,-0.201182,-9.2831,0.0,0.0,0.0,0.0,0.0,0.0,0.0,18.8086,16.5081,0.0129973,0.143496,Nothing,seated
2.20226,11,-1.65735,-0.316143,-10.1549,0.0,0.0,0.0,0.0,0.0,0.0,0.0,11.7773,4.74166,0.0129973,0.143496,Nothing,seated
2.40248,12,-1.82021,-0.364043,-10.9021,0.0,0.0,0.0,0.0,0.0,0.0,0.0,1.75781,-11.2395,0.0129973,0.143496,Nothing,seated
2.6027,13,-1.83938,-0.306563,-10.8542,0.0,0.0,0.0,0.0,0.0,0.0,0.0,-8.78906,-27.2206,0.0129973,0.143496,Nothing,seated
2.80284,14,-1.65735,-0.191602,-10.0495,0.0,0.0,0.0,0.0,0.0,0.0,0.0,-17.4023,-38.6332,0.0129973,0.143496,Nothing,seated
3.00305,15,-1.43701,-0.258662,-9.2352,0.0,0.0,0.0,0.0,0.0,0.0,0.0,-21.9727,-40.7406,0.0129973,0.143496,Nothing,seated
3.20327,16,-1.39869,-0.364043,-9.14898,0.0,0.0,0.0,0.0,0.0,0.0,0.0,-21.6211,-33.3649,0.0129973,0.143496,Nothing,seated
3.40348,17,-1.64777,-0.325723,-9.84832,0.0,0.0,0.0,0.0,0.0,0.0,0.0,-16.3477,-18.0873,0.0129973,0.143496,Nothing,seated
3.6037,18,-1.80105,-0.229922,-10.6722,0.0,0.0,0.0,0.0,0.0,0.0,0.0,-7.55859,1.22924,0.0129973,0.143496,Nothing,seated
3.80384,19,-1.89686,-0.191602,-10.95,0.0,0.0,0.0,0.0,0.0,0.0,0.0,2.98828,20.3703,0.0129973,0.143496,Nothing,seated
4.00406,20,-1.78189,-0.306563,-10.2507,0.0,0.0,0.0,0.0,0.0,0.0,0.0,12.6562,34.5939,0.0129973,0.143496,Nothing,seated
4.20427,21,-1.54239,-0.316143,-9.27352,0.0,0.0,0.0,0.0,0.0,0.0,0.0,18.9844,40.5647,0.0129973,0.143496,Nothing,seated
4.40448,22,-1.49449,-0.268242,-8.81367,0.0,0.0,0.0,0.0,0.0,0.0,0.0,20.5664,36.8772,0.0129973,0.143496,Nothing,seated
4.6047,23,-1.64777,-0.162861,-9.2831,0.0,0.0,0.0,0.0,0.0,0.0,0.0,17.0508,24.5847,0.0129973,0.143496,Nothing,seated
4.80492,24,-2.72074,-0.306563,-10.4327,0.0,0.0,0.0,0.0,0.0,0.0,0.0,8.4375,5.44332,0.0129973,0.143496,Nothing,seated
5.00513,25,-2.53872,-0.105381,-11.6494,0.0,0.0,0.0,0.0,0.0,0.0,0.0,-4.04297,-16.6813,0.0129973,0.143496,Nothing,seated
5.20535,26,-1.85854,-0.182021,-10.8159,0.0,0.0,0.0,0.0,0.0,0.0,0.0,-15.9961,-34.9428,0.0129973,0.143496,Nothing,seated
5.40558,27,-1.48491,-0.210762,-9.54176,0.0,0.0,0.0,0.0,0.0,0.0,0.0,-24.4336,-44.9509,0.0129973,0.143496,Nothing,seated
5.60579,28,-1.34121,-0.335303,-8.87115,0.0,0.0,0.0,0.0,0.0,0.0,0.0,-27.0703,-44.0733,0.0129973,0.143496,Nothing,seated
5.80583,29,-1.47533,-0.364043,-9.12023,0.0,0.0,0.0,0.0,0.0,0.0,0.0,-23.9062,-32.3141,0.0129973,0.143496,Nothing,seated
6.00606,30,-1.8777,-0.316143,-10.5572,0.0,0.0,0.0,0.0,0.0,0.0,0.0,-15.1172,-11.064,0.0129973,0.143496,Nothing,seated
6.20627,31,-2.0693,-0.191602,-11.5823,0.0,0.0,0.0,0.0,0.0,0.0,0.0,-2.98828,12.9958,0.0129973,0.143496,Nothing,seated
6.40649,32,-2.05972,-0.249082,-11.2566,0.0,0.0,0.0,0.0,0.0,0.0,0.0,10.0195,34.4217,0.0129973,0.143496,Nothing,seated
6.6067,33,-1.80105,-0.364043,-10.0399,0.0,0.0,0.0,0.0,0.0,0.0,0.0,19.5117,46.5397,0.0129973,0.143496,Nothing,seated
6.80691,34,-1.49449,-0.306563,-8.72745,0.0,0.0,0.0,0.0,0.0,0.0,0.0,24.7852,48.6391,0.0129973,0.143496,Nothing,seated
7.00712,35,-1.43701,-0.191602,-8.66997,0.0,0.0,0.0,0.0,0.0,0.0,0.0,24.082,39.1577,0.0129973,0.143496,Nothing,seated
7.20733,36,-1.60945,-0.249082,-9.64714,0.0,0.0,0.0,0.0,0.0,0.0,0.0,17.5781,20.5447,0.0129973,0.143496,Nothing,seated
7.40754,37,-1.88728,-0.373623,-11.0746,0.0,0.0,0.0,0.0,0.0,0.0,0.0,6.85547,-3.16074,0.0129973,0.143496,Nothing,seated
7.60775,38,-2.00224,-0.306563,-11.5536,0.0,0.0,0.0,0.0,0.0,0.0,0.0,-5.44922,-24.9346,0.0129973,0.143496,Nothing,seated
7.80783,39,-1.80105,-0.162861,-10.768,0.0,0.0,0.0,0.0,0.0,0.0,0.0,-16.875,-41.6219,0.0129973,0.143496,Nothing,seated
8.00805,40,-1.50407,-0.239502,-9.43638,0.0,0.0,0.0,0.0,0.0,0.0,0.0,-24.2578,-48.295,0.0129973,0.143496,Nothing,seated
8.20826,41,-1.38911,-0.335303,-8.77535,0.0,0.0,0.0,0.0,0.0,0.0,0.0,-26.1914,-43.7287,0.0129973,0.143496,Nothing,seated
8.40848,42,-1.56155,-0.383203,-9.35016,0.0,0.0,0.0,0.0,0.0,0.0,0.0,-22.1484,-28.9766,0.0129973,0.143496,Nothing,seated
8.6087,43,-1.84896,-0.258662,-10.6243,0.0,0.0,0.0,0.0,0.0,0.0,0.0,-13.3594,-7.9027,0.0129973,0.143496,Nothing,seated
8.80891,44,-2.09804,-0.172441,-11.4865,0.0,0.0,0.0,0.0,0.0,0.0,0.0,-1.40625,15.452,0.0129973,0.143496,Nothing,seated
9.00913,45,-1.98308,-0.296982,-11.1512,0.0,0.0,0.0,0.0,0.0,0.0,0.0,10.7227,34.9426,0.0129973,0.143496,Nothing,seated
9.20934,46,-1.70525,-0.402363,-9.84832,0.0,0.0,0.0,0.0,0.0,0.0,0.0,19.8633,46.005,0.0129973,0.143496,Nothing,seated
9.40956,47,-1.45617,-0.249082,-8.73703,0.0,0.0,0.0,0.0,0.0,0.0,0.0,24.2578,46.3563,0.0129973,0.143496,Nothing,seated
9.60978,48,-1.50407,-0.239502,-8.82325,0.0,0.0,0.0,0.0,0.0,0.0,0.0,22.8516,36.1718,0.0129973,0.143496,Nothing,seated
9.80984,49,-1.65735,-0.258662,-9.93454,0.0,0.0,0.0,0.0,0.0,0.0,0.0,15.9961,17.3863,0.0129973,0.143496,Nothing,seated
10.0101,50,-1.89686,-0.364043,-11.0842,0.0,0.0,0.0,0.0,0.0,0.0,0.0,5.09766,-5.61982,0.0129973,0.143496,Nothing,seated
10.2103,51,-1.95434,-0.316143,-11.4099,0.0,0.0,0.0,0.0,0.0,0.0,0.0,-7.20703,-27.0452,0.0129973,0.143496,Nothing,seated
10.4105,52,-1.76273,-0.191602,-10.5381,0.0,0.0,0.0,0.0,0.0,0.0,0.0,-17.9297,-42.1488,0.0129973,0.143496,Nothing,seated
10.6107,53,-1.47533,-0.239502,-9.32142,0.0,0.0,0.0,0.0,0.0,0.0,0.0,-24.082,-46.891,0.0129973,0.143496,Nothing,seated
10.8108,54,-1.41785,-0.373623,-8.86157,0.0,0.0,0.0,0.0,0.0,0.0,0.0,-25.1367,-41.0919,0.0129973,0.143496,Nothing,seated
11.011,55,-1.59029,-0.364043,-9.48428,0.0,0.0,0.0,0.0,0.0,0.0,0.0,-20.7422,-25.8141,0.0129973,0.143496,Nothing,seated
11.2113,56,-1.88728,-0.191602,-10.7488,0.0,0.0,0.0,0.0,0.0,0.0,0.0,-11.4258,-4.21457,0.0129973,0.143496,Nothing,seated
11.4115,57,-2.05014,-0.191602,-11.3811,0.0,0.0,0.0,0.0,0.0,0.0,0.0,0.351562,18.2629,0.0129973,0.143496,Nothing,seated
11.6117,58,-1.9256,-0.316143,-10.8063,0.0,0.0,0.0,0.0,0.0,0.0,0.0,11.7773,35.8232,0.0129973,0.143496,Nothing,seated
11.8118,59,-1.66693,-0.383203,-9.55134,0.0,0.0,0.0,0.0,0.0,0.0,0.0,20.2148,45.3072,0.0129973,0.143496,IncreaseAccelerometer,seated
12.0119,60,-1.48491,-0.258662,-8.70829,0.0,0.0,0.0,0.0,0.0,0.0,0.0,23.7305,44.4332,0.0129973,0.143496,IncreaseAccelerometer,seated
12.212,61,-1.49449,-0.191602,-8.95737,0.0,0.0,0.0,0.0,0.0,0.0,0.0,21.4453,32.8453,0.0129973,0.143496,IncreaseAccelerometer,seated
12.4122,62,-1.71483,-0.316143,-10.1166,0.0,0.0,0.0,0.0,0.0,0.0,0.0,13.8867,13.526,0.0129973,0.143496,IncreaseAccelerometer,seated
12.6123,63,-1.91602,-0.354463,-11.1416,0.0,0.0,0.0,0.0,0.0,0.0,0.0,3.33984,-8.43258,0.0129973,0.143496,IncreaseAccelerometer,seated
12.8124,64,-1.8777,-0.258662,-11.2566,0.0,0.0,0.0,0.0,0.0,0.0,0.0,-8.26172,-28.46,0.0129973,0.143496,IncreaseAccelerometer,seated
13.0125,65,-1.74357,-0.162861,-10.3082,0.0,0.0,0.0,0.0,0.0,0.0,0.0,-18.2812,-41.9873,0.0129973,0.143496,IncreaseAccelerometer,seated
13.2126,66,-1.46575,-0.287402,-9.19688,0.0,0.0,0.0,0.0,0.0,0.0,0.0,-23.9062,-45.3248,0.0129973,0.143496,IncreaseAccelerometer,seated
13.4127,67,-1.43701,-0.364043,-8.92863,0.0,0.0,0.0,0.0,0.0,0.0,0.0,-24.082,-37.9464,0.0129973,0.143496,IncreaseAccelerometer,seated
13.6129,68,-1.62861,-0.325723,-9.84832,0.0,0.0,0.0,0.0,0.0,0.0,0.0,-18.8086,-22.1357,0.0129973,0.143496,IncreaseAccelerometer,seated
13.813,69,-1.86812,-0.201182,-10.8446,0.0,0.0,0.0,0.0,0.0,0.0,0.0,-9.49219,-1.22976,0.0129973,0.143496,IncreaseAccelerometer,seated
14.0131,70,-2.01182,-0.229922,-11.2949,0.0,0.0,0.0,0.0,0.0,0.0,0.0,1.93359,20.2032,0.0129973,0.143496,IncreaseAccelerometer,seated
14.2132,71,-1.8777,-0.316143,-10.6147,0.0,0.0,0.0,0.0,0.0,0.0,0.0,12.832,36.7169,0.0129973,0.143496,IncreaseAccelerometer,seated
14.4133,72,-1.57113,-0.344883,-9.36932,0.0,0.0,0.0,0.0,0.0,0.0,0.0,20.5664,44.622,0.0129973,0.143496,IncreaseAccelerometer,seated
14.6135,73,-1.47533,-0.249082,-8.74661,0.0,0.0,0.0,0.0,0.0,0.0,0.0,23.0273,41.8106,0.0129973,0.143496,IncreaseAccelerometer,seated
14.8136,74,-1.49449,-0.201182,-9.10107,0.0,0.0,0.0,0.0,0.0,0.0,0.0,20.0391,29.5134,0.0129973,0.143496,IncreaseAccelerometer,seated
15.0137,75,-1.67651,-0.296982,-10.2794,0.0,0.0,0.0,0.0,0.0,0.0,0.0,11.9531,10.0136,0.0129973,0.143496,IncreaseAccelerometer,seated
15.2138,76,-1.88728,-0.316143,-11.1704,0.0,0.0,0.0,0.0,0.0,0.0,0.0,1.40625,-11.419,0.0129973,0.143496,IncreaseAccelerometer,seated
15.4139,77,-1.8777,-0.239502,-11.0267,0.0,0.0,0.0,0.0,0.0,0.0,0.0,-10.1953,-30.7437,0.0129973,0.143496,IncreaseAccelerometer,seated
15.614,78,-1.70525,-0.191602,-10.107,0.0,0.0,0.0,0.0,0.0,0.0,0.0,-19.1602,-42.1635,0.0129973,0.143496,IncreaseAccelerometer,seated
15.8141,79,-1.50407,-0.287402,-9.10107,0.0,0.0,0.0,0.0,0.0,0.0,0.0,-23.7305,-43.7448,0.0129973,0.143496,IncreaseAccelerometer,seated
16.0143,80,-1.44659,-0.431104,-9.08191,0.0,0.0,0.0,0.0,0.0,0.0,0.0,-23.0273,-34.9606,0.0129973,0.143496,IncreaseAccelerometer,seated
16.2144,81,-1.66693,-0.287402,-9.8579,0.0,0.0,0.0,0.0,0.0,0.0,0.0,-17.2266,-18.6223,0.0129973,0.143496,IncreaseAccelerometer,seated
16.4145,82,-1.90644,-0.229922,-10.9596,0.0,0.0,0.0,0.0,0.0,0.0,0.0,-7.55859,2.63522,0.0129973,0.143496,IncreaseAccelerometer,seated
16.6146,83,-2.01182,-0.210762,-11.1225,0.0,0.0,0.0,0.0,0.0,0.0,0.0,3.69141,22.8395,0.0129973,0.143496,IncreaseAccelerometer,seated
16.8147,84,-1.84896,-0.335303,-10.3656,0.0,0.0,0.0,0.0,0.0,0.0,0.0,14.0625,37.773,0.0129973,0.143496,IncreaseAccelerometer,seated
17.0148,85,-1.61903,-0.296982,-9.331,0.0,0.0,0.0,0.0,0.0,0.0,0.0,20.5664,43.5711,0.0129973,0.143496,IncreaseAccelerometer,seated
17.2148,86,-1.47533,-0.229922,-8.77535,0.0,0.0,0.0,0.0,0.0,0.0,0.0,22.1484,39.3569,0.0129973,0.143496,IncreaseAccelerometer,seated
17.4149,87,-1.54239,-0.220342,-9.2831,0.0,0.0,0.0,0.0,0.0,0.0,0.0,18.457,26.0038,0.0129973,0.143496,IncreaseAccelerometer,seated
17.6151,88,-1.74357,-0.306563,-10.3944,0.0,0.0,0.0,0.0,0.0,0.0,0.0,10.1953,6.50064,0.0129973,0.143496,IncreaseAccelerometer,seated
17.8152,89,-1.90644,-0.306563,-11.0937,0.0,0.0,0.0,0.0,0.0,0.0,0.0,-0.351562,-14.4066,0.0129973,0.143496,IncreaseAccelerometer,seated
18.0153,90,-1.8298,-0.239502,-10.9213,0.0,0.0,0.0,0.0,0.0,0.0,0.0,-11.0742,-31.624,0.0129973,0.143496,IncreaseAccelerometer,seated
18.2154,91,-1.63819,-0.210762,-9.89622,0.0,0.0,0.0,0.0,0.0,0.0,0.0,-19.5117,-41.6356,0.0129973,0.143496,IncreaseAccelerometer,seated
18.4155,92,-1.44659,-0.296982,-9.11065,0.0,0.0,0.0,0.0,0.0,0.0,0.0,-23.2031,-41.6356,0.0129973,0.143496,IncreaseAccelerometer,seated
18.6157,93,-1.49449,-0.335303,-9.15856,0.0,0.0,0.0,0.0,0.0,0.0,0.0,-21.7969,-31.9729,0.0129973,0.143496,IncreaseAccelerometer,seated
18.8158,94,-1.71483,-0.287402,-10.0112,0.0,0.0,0.0,0.0,0.0,0.0,0.0,-15.4688,-15.1085,0.0129973,0.143496,IncreaseAccelerometer,seated
19.0158,95,-1.89686,-0.210762,-10.9596,0.0,0.0,0.0,0.0,0.0,0.0,0.0,-5.625,5.4464,0.0129973,0.143496,IncreaseAccelerometer,seated
19.2159,96,-1.93518,-0.258662,-10.9692,0.0,0.0,0.0,0.0,0.0,0.0,0.0,5.27344,24.7736,0.0129973,0.143496,IncreaseAccelerometer,seated
