9.5129e-05,0,-1.65735,-0.344883,-9.60882,0.0,0.0,0.0,0.0,0.0,0.0,0.0,0.175781,0.0,0.0129973,0.143496,None,seated
0.150259,1,-1.65735,-0.306563,-9.63756,0.0,0.0,0.0,0.0,0.0,0.0,0.0,0.175781,0.0,0.0129973,0.143496,Nothing,seated
0.300425,2,-1.60945,-0.287402,-9.60882,0.0,0.0,0.0,0.0,0.0,0.0,0.0,0.175781,0.0,0.0129973,0.143496,Nothing,seated
0.450589,3,-1.14003,-0.306563,-9.75252,0.0,0.0,0.0,0.0,0.0,0.0,0.0,0.351562,0.0,0.0129973,0.143496,Nothing,seated
0.600761,4,0.153281,-0.258662,-10.0687,0.0,0.0,0.0,0.0,0.0,0.0,0.0,1.23047,0.0,0.0129973,0.143496,Nothing,seated
0.750824,5,0.651445,-0.402363,-10.2986,0.0,0.0,0.0,0.0,0.0,0.0,0.0,3.51562,4.4488,0.0129973,0.143496,Nothing,seated
0.900991,6,1.36037,-0.316143,-10.4614,0.0,0.0,0.0,0.0,0.0,0.0,0.0,7.03125,9.13171,0.0129973,0.143496,Nothing,seated
1.05116,7,1.20709,-0.344883,-10.6147,0.0,0.0,0.0,0.0,0.0,0.0,0.0,12.1289,15.9219,0.0129973,0.143496,Nothing,seated
1.20132,8,1.19751,-0.0574805,-10.5477,0.0,0.0,0.0,0.0,0.0,0.0,0.0,17.5781,22.9465,0.0129973,0.143496,Nothing,seated
1.35148,9,1.76273,-0.268242,-10.2315,0.0,0.0,0.0,0.0,0.0,0.0,0.0,23.3789,29.503,0.0129973,0.143496,Nothing,seated
1.50164,10,1.82021,-0.344883,-9.73336,0.0,0.0,0.0,0.0,0.0,0.0,0.0,28.8281,33.7132,0.0129973,0.143496,Nothing,seated
1.65181,11,2.23216,-0.335303,-8.93821,0.0,0.0,0.0,0.0,0.0,0.0,0.0,33.0469,34.6496,0.0129973,0.143496,Nothing,seated
1.80198,12,0.641865,-0.210762,-8.24845,0.0,0.0,0.0,0.0,0.0,0.0,0.0,35.332,30.9037,0.0129973,0.143496,Nothing,seated
1.95214,13,-1.68609,-0.201182,-8.05685,0.0,0.0,0.0,0.0,0.0,0.0,0.0,34.2773,22.2411,0.0129973,0.143496,Nothing,seated
2.1023,14,-1.47533,-0.488584,-8.98611,0.0,0.0,0.0,0.0,0.0,0.0,0.0,29.0039,7.49177,0.0129973,0.143496,Nothing,seated
2.25247,15,-1.88728,-0.421523,-10.9883,0.0,0.0,0.0,0.0,0.0,0.0,0.0,19.5117,-12.4082,0.0129973,0.143496,Nothing,seated
2.40264,16,-2.14594,-0.392783,-12.5595,0.0,0.0,0.0,0.0,0.0,0.0,0.0,7.91016,-33.4786,0.0129973,0.143496,Nothing,seated
2.55281,17,-2.28006,-0.143701,-13.1151,0.0,0.0,0.0,0.0,0.0,0.0,0.0,-4.92188,-53.6124,0.0129973,0.143496,Nothing,seated
2.70298,18,-2.08846,-0.153281,-12.3008,0.0,0.0,0.0,0.0,0.0,0.0,0.0,-16.6992,-67.8931,0.0129973,0.143496,Nothing,seated
2.85315,19,-1.74357,-0.191602,-10.471,0.0,0.0,0.0,0.0,0.0,0.0,0.0,-26.543,-73.9796,0.0129973,0.143496,Nothing,seated
3.00331,20,-1.07297,-0.373623,-8.73703,0.0,0.0,0.0,0.0,0.0,0.0,0.0,-32.6953,-69.5315,0.0129973,0.143496,Nothing,seated
3.15348,21,-1.36037,-0.421523,-8.22929,0.0,0.0,0.0,0.0,0.0,0.0,0.0,-34.2773,-56.1872,0.0129973,0.143496,Nothing,seated
3.30364,22,-1.26457,-0.507744,-8.49753,0.0,0.0,0.0,0.0,0.0,0.0,0.0,-31.4648,-35.3514,0.0129973,0.143496,Nothing,seated
3.45381,23,-1.64777,-0.287402,-9.97286,0.0,0.0,0.0,0.0,0.0,0.0,0.0,-24.2578,-10.067,0.0129973,0.143496,Nothing,seated
3.60397,24,-2.08846,-0.153281,-11.7835,0.0,0.0,0.0,0.0,0.0,0.0,0.0,-14.5898,15.92,0.0129973,0.143496,Nothing,seated
3.75413,25,-2.41418,-0.210762,-12.866,0.0,0.0,0.0,0.0,0.0,0.0,0.0,-2.46094,40.2684,0.0129973,0.143496,Nothing,seated
3.9043,26,-2.37586,-0.220342,-12.799,0.0,0.0,0.0,0.0,0.0,0.0,0.0,9.49219,58.2957,0.0129973,0.143496,Nothing,seated
4.05446,27,-2.1172,-0.335303,-11.6398,0.0,0.0,0.0,0.0,0.0,0.0,0.0,20.7422,69.5337,0.0129973,0.143496,Nothing,seated
4.20462,28,-1.73399,-0.335303,-9.69504,0.0,0.0,0.0,0.0,0.0,0.0,0.0,28.8281,70.7047,0.0129973,0.143496,Nothing,seated
4.35479,29,-1.36037,-0.258662,-8.21971,0.0,0.0,0.0,0.0,0.0,0.0,0.0,33.2227,63.6804,0.0129973,0.143496,Nothing,seated
4.50483,30,-1.29331,-0.249082,-7.94188,0.0,0.0,0.0,0.0,0.0,0.0,0.0,33.3984,47.7683,0.0129973,0.143496,Nothing,seated
4.65498,31,-1.43701,-0.239502,-8.90947,0.0,0.0,0.0,0.0,0.0,0.0,0.0,29.3555,26.4601,0.0129973,0.143496,Nothing,seated
4.80515,32,-1.70525,-0.335303,-10.5093,0.0,0.0,0.0,0.0,0.0,0.0,0.0,21.2695,0.702481,0.0129973,0.143496,Nothing,seated
4.95531,33,-1.99266,-0.325723,-12.0038,0.0,0.0,0.0,0.0,0.0,0.0,0.0,10.3711,-24.5869,0.0129973,0.143496,Nothing,seated
5.10547,34,-2.20342,-0.364043,-12.7894,0.0,0.0,0.0,0.0,0.0,0.0,0.0,-1.40625,-46.1299,0.0129973,0.143496,Nothing,seated
5.25564,35,-2.08846,-0.172441,-12.4541,0.0,0.0,0.0,0.0,0.0,0.0,0.0,-13.1836,-62.0422,0.0129973,0.143496,Nothing,seated
5.40581,36,-1.80105,-0.162861,-10.9692,0.0,0.0,0.0,0.0,0.0,0.0,0.0,-22.8516,-69.5332,0.0129973,0.143496,Nothing,seated
5.55598,37,-1.46575,-0.229922,-9.38848,0.0,0.0,0.0,0.0,0.0,0.0,0.0,-29.8828,-68.1276,0.0129973,0.143496,Nothing,seated
5.70615,38,-1.28373,-0.354463,-8.28677,0.0,0.0,0.0,0.0,0.0,0.0,0.0,-32.6953,-57.3577,0.0129973,0.143496,Nothing,seated
5.85631,39,-1.26457,-0.431104,-8.39215,0.0,0.0,0.0,0.0,0.0,0.0,0.0,-31.2891,-39.7991,0.0129973,0.143496,Nothing,seated
6.00648,40,-1.58071,-0.364043,-9.4747,0.0,0.0,0.0,0.0,0.0,0.0,0.0,-26.0156,-17.0903,0.0129973,0.143496,Nothing,seated
6.15664,41,-1.90644,-0.239502,-10.9788,0.0,0.0,0.0,0.0,0.0,0.0,0.0,-17.2266,7.49167,0.0129973,0.143496,Nothing,seated
6.30681,42,-2.27048,-0.162861,-12.387,0.0,0.0,0.0,0.0,0.0,0.0,0.0,-5.97656,31.8397,0.0129973,0.143496,Nothing,seated
6.45697,43,-2.29922,-0.153281,-12.6457,0.0,0.0,0.0,0.0,0.0,0.0,0.0,5.80078,51.2719,0.0129973,0.143496,Nothing,seated
6.60714,44,-2.14594,-0.335303,-11.6206,0.0,0.0,0.0,0.0,0.0,0.0,0.0,16.875,64.1481,0.0129973,0.143496,Nothing,seated
6.7573,45,-1.84896,-0.411943,-10.3273,0.0,0.0,0.0,0.0,0.0,0.0,0.0,25.6641,68.8306,0.0129973,0.143496,Nothing,seated
6.90747,46,-1.44659,-0.383203,-8.70829,0.0,0.0,0.0,0.0,0.0,0.0,0.0,31.1133,64.3819,0.0129973,0.143496,Nothing,seated
7.05763,47,-1.29331,-0.268242,-8.01853,0.0,0.0,0.0,0.0,0.0,0.0,0.0,32.3438,51.038,0.0129973,0.143496,Nothing,seated
7.20779,48,-1.34121,-0.153281,-8.51669,0.0,0.0,0.0,0.0,0.0,0.0,0.0,29.707,31.8402,0.0129973,0.143496,Nothing,seated
7.35783,49,-1.58071,-0.201182,-9.77168,0.0,0.0,0.0,0.0,0.0,0.0,0.0,23.0273,8.19561,0.0129973,0.143496,Nothing,seated
7.50799,50,-1.9256,-0.383203,-11.5057,0.0,0.0,0.0,0.0,0.0,0.0,0.0,13.3594,-16.3911,0.0129973,0.143496,Nothing,seated
7.65816,51,-2.14594,-0.450264,-12.3487,0.0,0.0,0.0,0.0,0.0,0.0,0.0,2.46094,-38.168,0.0129973,0.143496,Nothing,seated
7.80832,52,-2.15552,-0.277822,-12.3966,0.0,0.0,0.0,0.0,0.0,0.0,0.0,-9.14062,-55.2614,0.0129973,0.143496,Nothing,seated
7.9585,53,-1.8777,-0.134121,-11.3907,0.0,0.0,0.0,0.0,0.0,0.0,0.0,-19.5117,-65.5636,0.0129973,0.143496,Nothing,seated
8.10866,54,-1.61903,-0.124541,-9.77168,0.0,0.0,0.0,0.0,0.0,0.0,0.0,-26.8945,-66.4885,0.0129973,0.143496,Nothing,seated
8.25883,55,-1.34121,-0.258662,-8.63165,0.0,0.0,0.0,0.0,0.0,0.0,0.0,-30.9375,-58.9969,0.0129973,0.143496,Nothing,seated
8.40899,56,-1.29331,-0.450264,-8.35383,0.0,0.0,0.0,0.0,0.0,0.0,0.0,-30.9375,-44.4819,0.0129973,0.143496,Nothing,seated
8.55916,57,-1.48491,-0.450264,-9.16813,0.0,0.0,0.0,0.0,0.0,0.0,0.0,-26.7188,-23.4114,0.0129973,0.143496,Nothing,seated
8.70932,58,-1.76273,-0.325723,-10.5093,0.0,0.0,0.0,0.0,0.0,0.0,0.0,-19.3359,0.234117,0.0129973,0.143496,Nothing,seated
8.85949,59,-2.12678,-0.105381,-11.8027,0.0,0.0,0.0,0.0,0.0,0.0,0.0,-8.96484,23.8799,0.0129973,0.143496,Nothing,seated
9.00965,60,-2.2609,-0.0766406,-12.387,0.0,0.0,0.0,0.0,0.0,0.0,0.0,2.10938,44.014,0.0129973,0.143496,Nothing,seated
9.15983,61,-2.19384,-0.210762,-11.9559,0.0,0.0,0.0,0.0,0.0,0.0,0.0,13.1836,58.7627,0.0129973,0.143496,Nothing,seated
9.30999,62,-1.8777,-0.431104,-10.3848,0.0,0.0,0.0,0.0,0.0,0.0,0.0,22.5,65.5521,0.0129973,0.143496,Nothing,seated
9.46015,63,-1.52323,-0.459844,-9.00527,0.0,0.0,0.0,0.0,0.0,0.0,0.0,28.4766,63.6794,0.0129973,0.143496,Nothing,seated
9.61032,64,-1.34121,-0.296982,-8.25803,0.0,0.0,0.0,0.0,0.0,0.0,0.0,31.1133,53.3785,0.0129973,0.143496,Nothing,seated
9.76048,65,-1.36037,-0.124541,-8.27719,0.0,0.0,0.0,0.0,0.0,0.0,0.0,29.5312,36.5223,0.0129973,0.143496,Nothing,seated
9.91065,66,-1.52323,-0.114961,-9.43638,0.0,0.0,0.0,0.0,0.0,0.0,0.0,24.2578,14.7495,0.0129973,0.143496,Nothing,seated
10.0608,67,-1.82021,-0.306563,-10.883,0.0,0.0,0.0,0.0,0.0,0.0,0.0,15.8203,-8.89645,0.0129973,0.143496,Nothing,seated
10.211,68,-2.01182,-0.469424,-12.0996,0.0,0.0,0.0,0.0,0.0,0.0,0.0,5.27344,-30.9033,0.0129973,0.143496,Nothing,seated
10.3611,69,-2.05014,-0.392783,-12.2338,0.0,0.0,0.0,0.0,0.0,0.0,0.0,-6.67969,-50.3351,0.0129973,0.143496,Nothing,seated
10.5113,70,-2.03098,-0.172441,-11.5727,0.0,0.0,0.0,0.0,0.0,0.0,0.0,-16.5234,-61.3389,0.0129973,0.143496,Nothing,seated
10.6615,71,-1.66693,-0.0574805,-10.2507,0.0,0.0,0.0,0.0,0.0,0.0,0.0,-24.2578,-64.6171,0.0129973,0.143496,Nothing,seated
10.8116,72,-1.41785,-0.210762,-8.93821,0.0,0.0,0.0,0.0,0.0,0.0,0.0,-29.0039,-59.7013,0.0129973,0.143496,Nothing,seated
10.9618,73,-1.31247,-0.440684,-8.44005,0.0,0.0,0.0,0.0,0.0,0.0,0.0,-30.0586,-47.0586,0.0129973,0.143496,Nothing,seated
11.112,74,-1.43701,-0.526904,-8.96695,0.0,0.0,0.0,0.0,0.0,0.0,0.0,-27.0703,-27.1581,0.0129973,0.143496,Nothing,seated
11.2621,75,-1.69567,-0.354463,-10.1549,0.0,0.0,0.0,0.0,0.0,0.0,0.0,-20.7422,-5.61884,0.0129973,0.143496,Nothing,seated
11.4123,76,-2.00224,-0.143701,-11.4003,0.0,0.0,0.0,0.0,0.0,0.0,0.0,-11.4258,17.0906,0.0129973,0.143496,Nothing,seated
11.5625,77,-2.2609,-0.0479004,-12.138,0.0,0.0,0.0,0.0,0.0,0.0,0.0,-0.527344,37.9265,0.0129973,0.143496,Nothing,seated
11.7126,78,-2.17468,-0.153281,-12.0038,0.0,0.0,0.0,0.0,0.0,0.0,0.0,10.0195,53.3783,0.0129973,0.143496,Nothing,seated
11.8628,79,-1.93518,-0.402363,-10.8063,0.0,0.0,0.0,0.0,0.0,0.0,0.0,19.3359,61.8064,0.0129973,0.143496,Nothing,seated
12.0128,80,-1.58071,-0.469424,-9.4747,0.0,0.0,0.0,0.0,0.0,0.0,0.0,26.1914,62.519,0.0129973,0.143496,Nothing,seated
12.163,81,-1.33163,-0.316143,-8.40173,0.0,0.0,0.0,0.0,0.0,0.0,0.0,29.5312,54.5574,0.0129973,0.143496,Nothing,seated
12.3132,82,-1.36037,-0.162861,-8.40173,0.0,0.0,0.0,0.0,0.0,0.0,0.0,29.0039,39.3379,0.0129973,0.143496,Nothing,seated
12.4633,83,-1.48491,-0.134121,-9.08191,0.0,0.0,0.0,0.0,0.0,0.0,0.0,24.7852,19.6689,0.0129973,0.143496,Nothing,seated
12.6135,84,-1.70525,-0.287402,-10.3273,0.0,0.0,0.0,0.0,0.0,0.0,0.0,17.4023,-2.57568,0.0129973,0.143496,Nothing,seated
12.7637,85,-1.95434,-0.459844,-11.6398,0.0,0.0,0.0,0.0,0.0,0.0,0.0,7.73438,-24.5821,0.0129973,0.143496,Nothing,seated
12.9138,86,-2.04056,-0.383203,-12.1188,0.0,0.0,0.0,0.0,0.0,0.0,0.0,-4.39453,-45.1842,0.0129973,0.143496,Nothing,seated
13.064,87,-1.98308,-0.182021,-11.6111,0.0,0.0,0.0,0.0,0.0,0.0,0.0,-13.1836,-56.1893,0.0129973,0.143496,Nothing,seated
13.2141,88,-1.73399,-0.0958008,-10.4902,0.0,0.0,0.0,0.0,0.0,0.0,0.0,-21.6211,-61.8081,0.0129973,0.143496,Nothing,seated
13.3643,89,-1.49449,-0.172441,-9.2831,0.0,0.0,0.0,0.0,0.0,0.0,0.0,-27.0703,-59.2331,0.0129973,0.143496,Nothing,seated
13.5145,90,-1.32205,-0.364043,-8.57417,0.0,0.0,0.0,0.0,0.0,0.0,0.0,-29.0039,-48.9315,0.0129973,0.143496,Nothing,seated
13.6646,91,-1.37953,-0.517324,-8.77535,0.0,0.0,0.0,0.0,0.0,0.0,0.0,-27.0703,-30.2015,0.0129973,0.143496,Nothing,seated
13.8148,92,-1.62861,-0.421523,-9.73336,0.0,0.0,0.0,0.0,0.0,0.0,0.0,-21.4453,-11.0034,0.0129973,0.143496,Nothing,seated
13.965,93,-1.90644,-0.162861,-11.0937,0.0,0.0,0.0,0.0,0.0,0.0,0.0,-13.3594,11.0034,0.0129973,0.143496,Nothing,seated
14.1151,94,-2.1172,-0.0574805,-11.9176,0.0,0.0,0.0,0.0,0.0,0.0,0.0,-3.16406,31.8395,0.0129973,0.143496,Nothing,seated
14.2653,95,-2.15552,-0.143701,-11.908,0.0,0.0,0.0,0.0,0.0,0.0,0.0,7.38281,48.4616,0.0129973,0.143496,Nothing,seated
14.4155,96,-2.05014,-0.325723,-11.1512,0.0,0.0,0.0,0.0,0.0,0.0,0.0,16.875,58.5292,0.0129973,0.143496,Nothing,seated
14.5656,97,-1.67651,-0.450264,-9.7142,0.0,0.0,0.0,0.0,0.0,0.0,0.0,23.9062,60.4024,0.0129973,0.143496,Nothing,seated
14.7158,98,-1.42743,-0.392783,-8.70829,0.0,0.0,0.0,0.0,0.0,0.0,0.0,28.125,55.2511,0.0129973,0.143496,Nothing,seated
14.866,99,-1.34121,-0.191602,-8.40173,0.0,0.0,0.0,0.0,0.0,0.0,0.0,28.4766,42.1411,0.0129973,0.143496,Nothing,seated
15.0161,100,-1.44659,-0.105381,-9.05317,0.0,0.0,0.0,0.0,0.0,0.0,0.0,24.2578,22.4752,0.0129973,0.143496,Nothing,seated
15.1663,101,-1.62861,-0.210762,-10.0399,0.0,0.0,0.0,0.0,0.0,0.0,0.0,18.6328,2.34123,0.0129973,0.143496,Nothing,seated
15.3164,102,-1.86812,-0.402363,-11.2183,0.0,0.0,0.0,0.0,0.0,0.0,0.0,9.49219,-19.1981,0.0129973,0.143496,Nothing,seated
15.4666,103,-1.98308,-0.440684,-11.9368,0.0,0.0,0.0,0.0,0.0,0.0,0.0,-0.527344,-38.1625,0.0129973,0.143496,Nothing,seated
15.6168,104,-1.95434,-0.258662,-11.6877,0.0,0.0,0.0,0.0,0.0,0.0,0.0,-10.5469,-51.9754,0.0129973,0.143496,Nothing,seated
15.7669,105,-1.82021,-0.124541,-10.6435,0.0,0.0,0.0,0.0,0.0,0.0,0.0,-19.1602,-57.8287,0.0129973,0.143496,Nothing,seated
15.9171,106,-1.50407,-0.153281,-9.45554,0.0,0.0,0.0,0.0,0.0,0.0,0.0,-25.1367,-58.2946,0.0129973,0.143496,Nothing,seated
16.0673,107,-1.36995,-0.335303,-8.67955,0.0,0.0,0.0,0.0,0.0,0.0,0.0,-27.7734,-49.6318,0.0129973,0.143496,Nothing,seated
16.2175,108,-1.33163,-0.459844,-8.69871,0.0,0.0,0.0,0.0,0.0,0.0,0.0,-26.7188,-34.8827,0.0129973,0.143496,Nothing,seated
16.3676,109,-1.55197,-0.450264,-9.5705,0.0,0.0,0.0,0.0,0.0,0.0,0.0,-22.1484,-15.4515,0.0129973,0.143496,Nothing,seated
16.5178,110,-1.84896,-0.220342,-10.6818,0.0,0.0,0.0,0.0,0.0,0.0,0.0,-14.7656,5.85283,0.0129973,0.143496,Nothing,seated
16.6679,111,-2.04056,-0.0766406,-11.6111,0.0,0.0,0.0,0.0,0.0,0.0,0.0,-4.74609,27.1573,0.0129973,0.143496,Nothing,seated
16.8181,112,-2.08846,-0.105381,-11.7931,0.0,0.0,0.0,0.0,0.0,0.0,0.0,4.74609,43.3118,0.0129973,0.143496,Nothing,seated
16.9683,113,-1.98308,-0.306563,-10.9979,0.0,0.0,0.0,0.0,0.0,0.0,0.0,14.4141,54.7835,0.0129973,0.143496,Nothing,seated
17.1184,114,-1.72441,-0.479004,-10.0782,0.0,0.0,0.0,0.0,0.0,0.0,0.0,21.7969,58.5297,0.0129973,0.143496,Nothing,seated
17.2686,115,-1.53281,-0.411943,-8.94779,0.0,0.0,0.0,0.0,0.0,0.0,0.0,26.3672,54.7838,0.0129973,0.143496,Nothing,seated
17.4188,116,-1.37953,-0.210762,-8.46879,0.0,0.0,0.0,0.0,0.0,0.0,0.0,27.5977,43.078,0.0129973,0.143496,Nothing,seated
17.5688,117,-1.41785,-0.153281,-8.82325,0.0,0.0,0.0,0.0,0.0,0.0,0.0,24.9609,26.9272,0.0129973,0.143496,Nothing,seated
17.719,118,-1.59987,-0.210762,-9.8579,0.0,0.0,0.0,0.0,0.0,0.0,0.0,19.3359,6.55623,0.0129973,0.143496,Nothing,seated
17.8692,119,-1.80105,-0.373623,-11.1033,0.0,0.0,0.0,0.0,0.0,0.0,0.0,10.8984,-14.5172,0.0129973,0.143496,Nothing,seated
18.0193,120,-1.9735,-0.421523,-11.6877,0.0,0.0,0.0,0.0,0.0,0.0,0.0,1.40625,-33.249,0.0129973,0.143496,Nothing,seated
18.1695,121,-1.93518,-0.258662,-11.6973,0.0,0.0,0.0,0.0,0.0,0.0,0.0,-8.26172,-47.7662,0.0129973,0.143496,Nothing,seated
18.3197,122,-1.80105,-0.143701,-10.8255,0.0,0.0,0.0,0.0,0.0,0.0,0.0,-17.0508,-55.9539,0.0129973,0.143496,Nothing,seated
18.4698,123,-1.57113,-0.124541,-9.6663,0.0,0.0,0.0,0.0,0.0,0.0,0.0,-23.2031,-56.6562,0.0129973,0.143496,Nothing,seated
18.62,124,-1.36037,-0.344883,-8.86157,0.0,0.0,0.0,0.0,0.0,0.0,0.0,-26.3672,-49.6329,0.0129973,0.143496,Nothing,seated
18.7702,125,-1.31247,-0.479004,-8.73703,0.0,0.0,0.0,0.0,0.0,0.0,0.0,-26.1914,-36.756,0.0129973,0.143496,Nothing,seated
18.9203,126,-1.48491,-0.392783,-9.31184,0.0,0.0,0.0,0.0,0.0,0.0,0.0,-22.5,-18.9631,0.0129973,0.143496,Nothing,seated
19.0705,127,-1.74357,-0.249082,-10.2698,0.0,0.0,0.0,0.0,0.0,0.0,0.0,-15.6445,1.8729,0.0129973,0.143496,Nothing,seated
19.2207,128,-2.00224,-0.143701,-11.3907,0.0,0.0,0.0,0.0,0.0,0.0,0.0,-6.32812,22.4746,0.0129973,0.143496,Nothing,seated
19.3708,129,-2.12678,-0.0958008,-11.6494,0.0,0.0,0.0,0.0,0.0,0.0,0.0,2.98828,39.0967,0.0129973,0.143496,Nothing,seated
19.521,130,-2.03098,-0.258662,-11.1608,0.0,0.0,0.0,0.0,0.0,0.0,0.0,12.6562,51.7394,0.0129973,0.143496,Nothing,seated
19.6712,131,-1.76273,-0.411943,-10.2028,0.0,0.0,0.0,0.0,0.0,0.0,0.0,19.8633,56.4227,0.0129973,0.143496,Nothing,seated
19.8213,132,-1.57113,-0.383203,-9.09149,0.0,0.0,0.0,0.0,0.0,0.0,0.0,24.7852,53.8475,0.0129973,0.143496,Nothing,seated
19.9715,133,-1.40827,-0.239502,-8.54543,0.0,0.0,0.0,0.0,0.0,0.0,0.0,26.543,43.7804,0.0129973,0.143496,Nothing,seated
20.1217,134,-1.40827,-0.114961,-8.73703,0.0,0.0,0.0,0.0,0.0,0.0,0.0,24.9609,29.2649,0.0129973,0.143496,Nothing,seated
20.2718,135,-1.59029,-0.210762,-9.50344,0.0,0.0,0.0,0.0,0.0,0.0,0.0,19.8633,9.5988,0.0129973,0.143496,Nothing,seated
20.422,136,-1.77231,-0.335303,-10.7105,0.0,0.0,0.0,0.0,0.0,0.0,0.0,12.4805,-9.83281,0.0129973,0.143496,Nothing,seated
20.5722,137,-1.96392,-0.431104,-11.5344,0.0,0.0,0.0,0.0,0.0,0.0,0.0,2.8125,-29.2642,0.0129973,0.143496,Nothing,seated
20.7223,138,-1.94476,-0.249082,-11.5057,0.0,0.0,0.0,0.0,0.0,0.0,0.0,-6.67969,-44.2479,0.0129973,0.143496,Nothing,seated
20.8725,139,-1.83938,-0.182021,-10.9213,0.0,0.0,0.0,0.0,0.0,0.0,0.0,-15.293,-53.6129,0.0129973,0.143496,Nothing,seated
21.0226,140,-1.64777,-0.134121,-9.92496,0.0,0.0,0.0,0.0,0.0,0.0,0.0,-21.4453,-55.0184,0.0129973,0.143496,Nothing,seated
21.1728,141,-1.43701,-0.249082,-9.11065,0.0,0.0,0.0,0.0,0.0,0.0,0.0,-25.1367,-50.1016,0.0129973,0.143496,Nothing,seated
21.323,142,-1.39869,-0.402363,-8.75619,0.0,0.0,0.0,0.0,0.0,0.0,0.0,-25.3125,-37.4593,0.0129973,0.143496,Nothing,seated
21.4731,143,-1.47533,-0.411943,-9.30226,0.0,0.0,0.0,0.0,0.0,0.0,0.0,-21.6211,-19.9003,0.0129973,0.143496,Nothing,seated
21.6233,144,-1.67651,-0.258662,-10.2411,0.0,0.0,0.0,0.0,0.0,0.0,0.0,-16.5234,-1.63888,0.0129973,0.143496,Nothing,seated
21.7734,145,-1.96392,-0.201182,-11.0458,0.0,0.0,0.0,0.0,0.0,0.0,0.0,-8.26172,17.5594,0.0129973,0.143496,Nothing,seated
21.9236,146,-2.04056,-0.143701,-11.5057,0.0,0.0,0.0,0.0,0.0,0.0,0.0,1.05469,34.8846,0.0129973,0.143496,Nothing,seated
22.0738,147,-2.01182,-0.239502,-11.2566,0.0,0.0,0.0,0.0,0.0,0.0,0.0,10.3711,47.5273,0.0129973,0.143496,Nothing,seated
22.2238,148,-1.81063,-0.383203,-10.2698,0.0,0.0,0.0,0.0,0.0,0.0,0.0,17.9297,52.6858,0.0129973,0.143496,IncreaseAccelerometer,seated
22.3739,149,-1.52323,-0.402363,-9.2831,0.0,0.0,0.0,0.0,0.0,0.0,0.0,23.3789,53.1587,0.0129973,0.143496,IncreaseAccelerometer,seated
22.5244,150,-1.38911,-0.268242,-8.62207,0.0,0.0,0.0,0.0,0.0,0.0,0.0,25.4883,44.9429,0.0129973,0.143496,IncreaseAccelerometer,seated
22.6745,151,-1.39869,-0.182021,-8.66997,0.0,0.0,0.0,0.0,0.0,0.0,0.0,24.4336,31.1361,0.0129973,0.143496,IncreaseAccelerometer,seated
22.8245,152,-1.54239,-0.191602,-9.41722,0.0,0.0,0.0,0.0,0.0,0.0,0.0,20.2148,13.1115,0.0129973,0.143496,IncreaseAccelerometer,seated
22.9746,153,-1.73399,-0.325723,-10.3752,0.0,0.0,0.0,0.0,0.0,0.0,0.0,13.3594,-6.0872,0.0129973,0.143496,IncreaseAccelerometer,seated
23.1247,154,-1.90644,-0.383203,-11.2758,0.0,0.0,0.0,0.0,0.0,0.0,0.0,4.74609,-24.8173,0.0129973,0.143496,IncreaseAccelerometer,seated
23.2748,155,-1.91602,-0.325723,-11.4865,0.0,0.0,0.0,0.0,0.0,0.0,0.0,-4.74609,-40.2925,0.0129973,0.143496,IncreaseAccelerometer,seated
23.4248,156,-1.62861,-0.210762,-10.4806,0.0,0.0,0.0,0.0,0.0,0.0,0.0,-13.7109,-50.8354,0.0129973,0.143496,IncreaseAccelerometer,seated
24.3499,157,-1.91602,-0.134121,-11.0746,0.0,0.0,0.0,0.0,0.0,0.0,0.0,-7.91016,-18.4387,0.0129973,0.143496,IncreaseAccelerometer,seated
24.4999,158,-1.40827,-0.134121,-8.77535,0.0,0.0,0.0,0.0,0.0,0.0,0.0,23.5547,6.68408,0.0129973,0.143496,IncreaseAccelerometer,seated
25.3623,159,-1.53281,-0.162861,-9.2352,0.0,0.0,0.0,0.0,0.0,0.0,0.0,20.918,7.22738,0.0129973,0.143496,IncreaseAccelerometer,seated
25.5124,160,-1.64777,-0.316143,-10.2219,0.0,0.0,0.0,0.0,0.0,0.0,0.0,14.7656,8.71995,0.0129973,0.143496,IncreaseAccelerometer,seated
25.6624,161,-1.81063,-0.364043,-11.0842,0.0,0.0,0.0,0.0,0.0,0.0,0.0,6.32812,8.95554,0.0129973,0.143496,IncreaseAccelerometer,seated
25.8125,162,-1.90644,-0.306563,-11.3524,0.0,0.0,0.0,0.0,0.0,0.0,0.0,-2.10938,3.96599,0.0129973,0.143496,IncreaseAccelerometer,seated
25.9626,163,-1.83938,-0.229922,-11.1129,0.0,0.0,0.0,0.0,0.0,0.0,0.0,-10.8984,-23.5554,0.0129973,0.143496,IncreaseAccelerometer,seated
26.1127,164,-1.66693,-0.153281,-10.2411,0.0,0.0,0.0,0.0,0.0,0.0,0.0,-18.1055,-52.0047,0.0129973,0.143496,IncreaseAccelerometer,seated
26.2627,165,-1.48491,-0.220342,-9.39806,0.0,0.0,0.0,0.0,0.0,0.0,0.0,-22.5,-49.6628,0.0129973,0.143496,IncreaseAccelerometer,seated
26.4128,166,-1.44659,-0.364043,-8.86157,0.0,0.0,0.0,0.0,0.0,0.0,0.0,-24.082,-40.5271,0.0129973,0.143496,IncreaseAccelerometer,seated
26.5629,167,-1.43701,-0.402363,-9.05317,0.0,0.0,0.0,0.0,0.0,0.0,0.0,-22.6758,-27.408,0.0129973,0.143496,IncreaseAccelerometer,seated
26.713,168,-1.60945,-0.296982,-9.74294,0.0,0.0,0.0,0.0,0.0,0.0,0.0,-18.1055,-9.60462,0.0129973,0.143496,IncreaseAccelerometer,seated
26.863,169,-1.82021,-0.220342,-10.5668,0.0,0.0,0.0,0.0,0.0,0.0,0.0,-11.25,9.1363,0.0129973,0.143496,IncreaseAccelerometer,seated
27.0131,170,-1.99266,-0.134121,-11.2853,0.0,0.0,0.0,0.0,0.0,0.0,0.0,-2.63672,26.4718,0.0129973,0.143496,IncreaseAccelerometer,seated
27.1632,171,-1.98308,-0.210762,-11.2279,0.0,0.0,0.0,0.0,0.0,0.0,0.0,6.15234,40.2934,0.0129973,0.143496,IncreaseAccelerometer,seated
27.3132,172,-1.83938,-0.316143,-10.5189,0.0,0.0,0.0,0.0,0.0,0.0,0.0,14.2383,49.1961,0.0129973,0.143496,IncreaseAccelerometer,seated
27.4633,173,-1.65735,-0.354463,-9.77168,0.0,0.0,0.0,0.0,0.0,0.0,0.0,20.2148,51.0703,0.0129973,0.143496,IncreaseAccelerometer,seated
27.6134,174,-1.47533,-0.306563,-8.96695,0.0,0.0,0.0,0.0,0.0,0.0,0.0,23.5547,46.385,0.0129973,0.143496,IncreaseAccelerometer,seated
27.7893,175,-1.90644,-0.172441,-8.85199,0.0,0.0,0.0,0.0,0.0,0.0,0.0,23.5547,33.7406,0.0178673,0.140658,IncreaseAccelerometer,extended
27.9394,176,1.61903,-0.871787,-6.9743,0.0,0.0,0.0,0.0,0.0,0.0,0.0,20.0391,17.8891,0.0178673,0.140658,IncreaseAccelerometer,extended
28.0895,177,-10.2698,-0.689766,-8.79451,0.0,0.0,0.0,0.0,0.0,0.0,0.0,14.2383,0.0,0.0178673,0.140658,IncreaseAccelerometer,extended
28.2396,178,-7.77902,-0.258662,-8.70829,0.0,0.0,0.0,0.0,0.0,0.0,0.0,5.80078,-18.5683,0.0178673,0.140658,IncreaseAccelerometer,extended
28.3896,179,-7.75986,-0.00958008,-9.09149,0.0,0.0,0.0,0.0,0.0,0.0,0.0,-2.46094,-33.5134,0.0178673,0.140658,IncreaseAccelerometer,extended
28.5397,180,-6.71563,-0.0958008,-8.47837,0.0,0.0,0.0,0.0,0.0,0.0,0.0,-10.7227,-45.681,0.0178673,0.140658,IncreaseAccelerometer,extended
28.6898,181,-6.61983,-0.134121,-8.04727,0.0,0.0,0.0,0.0,0.0,0.0,0.0,-17.5781,-50.1322,0.0178673,0.140658,IncreaseAccelerometer,extended
28.8399,182,-6.11209,-0.153281,-7.4054,0.0,0.0,0.0,0.0,0.0,0.0,0.0,-22.3242,-48.7267,0.0178673,0.140658,IncreaseAccelerometer,extended
28.9899,183,-5.36484,-0.277822,-6.96472,0.0,0.0,0.0,0.0,0.0,0.0,0.0,-23.9062,-39.5904,0.0178673,0.140658,IncreaseAccelerometer,extended
29.14,184,-5.77679,-0.344883,-7.25212,0.0,0.0,0.0,0.0,0.0,0.0,0.0,-22.3242,-26.4717,0.0178673,0.140658,IncreaseAccelerometer,extended
29.2901,185,-6.17915,-0.210762,-7.6449,0.0,0.0,0.0,0.0,0.0,0.0,0.0,-17.5781,-9.1362,0.0178673,0.140658,IncreaseAccelerometer,extended
29.4401,186,-6.64857,-0.162861,-8.21971,0.0,0.0,0.0,0.0,0.0,0.0,0.0,-11.0742,8.66774,0.0178673,0.140658,IncreaseAccelerometer,extended
29.5902,187,-7.18506,-0.0383203,-8.66039,0.0,0.0,0.0,0.0,0.0,0.0,0.0,-2.8125,26.0033,0.0178673,0.140658,IncreaseAccelerometer,extended
29.7403,188,-7.24254,-0.0958008,-8.55501,0.0,0.0,0.0,0.0,0.0,0.0,0.0,5.97656,39.825,0.0178673,0.140658,IncreaseAccelerometer,extended
29.8904,189,-6.75396,-0.249082,-8.07601,0.0,0.0,0.0,0.0,0.0,0.0,0.0,13.7109,48.0243,0.0178673,0.140658,IncreaseAccelerometer,extended
30.0404,190,-6.20789,-0.296982,-7.39582,0.0,0.0,0.0,0.0,0.0,0.0,0.0,19.6875,49.6649,0.0178673,0.140658,IncreaseAccelerometer,extended
30.1905,191,-5.59477,-0.162861,-6.7827,0.0,0.0,0.0,0.0,0.0,0.0,0.0,22.8516,45.2137,0.0178673,0.140658,IncreaseAccelerometer,extended
30.3406,192,-5.44148,-0.153281,-6.62941,0.0,0.0,0.0,0.0,0.0,0.0,0.0,23.2031,34.6719,0.0178673,0.140658,IncreaseAccelerometer,extended
30.4906,193,-5.74805,-0.0958008,-6.98388,0.0,0.0,0.0,0.0,0.0,0.0,0.0,20.2148,18.9757,0.0178673,0.140658,IncreaseAccelerometer,extended
30.6407,194,-6.24621,-0.210762,-7.57784,0.0,0.0,0.0,0.0,0.0,0.0,0.0,14.9414,1.63987,0.0178673,0.140658,IncreaseAccelerometer,extended
30.8204,195,-6.91682,-0.258662,-8.35383,0.0,0.0,0.0,0.0,0.0,0.0,0.0,5.80078,-17.8039,0.0129973,0.143496,IncreaseAccelerometer,seated
30.9705,196,-9.06275,0.0958008,-9.9058,0.0,0.0,0.0,0.0,0.0,0.0,0.0,-2.8125,-32.903,0.0129973,0.143496,IncreaseAccelerometer,seated
31.1206,197,-3.44883,-0.134121,-11.5536,0.0,0.0,0.0,0.0,0.0,0.0,0.0,-11.0742,-43.9459,0.0129973,0.143496,IncreaseAccelerometer,seated
31.2706,198,-2.19384,-0.182021,-10.3082,0.0,0.0,0.0,0.0,0.0,0.0,0.0,-17.5781,-48.4528,0.0129973,0.143496,IncreaseAccelerometer,seated
31.4207,199,-0.708926,-0.134121,-9.18729,0.0,0.0,0.0,0.0,0.0,0.0,0.0,-21.7969,-47.101,0.0129973,0.143496,IncreaseAccelerometer,seated
31.5708,200,-1.38911,-0.402363,-8.77535,0.0,0.0,0.0,0.0,0.0,0.0,0.0,-23.0273,-38.419,0.0129973,0.143496,IncreaseAccelerometer,seated
31.7208,201,-1.71483,-0.421523,-9.16813,0.0,0.0,0.0,0.0,0.0,0.0,0.0,-21.4453,-24.8327,0.0129973,0.143496,IncreaseAccelerometer,seated
31.8709,202,-1.73399,-0.249082,-9.70462,0.0,0.0,0.0,0.0,0.0,0.0,0.0,-16.875,-7.73092,0.0129973,0.143496,IncreaseAccelerometer,seated
32.021,203,-1.85854,-0.210762,-10.586,0.0,0.0,0.0,0.0,0.0,0.0,0.0,-10.0195,10.0737,0.0129973,0.143496,IncreaseAccelerometer,seated
32.1994,204,-2.1172,-0.201182,-11.2279,0.0,0.0,0.0,0.0,0.0,0.0,0.0,-0.175781,27.7648,0.0178673,0.140658,IncreaseAccelerometer,extended
32.3495,205,0.565225,0.450264,-8.95737,0.0,0.0,0.0,0.0,0.0,0.0,0.0,8.08594,39.9536,0.0178673,0.140658,IncreaseAccelerometer,extended
32.4996,206,-16.5161,-0.756826,-9.67588,0.0,0.0,0.0,0.0,0.0,0.0,0.0,15.293,47.1758,0.0178673,0.140658,IncreaseAccelerometer,extended
32.6496,207,-6.06419,-0.0383203,-7.73112,0.0,0.0,0.0,0.0,0.0,0.0,0.0,20.5664,48.0788,0.0178673,0.140658,IncreaseAccelerometer,extended
32.7997,208,-5.87259,0.191602,-6.80186,0.0,0.0,0.0,0.0,0.0,0.0,0.0,22.6758,41.9841,0.0178673,0.140658,IncreaseAccelerometer,extended
32.9498,209,-5.65225,-0.0191602,-6.59109,0.0,0.0,0.0,0.0,0.0,0.0,0.0,22.1484,29.7512,0.0178673,0.140658,IncreaseAccelerometer,extended
33.0998,210,-5.67141,-0.277822,-7.0222,0.0,0.0,0.0,0.0,0.0,0.0,0.0,18.6328,14.0559,0.0178673,0.140658,IncreaseAccelerometer,extended
33.2499,211,-6.40907,-0.162861,-7.94188,0.0,0.0,0.0,0.0,0.0,0.0,0.0,12.6562,-3.51404,0.0178673,0.140658,IncreaseAccelerometer,extended
33.4,212,-6.86892,-0.258662,-8.35383,0.0,0.0,0.0,0.0,0.0,0.0,0.0,5.09766,-20.6154,0.0178673,0.140658,IncreaseAccelerometer,extended
33.5501,213,-7.08926,-0.172441,-8.70829,0.0,0.0,0.0,0.0,0.0,0.0,0.0,-3.51562,-34.9052,0.0178673,0.140658,IncreaseAccelerometer,extended
33.7001,214,-6.91682,-0.0670606,-8.43047,0.0,0.0,0.0,0.0,0.0,0.0,0.0,-11.25,-44.509,0.0178673,0.140658,IncreaseAccelerometer,extended
33.8502,215,-6.38033,-0.134121,-7.7886,0.0,0.0,0.0,0.0,0.0,0.0,0.0,-17.7539,-48.4914,0.0178673,0.140658,IncreaseAccelerometer,extended
34.0003,216,-5.86301,-0.191602,-7.36708,0.0,0.0,0.0,0.0,0.0,0.0,0.0,-21.6211,-45.6802,0.0178673,0.140658,IncreaseAccelerometer,extended
34.1504,217,-5.70973,-0.229922,-7.15632,0.0,0.0,0.0,0.0,0.0,0.0,0.0,-22.8516,-37.2477,0.0178673,0.140658,IncreaseAccelerometer,extended
34.3004,218,-5.74805,-0.296982,-7.25212,0.0,0.0,0.0,0.0,0.0,0.0,0.0,-20.918,-23.1922,0.0178673,0.140658,IncreaseAccelerometer,extended
34.4505,219,-6.16957,-0.153281,-7.71196,0.0,0.0,0.0,0.0,0.0,0.0,0.0,-15.9961,-6.32528,0.0178673,0.140658,IncreaseAccelerometer,extended
34.6006,220,-6.84976,-0.105381,-8.31551,0.0,0.0,0.0,0.0,0.0,0.0,0.0,-9.49219,11.0106,0.0178673,0.140658,IncreaseAccelerometer,extended
34.7506,221,-7.12758,-0.0766406,-8.58375,0.0,0.0,0.0,0.0,0.0,0.0,0.0,-1.40625,26.9403,0.0178673,0.140658,IncreaseAccelerometer,extended
34.9007,222,-7.10842,-0.105381,-8.47837,0.0,0.0,0.0,0.0,0.0,0.0,0.0,7.03125,39.8251,0.0178673,0.140658,IncreaseAccelerometer,extended
35.0508,223,-6.65815,-0.220342,-8.04727,0.0,0.0,0.0,0.0,0.0,0.0,0.0,14.0625,46.6193,0.0178673,0.140658,IncreaseAccelerometer,extended
35.2008,224,-6.02587,-0.249082,-7.32876,0.0,0.0,0.0,0.0,0.0,0.0,0.0,19.3359,47.0875,0.0178673,0.140658,IncreaseAccelerometer,extended
35.3509,225,-5.59477,-0.201182,-6.8306,0.0,0.0,0.0,0.0,0.0,0.0,0.0,22.1484,42.1681,0.0178673,0.140658,IncreaseAccelerometer,extended
35.501,226,-5.51813,-0.134121,-6.76354,0.0,0.0,0.0,0.0,0.0,0.0,0.0,21.9727,31.1581,0.0178673,0.140658,IncreaseAccelerometer,extended
35.651,227,-5.78637,-0.134121,-7.09884,0.0,0.0,0.0,0.0,0.0,0.0,0.0,18.9844,15.9302,0.0178673,0.140658,IncreaseAccelerometer,extended
35.8011,228,-6.30369,-0.182021,-7.63532,0.0,0.0,0.0,0.0,0.0,0.0,0.0,13.3594,-0.937054,0.0178673,0.140658,IncreaseAccelerometer,extended
35.9512,229,-6.82102,-0.239502,-8.24845,0.0,0.0,0.0,0.0,0.0,0.0,0.0,5.97656,-17.8037,0.0178673,0.140658,IncreaseAccelerometer,extended
36.1013,230,-6.81144,-0.153281,-8.52627,0.0,0.0,0.0,0.0,0.0,0.0,0.0,-2.63672,-33.0297,0.0178673,0.140658,IncreaseAccelerometer,extended
36.2514,231,-6.95514,-0.134121,-8.42089,0.0,0.0,0.0,0.0,0.0,0.0,0.0,-10.0195,-42.6336,0.0178673,0.140658,IncreaseAccelerometer,extended
36.4014,232,-6.43781,-0.105381,-7.92272,0.0,0.0,0.0,0.0,0.0,0.0,0.0,-16.5234,-47.3195,0.0178673,0.140658,IncreaseAccelerometer,extended
36.5515,233,-5.93007,-0.162861,-7.43414,0.0,0.0,0.0,0.0,0.0,0.0,0.0,-20.918,-45.6799,0.0178673,0.140658,IncreaseAccelerometer,extended
36.7016,234,-5.67141,-0.258662,-7.118,0.0,0.0,0.0,0.0,0.0,0.0,0.0,-22.3242,-37.7157,0.0178673,0.140658,IncreaseAccelerometer,extended
36.8516,235,-5.73847,-0.258662,-7.22338,0.0,0.0,0.0,0.0,0.0,0.0,0.0,-20.918,-24.3635,0.0178673,0.140658,IncreaseAccelerometer,extended
37.0017,236,-6.15041,-0.201182,-7.60658,0.0,0.0,0.0,0.0,0.0,0.0,0.0,-16.875,-9.13651,0.0178673,0.140658,IncreaseAccelerometer,extended
37.1518,237,-6.70606,-0.134121,-8.13349,0.0,0.0,0.0,0.0,0.0,0.0,0.0,-10.3711,8.19938,0.0178673,0.140658,IncreaseAccelerometer,extended
37.3019,238,-7.10842,-0.0958008,-8.48795,0.0,0.0,0.0,0.0,0.0,0.0,0.0,-2.46094,24.598,0.0178673,0.140658,IncreaseAccelerometer,extended
37.4519,239,-7.09884,-0.105381,-8.38257,0.0,0.0,0.0,0.0,0.0,0.0,0.0,5.97656,37.7163,0.0178673,0.140658,IncreaseAccelerometer,extended
37.602,240,-6.68689,-0.229922,-7.96105,0.0,0.0,0.0,0.0,0.0,0.0,0.0,12.832,44.9781,0.0178673,0.140658,IncreaseAccelerometer,extended
37.7521,241,-6.22705,-0.220342,-7.32876,0.0,0.0,0.0,0.0,0.0,0.0,0.0,19.1602,48.0236,0.0178673,0.140658,IncreaseAccelerometer,extended
37.9021,242,-5.67141,-0.201182,-6.85934,0.0,0.0,0.0,0.0,0.0,0.0,0.0,21.6211,42.6356,0.0178673,0.140658,IncreaseAccelerometer,extended
38.0522,243,-5.51813,-0.162861,-6.74438,0.0,0.0,0.0,0.0,0.0,0.0,0.0,21.7969,32.3281,0.0178673,0.140658,IncreaseAccelerometer,extended
38.2023,244,-5.76721,-0.134121,-7.06052,0.0,0.0,0.0,0.0,0.0,0.0,0.0,19.1602,17.5696,0.0178673,0.140658,IncreaseAccelerometer,extended
38.3524,245,-6.28453,-0.191602,-7.597,0.0,0.0,0.0,0.0,0.0,0.0,0.0,13.8867,1.40556,0.0178673,0.140658,IncreaseAccelerometer,extended
38.5041,246,-6.79228,-0.210762,-8.22929,0.0,0.0,0.0,0.0,0.0,0.0,0.0,6.67969,-16.596,0.0178673,0.140658,IncreaseAccelerometer,extended
38.6542,247,-7.0701,-0.210762,-8.54543,0.0,0.0,0.0,0.0,0.0,0.0,0.0,-1.40625,-30.6208,0.0178673,0.140658,IncreaseAccelerometer,extended
38.8042,248,-6.98388,-0.114961,-8.42089,0.0,0.0,0.0,0.0,0.0,0.0,0.0,-9.14062,-41.14,0.0178673,0.140658,IncreaseAccelerometer,extended
38.9543,249,-6.52403,-0.143701,-8.00895,0.0,0.0,0.0,0.0,0.0,0.0,0.0,-15.8203,-46.5161,0.0178673,0.140658,IncreaseAccelerometer,extended
39.1044,250,-6.05461,-0.143701,-7.43414,0.0,0.0,0.0,0.0,0.0,0.0,0.0,-20.2148,-45.3482,0.0178673,0.140658,IncreaseAccelerometer,extended
39.2544,251,-5.70015,-0.220342,-7.118,0.0,0.0,0.0,0.0,0.0,0.0,0.0,-21.9727,-38.185,0.0178673,0.140658,IncreaseAccelerometer,extended
39.4045,252,-5.71931,-0.258662,-7.20422,0.0,0.0,0.0,0.0,0.0,0.0,0.0,-20.918,-26.0034,0.0178673,0.140658,IncreaseAccelerometer,extended
39.5546,253,-6.06419,-0.229922,-7.55868,0.0,0.0,0.0,0.0,0.0,0.0,0.0,-17.0508,-10.5419,0.0178673,0.140658,IncreaseAccelerometer,extended
39.7046,254,-6.59109,-0.153281,-8.07601,0.0,0.0,0.0,0.0,0.0,0.0,0.0,-10.7227,6.7938,0.0178673,0.140658,IncreaseAccelerometer,extended
39.8547,255,-7.01262,-0.0958008,-8.40173,0.0,0.0,0.0,0.0,0.0,0.0,0.0,-3.33984,22.4896,0.0178673,0.140658,IncreaseAccelerometer,extended
40.0048,256,-7.09884,-0.143701,-8.42089,0.0,0.0,0.0,0.0,0.0,0.0,0.0,4.57031,35.3732,0.0178673,0.140658,IncreaseAccelerometer,extended
40.1549,257,-6.7348,-0.210762,-7.98021,0.0,0.0,0.0,0.0,0.0,0.0,0.0,11.9531,43.8064,0.0178673,0.140658,IncreaseAccelerometer,extended
40.305,258,-6.17915,-0.229922,-7.31918,0.0,0.0,0.0,0.0,0.0,0.0,0.0,17.5781,46.1487,0.0178673,0.140658,IncreaseAccelerometer,extended
40.455,259,-5.72889,-0.210762,-6.88808,0.0,0.0,0.0,0.0,0.0,0.0,0.0,20.918,42.1663,0.0178673,0.140658,IncreaseAccelerometer,extended
40.6051,260,-5.53729,-0.153281,-6.71563,0.0,0.0,0.0,0.0,0.0,0.0,0.0,21.4453,33.0303,0.0178673,0.140658,IncreaseAccelerometer,extended
40.7552,261,-5.71931,-0.134121,-6.98388,0.0,0.0,0.0,0.0,0.0,0.0,0.0,19.1602,19.4437,0.0178673,0.140658,IncreaseAccelerometer,extended
40.9053,262,-6.19831,-0.134121,-7.44372,0.0,0.0,0.0,0.0,0.0,0.0,0.0,14.2383,3.04537,0.0178673,0.140658,IncreaseAccelerometer,extended
41.0553,263,-6.71563,-0.191602,-8.11433,0.0,0.0,0.0,0.0,0.0,0.0,0.0,7.38281,-13.5868,0.0178673,0.140658,IncreaseAccelerometer,extended
41.2054,264,-7.03178,-0.191602,-8.42089,0.0,0.0,0.0,0.0,0.0,0.0,0.0,-0.351562,-28.3448,0.0178673,0.140658,IncreaseAccelerometer,extended
41.3555,265,-6.99346,-0.134121,-8.43047,0.0,0.0,0.0,0.0,0.0,0.0,0.0,-8.08594,-39.3552,0.0178673,0.140658,IncreaseAccelerometer,extended
41.5056,266,-6.60067,-0.124541,-8.09517,0.0,0.0,0.0,0.0,0.0,0.0,0.0,-14.7656,-45.2112,0.0178673,0.140658,IncreaseAccelerometer,extended
41.6556,267,-6.09293,-0.134121,-7.55868,0.0,0.0,0.0,0.0,0.0,0.0,0.0,-19.3359,-44.7432,0.0178673,0.140658,IncreaseAccelerometer,extended
41.8057,268,-5.72889,-0.210762,-7.1659,0.0,0.0,0.0,0.0,0.0,0.0,0.0,-21.4453,-38.4191,0.0178673,0.140658,IncreaseAccelerometer,extended
41.9558,269,-5.70973,-0.258662,-7.17548,0.0,0.0,0.0,0.0,0.0,0.0,0.0,-20.7422,-27.1746,0.0178673,0.140658,IncreaseAccelerometer,extended
42.1058,270,-6.08335,-0.220342,-7.52036,0.0,0.0,0.0,0.0,0.0,0.0,0.0,-17.2266,-12.1817,0.0178673,0.140658,IncreaseAccelerometer,extended
42.2559,271,-6.57193,-0.182021,-8.01853,0.0,0.0,0.0,0.0,0.0,0.0,0.0,-11.6016,4.21687,0.0178673,0.140658,IncreaseAccelerometer,extended
42.406,272,-6.93598,-0.134121,-8.34425,0.0,0.0,0.0,0.0,0.0,0.0,0.0,-4.04297,20.381,0.0178673,0.140658,IncreaseAccelerometer,extended
42.556,273,-7.08926,-0.134121,-8.39215,0.0,0.0,0.0,0.0,0.0,0.0,0.0,4.21875,34.2027,0.0178673,0.140658,IncreaseAccelerometer,extended
42.7061,274,-6.7827,-0.191602,-8.00895,0.0,0.0,0.0,0.0,0.0,0.0,0.0,11.4258,42.8703,0.0178673,0.140658,IncreaseAccelerometer,extended
42.8562,275,-6.28453,-0.220342,-7.47246,0.0,0.0,0.0,0.0,0.0,0.0,0.0,17.0508,45.6819,0.0178673,0.140658,IncreaseAccelerometer,extended
43.0062,276,-5.77679,-0.210762,-7.00304,0.0,0.0,0.0,0.0,0.0,0.0,0.0,20.3906,42.6363,0.0178673,0.140658,IncreaseAccelerometer,extended
43.1563,277,-5.55645,-0.172441,-6.75396,0.0,0.0,0.0,0.0,0.0,0.0,0.0,21.0938,33.5,0.0178673,0.140658,IncreaseAccelerometer,extended
43.3064,278,-5.70015,-0.172441,-6.88808,0.0,0.0,0.0,0.0,0.0,0.0,0.0,18.9844,19.678,0.0178673,0.140658,IncreaseAccelerometer,extended
43.4565,279,-6.09293,-0.134121,-7.41498,0.0,0.0,0.0,0.0,0.0,0.0,0.0,14.4141,3.9824,0.0178673,0.140658,IncreaseAccelerometer,extended
43.6066,280,-6.66773,-0.220342,-8.00895,0.0,0.0,0.0,0.0,0.0,0.0,0.0,8.08594,-11.9471,0.0178673,0.140658,IncreaseAccelerometer,extended
43.7566,281,-6.95514,-0.210762,-8.38257,0.0,0.0,0.0,0.0,0.0,0.0,0.0,0.527344,-26.4709,0.0178673,0.140658,IncreaseAccelerometer,extended
43.9067,282,-6.9264,-0.124541,-8.38257,0.0,0.0,0.0,0.0,0.0,0.0,0.0,-7.20703,-37.7155,0.0178673,0.140658,IncreaseAccelerometer,extended
44.0568,283,-6.58151,-0.134121,-7.98979,0.0,0.0,0.0,0.0,0.0,0.0,0.0,-13.7109,-43.5719,0.0178673,0.140658,IncreaseAccelerometer,extended
44.2069,284,-6.09293,-0.143701,-7.5491,0.0,0.0,0.0,0.0,0.0,0.0,0.0,-18.8086,-44.2752,0.0178673,0.140658,IncreaseAccelerometer,extended
44.3569,285,-5.78637,-0.220342,-7.19464,0.0,0.0,0.0,0.0,0.0,0.0,0.0,-20.918,-38.6534,0.0178673,0.140658,IncreaseAccelerometer,extended
44.507,286,-5.72889,-0.249082,-7.13716,0.0,0.0,0.0,0.0,0.0,0.0,0.0,-20.3906,-27.8769,0.0178673,0.140658,IncreaseAccelerometer,extended
44.6571,287,-6.04503,-0.229922,-7.48204,0.0,0.0,0.0,0.0,0.0,0.0,0.0,-16.6992,-12.65,0.0178673,0.140658,IncreaseAccelerometer,extended
44.8071,288,-6.50487,-0.191602,-7.90356,0.0,0.0,0.0,0.0,0.0,0.0,0.0,-11.6016,2.81115,0.0178673,0.140658,IncreaseAccelerometer,extended
44.9572,289,-6.88808,-0.0574805,-8.31551,0.0,0.0,0.0,0.0,0.0,0.0,0.0,-3.86719,19.9117,0.0178673,0.140658,IncreaseAccelerometer,extended
45.1073,290,-7.01262,-0.114961,-8.36341,0.0,0.0,0.0,0.0,0.0,0.0,0.0,3.16406,32.0925,0.0178673,0.140658,IncreaseAccelerometer,extended
45.2574,291,-6.81144,-0.182021,-8.12391,0.0,0.0,0.0,0.0,0.0,0.0,0.0,10.0195,40.5261,0.0178673,0.140658,IncreaseAccelerometer,extended
45.4075,292,-6.32285,-0.229922,-7.5012,0.0,0.0,0.0,0.0,0.0,0.0,0.0,16.6992,44.5083,0.0178673,0.140658,IncreaseAccelerometer,extended
45.5575,293,-5.85343,-0.191602,-7.03178,0.0,0.0,0.0,0.0,0.0,0.0,0.0,19.6875,41.6973,0.0178673,0.140658,IncreaseAccelerometer,extended
45.7076,294,-5.58519,-0.182021,-6.8306,0.0,0.0,0.0,0.0,0.0,0.0,0.0,20.7422,32.7965,0.0178673,0.140658,IncreaseAccelerometer,extended
45.8578,295,-5.70015,-0.143701,-6.94556,0.0,0.0,0.0,0.0,0.0,0.0,0.0,18.9844,21.0807,0.0178673,0.140658,IncreaseAccelerometer,extended
