9.60827e-05,0,-1.60945,-0.296982,-9.65672,0.0,0.0,0.0,0.0,0.0,0.0,0.0,0.175781,0.0,0.0129973,0.143496,None,seated
0.150264,1,-1.64777,-0.258662,-9.65672,0.0,0.0,0.0,0.0,0.0,0.0,0.0,0.175781,0.0,0.0129973,0.143496,Nothing,seated
0.300424,2,-1.61903,-0.229922,-9.63756,0.0,0.0,0.0,0.0,0.0,0.0,0.0,0.175781,0.0,0.0129973,0.143496,Nothing,seated
0.45053,3,-1.61903,-0.268242,-9.62798,0.0,0.0,0.0,0.0,0.0,0.0,0.0,0.175781,0.0,0.0129973,0.143496,Nothing,seated
0.600692,4,-1.62861,-0.296982,-9.62798,0.0,0.0,0.0,0.0,0.0,0.0,0.0,0.175781,0.0,0.0129973,0.143496,Nothing,seated
0.750856,5,-1.66693,-0.249082,-9.58966,0.0,0.0,0.0,0.0,0.0,0.0,0.0,0.175781,0.0,0.0129973,0.143496,Nothing,seated
0.90102,6,-1.62861,-0.258662,-9.58966,0.0,0.0,0.0,0.0,0.0,0.0,0.0,0.175781,0.0,0.0129973,0.143496,Nothing,seated
1.05119,7,-1.37953,-0.258662,-9.70462,0.0,0.0,0.0,0.0,0.0,0.0,0.0,0.175781,0.0,0.0129973,0.143496,Nothing,seated
1.20136,8,-0.823887,-0.220342,-9.8579,0.0,0.0,0.0,0.0,0.0,0.0,0.0,0.527344,0.468235,0.0129973,0.143496,Nothing,seated
1.35152,9,0.0862207,-0.344883,-10.1261,0.0,0.0,0.0,0.0,0.0,0.0,0.0,1.75781,2.10705,0.0129973,0.143496,Nothing,seated
1.50168,10,0.641865,-0.201182,-10.3561,0.0,0.0,0.0,0.0,0.0,0.0,0.0,4.04297,5.15058,0.0129973,0.143496,Nothing,seated
1.65185,11,0.689766,-0.526904,-10.3082,0.0,0.0,0.0,0.0,0.0,0.0,0.0,7.55859,9.83283,0.0129973,0.143496,Nothing,seated
1.80202,12,0.881367,-0.325723,-10.289,0.0,0.0,0.0,0.0,0.0,0.0,0.0,11.9531,15.6857,0.0129973,0.143496,Nothing,seated
1.95218,13,0.737666,-0.00958008,-10.2028,0.0,0.0,0.0,0.0,0.0,0.0,0.0,16.875,21.7729,0.0129973,0.143496,Nothing,seated
2.10234,14,0.210762,-0.411943,-9.62798,0.0,0.0,0.0,0.0,0.0,0.0,0.0,20.918,25.519,0.0129973,0.143496,Nothing,seated
2.25252,15,-1.41785,-0.354463,-9.08191,0.0,0.0,0.0,0.0,0.0,0.0,0.0,23.3789,25.7526,0.0129973,0.143496,Nothing,seated
2.40268,16,-1.53281,-0.344883,-8.94779,0.0,0.0,0.0,0.0,0.0,0.0,0.0,22.5,19.8999,0.0129973,0.143496,Nothing,seated
2.55285,17,-1.46575,-0.143701,-9.31184,0.0,0.0,0.0,0.0,0.0,0.0,0.0,18.6328,8.89642,0.0129973,0.143496,Nothing,seated
2.70296,18,-1.69567,-0.277822,-10.2219,0.0,0.0,0.0,0.0,0.0,0.0,0.0,12.6562,-5.61919,0.0129973,0.143496,Nothing,seated
2.85312,19,-1.78189,-0.220342,-10.9788,0.0,0.0,0.0,0.0,0.0,0.0,0.0,4.57031,-21.7741,0.0129973,0.143496,Nothing,seated
3.00329,20,-1.85854,-0.287402,-11.1704,0.0,0.0,0.0,0.0,0.0,0.0,0.0,-3.69141,-36.0565,0.0129973,0.143496,Nothing,seated
3.15346,21,-1.77231,-0.277822,-10.768,0.0,0.0,0.0,0.0,0.0,0.0,0.0,-11.7773,-45.6559,0.0129973,0.143496,Nothing,seated
3.30353,22,-1.59987,-0.220342,-10.0303,0.0,0.0,0.0,0.0,0.0,0.0,0.0,-17.9297,-48.7059,0.0129973,0.143496,Nothing,seated
3.4537,23,-1.45617,-0.277822,-9.24478,0.0,0.0,0.0,0.0,0.0,0.0,0.0,-21.7969,-45.8923,0.0129973,0.143496,Nothing,seated
3.60386,24,-1.36037,-0.258662,-8.99569,0.0,0.0,0.0,0.0,0.0,0.0,0.0,-22.8516,-36.5269,0.0129973,0.143496,Nothing,seated
3.75402,25,-1.45617,-0.344883,-9.19688,0.0,0.0,0.0,0.0,0.0,0.0,0.0,-20.5664,-22.4781,0.0129973,0.143496,Nothing,seated
3.90418,26,-1.59029,-0.316143,-9.84832,0.0,0.0,0.0,0.0,0.0,0.0,0.0,-15.8203,-5.38541,0.0129973,0.143496,Nothing,seated
4.05435,27,-1.85854,-0.249082,-10.7105,0.0,0.0,0.0,0.0,0.0,0.0,0.0,-8.78906,12.1742,0.0129973,0.143496,Nothing,seated
4.20452,28,-1.94476,-0.249082,-11.1225,0.0,0.0,0.0,0.0,0.0,0.0,0.0,-0.527344,28.3281,0.0129973,0.143496,Nothing,seated
4.35469,29,-1.93518,-0.201182,-10.9404,0.0,0.0,0.0,0.0,0.0,0.0,0.0,7.73438,40.736,0.0129973,0.143496,Nothing,seated
4.50485,30,-1.77231,-0.277822,-10.4135,0.0,0.0,0.0,0.0,0.0,0.0,0.0,14.7656,47.0572,0.0129973,0.143496,Nothing,seated
4.65502,31,-1.61903,-0.325723,-9.53218,0.0,0.0,0.0,0.0,0.0,0.0,0.0,20.0391,47.7595,0.0129973,0.143496,Nothing,seated
4.80519,32,-1.42743,-0.306563,-8.93821,0.0,0.0,0.0,0.0,0.0,0.0,0.0,22.5,41.6722,0.0129973,0.143496,Nothing,seated
4.95535,33,-1.42743,-0.268242,-8.86157,0.0,0.0,0.0,0.0,0.0,0.0,0.0,22.1484,30.201,0.0129973,0.143496,Nothing,seated
5.10552,34,-1.50407,-0.229922,-9.331,0.0,0.0,0.0,0.0,0.0,0.0,0.0,18.8086,14.7493,0.0129973,0.143496,Nothing,seated
5.25569,35,-1.68609,-0.306563,-10.1645,0.0,0.0,0.0,0.0,0.0,0.0,0.0,13.0078,-2.34115,0.0129973,0.143496,Nothing,seated
5.40585,36,-1.80105,-0.325723,-10.8063,0.0,0.0,0.0,0.0,0.0,0.0,0.0,5.625,-19.1973,0.0129973,0.143496,Nothing,seated
5.55602,37,-1.85854,-0.344883,-11.1321,0.0,0.0,0.0,0.0,0.0,0.0,0.0,-2.63672,-33.4782,0.0129973,0.143496,Nothing,seated
5.70619,38,-1.80105,-0.239502,-10.8446,0.0,0.0,0.0,0.0,0.0,0.0,0.0,-10.5469,-43.5451,0.0129973,0.143496,Nothing,seated
5.85636,39,-1.61903,-0.201182,-10.0878,0.0,0.0,0.0,0.0,0.0,0.0,0.0,-16.875,-47.5252,0.0129973,0.143496,Nothing,seated
6.00652,40,-1.45617,-0.258662,-9.38848,0.0,0.0,0.0,0.0,0.0,0.0,0.0,-20.918,-45.1841,0.0129973,0.143496,Nothing,seated
6.15669,41,-1.41785,-0.344883,-9.01485,0.0,0.0,0.0,0.0,0.0,0.0,0.0,-22.1484,-36.9901,0.0129973,0.143496,Nothing,seated
6.30685,42,-1.44659,-0.364043,-9.20646,0.0,0.0,0.0,0.0,0.0,0.0,0.0,-20.3906,-23.6458,0.0129973,0.143496,Nothing,seated
6.45702,43,-1.58071,-0.306563,-9.84832,0.0,0.0,0.0,0.0,0.0,0.0,0.0,-15.9961,-7.25762,0.0129973,0.143496,Nothing,seated
6.60718,44,-1.80105,-0.220342,-10.5093,0.0,0.0,0.0,0.0,0.0,0.0,0.0,-9.31641,10.067,0.0129973,0.143496,Nothing,seated
6.75735,45,-1.89686,-0.172441,-11.0458,0.0,0.0,0.0,0.0,0.0,0.0,0.0,-1.40625,25.9868,0.0129973,0.143496,Nothing,seated
6.90752,46,-1.85854,-0.258662,-10.9692,0.0,0.0,0.0,0.0,0.0,0.0,0.0,6.67969,38.3948,0.0129973,0.143496,Nothing,seated
7.05768,47,-1.75315,-0.344883,-10.3082,0.0,0.0,0.0,0.0,0.0,0.0,0.0,13.7109,45.4186,0.0129973,0.143496,Nothing,seated
7.20784,48,-1.60945,-0.325723,-9.5705,0.0,0.0,0.0,0.0,0.0,0.0,0.0,19.1602,46.8234,0.0129973,0.143496,Nothing,seated
7.35801,49,-1.48491,-0.287402,-8.98611,0.0,0.0,0.0,0.0,0.0,0.0,0.0,21.7969,41.4386,0.0129973,0.143496,Nothing,seated
7.50818,50,-1.41785,-0.210762,-8.83283,0.0,0.0,0.0,0.0,0.0,0.0,0.0,21.7969,30.9035,0.0129973,0.143496,Nothing,seated
7.65834,51,-1.52323,-0.249082,-9.32142,0.0,0.0,0.0,0.0,0.0,0.0,0.0,18.8086,16.1541,0.0129973,0.143496,Nothing,seated
7.80852,52,-1.64777,-0.287402,-10.0399,0.0,0.0,0.0,0.0,0.0,0.0,0.0,13.3594,-0.468228,0.0129973,0.143496,Nothing,seated
7.95868,53,-1.80105,-0.325723,-10.768,0.0,0.0,0.0,0.0,0.0,0.0,0.0,6.15234,-17.3243,0.0129973,0.143496,Nothing,seated
8.10885,54,-1.8298,-0.287402,-11.0363,0.0,0.0,0.0,0.0,0.0,0.0,0.0,-1.93359,-31.6053,0.0129973,0.143496,Nothing,seated
8.25901,55,-1.80105,-0.229922,-10.7967,0.0,0.0,0.0,0.0,0.0,0.0,0.0,-9.49219,-41.6726,0.0129973,0.143496,Nothing,seated
8.40917,56,-1.62861,-0.182021,-10.0878,0.0,0.0,0.0,0.0,0.0,0.0,0.0,-16.1719,-46.589,0.0129973,0.143496,Nothing,seated
8.55933,57,-1.51365,-0.277822,-9.46512,0.0,0.0,0.0,0.0,0.0,0.0,0.0,-20.0391,-44.4829,0.0129973,0.143496,Nothing,seated
8.70951,58,-1.39869,-0.344883,-9.08191,0.0,0.0,0.0,0.0,0.0,0.0,0.0,-21.4453,-36.7564,0.0129973,0.143496,Nothing,seated
8.85967,59,-1.45617,-0.344883,-9.20646,0.0,0.0,0.0,0.0,0.0,0.0,0.0,-20.2148,-24.3484,0.0129973,0.143496,Nothing,seated
9.00984,60,-1.59029,-0.316143,-9.78126,0.0,0.0,0.0,0.0,0.0,0.0,0.0,-15.9961,-8.66229,0.0129973,0.143496,Nothing,seated
9.16,61,-1.73399,-0.229922,-10.471,0.0,0.0,0.0,0.0,0.0,0.0,0.0,-9.66797,8.6623,0.0129973,0.143496,Nothing,seated
9.31017,62,-1.85854,-0.210762,-10.8926,0.0,0.0,0.0,0.0,0.0,0.0,0.0,-2.10938,23.8796,0.0129973,0.143496,Nothing,seated
9.46033,63,-1.89686,-0.220342,-10.9021,0.0,0.0,0.0,0.0,0.0,0.0,0.0,5.625,36.0542,0.0129973,0.143496,Nothing,seated
9.61046,64,-1.82021,-0.296982,-10.3752,0.0,0.0,0.0,0.0,0.0,0.0,0.0,13.1836,44.4845,0.0129973,0.143496,Nothing,seated
9.76053,65,-1.59987,-0.325723,-9.58966,0.0,0.0,0.0,0.0,0.0,0.0,0.0,18.6328,46.1296,0.0129973,0.143496,Nothing,seated
9.91068,66,-1.49449,-0.249082,-9.01485,0.0,0.0,0.0,0.0,0.0,0.0,0.0,21.0938,40.9789,0.0129973,0.143496,Nothing,seated
10.0608,67,-1.44659,-0.239502,-8.89989,0.0,0.0,0.0,0.0,0.0,0.0,0.0,21.2695,31.1439,0.0129973,0.143496,Nothing,seated
10.211,68,-1.48491,-0.249082,-9.19688,0.0,0.0,0.0,0.0,0.0,0.0,0.0,18.6328,17.3281,0.0129973,0.143496,Nothing,seated
10.3612,69,-1.59987,-0.277822,-9.87706,0.0,0.0,0.0,0.0,0.0,0.0,0.0,13.7109,0.702461,0.0129973,0.143496,Nothing,seated
10.5113,70,-1.76273,-0.306563,-10.6147,0.0,0.0,0.0,0.0,0.0,0.0,0.0,6.67969,-15.9203,0.0129973,0.143496,Nothing,seated
10.6615,71,-1.81063,-0.287402,-10.9596,0.0,0.0,0.0,0.0,0.0,0.0,0.0,-1.05469,-29.4984,0.0129973,0.143496,Nothing,seated
10.8117,72,-1.78189,-0.229922,-10.7488,0.0,0.0,0.0,0.0,0.0,0.0,0.0,-8.78906,-40.0334,0.0129973,0.143496,Nothing,seated
10.9618,73,-1.69567,-0.239502,-9.91538,0.0,0.0,0.0,0.0,0.0,0.0,0.0,-16.5234,-46.8229,0.0129973,0.143496,Nothing,seated
11.112,74,-1.55197,-0.287402,-9.12982,0.0,0.0,0.0,0.0,0.0,0.0,0.0,-20.918,-46.123,0.0129973,0.143496,Nothing,seated
11.2918,75,-1.38911,-0.325723,-9.12023,0.0,0.0,0.0,0.0,0.0,0.0,0.0,-20.7422,-35.1373,0.0129973,0.143496,Nothing,seated
11.4419,76,-1.47533,-0.316143,-9.92496,0.0,0.0,0.0,0.0,0.0,0.0,0.0,-12.832,-15.0924,0.0129973,0.143496,Nothing,seated
11.6638,77,-1.65735,-0.239502,-10.2698,0.0,0.0,0.0,0.0,0.0,0.0,0.0,-10.3711,-1.85654,0.0129973,0.143496,Nothing,seated
11.8139,78,-1.8298,-0.239502,-10.768,0.0,0.0,0.0,0.0,0.0,0.0,0.0,-3.69141,15.0593,0.0129973,0.143496,Nothing,seated
11.9641,79,-1.8777,-0.249082,-10.9213,0.0,0.0,0.0,0.0,0.0,0.0,0.0,3.86719,29.0869,0.0129973,0.143496,Nothing,seated
12.1142,80,-1.78189,-0.306563,-10.471,0.0,0.0,0.0,0.0,0.0,0.0,0.0,11.9531,39.7534,0.0129973,0.143496,Nothing,seated
12.2643,81,-1.68609,-0.325723,-9.97286,0.0,0.0,0.0,0.0,0.0,0.0,0.0,15.8203,34.8374,0.0129973,0.143496,Nothing,seated
12.4145,82,-1.53281,-0.306563,-9.2352,0.0,0.0,0.0,0.0,0.0,0.0,0.0,19.8633,40.2767,0.0129973,0.143496,Nothing,seated
12.5646,83,-1.47533,-0.239502,-8.93821,0.0,0.0,0.0,0.0,0.0,0.0,0.0,21.0938,33.016,0.0129973,0.143496,Nothing,seated
12.7148,84,-1.44659,-0.277822,-9.09149,0.0,0.0,0.0,0.0,0.0,0.0,0.0,19.5117,20.8389,0.0129973,0.143496,Nothing,seated
12.865,85,-1.53281,-0.277822,-9.65672,0.0,0.0,0.0,0.0,0.0,0.0,0.0,15.6445,4.91685,0.0129973,0.143496,Nothing,seated
13.0151,86,-1.66693,-0.296982,-10.3082,0.0,0.0,0.0,0.0,0.0,0.0,0.0,9.49219,-8.42834,0.0129973,0.143496,Nothing,seated
13.1653,87,-1.77231,-0.287402,-10.7872,0.0,0.0,0.0,0.0,0.0,0.0,0.0,2.10938,-23.646,0.0129973,0.143496,Nothing,seated
13.3155,88,-1.80105,-0.249082,-10.8351,0.0,0.0,0.0,0.0,0.0,0.0,0.0,-5.80078,-35.8198,0.0129973,0.143496,Nothing,seated
13.4656,89,-1.68609,-0.239502,-10.3465,0.0,0.0,0.0,0.0,0.0,0.0,0.0,-13.0078,-43.3122,0.0129973,0.143496,Nothing,seated
13.6158,90,-1.55197,-0.239502,-9.69504,0.0,0.0,0.0,0.0,0.0,0.0,0.0,-17.7539,-44.4842,0.0129973,0.143496,Nothing,seated
13.7659,91,-1.45617,-0.306563,-9.24478,0.0,0.0,0.0,0.0,0.0,0.0,0.0,-20.0391,-39.3341,0.0129973,0.143496,Nothing,seated
13.9161,92,-1.41785,-0.344883,-9.16813,0.0,0.0,0.0,0.0,0.0,0.0,0.0,-20.0391,-29.5008,0.0129973,0.143496,Nothing,seated
14.0662,93,-1.49449,-0.325723,-9.39806,0.0,0.0,0.0,0.0,0.0,0.0,0.0,-17.5781,-15.6869,0.0129973,0.143496,Nothing,seated
14.2164,94,-1.66693,-0.306563,-10.0782,0.0,0.0,0.0,0.0,0.0,0.0,0.0,-12.4805,0.702387,0.0129973,0.143496,Nothing,seated
14.3665,95,-1.83938,-0.239502,-10.6626,0.0,0.0,0.0,0.0,0.0,0.0,0.0,-5.27344,16.6238,0.0129973,0.143496,Nothing,seated
14.5167,96,-1.85854,-0.239502,-10.8446,0.0,0.0,0.0,0.0,0.0,0.0,0.0,2.28516,29.7352,0.0129973,0.143496,Nothing,seated
14.6668,97,-1.79147,-0.287402,-10.586,0.0,0.0,0.0,0.0,0.0,0.0,0.0,8.96484,38.6326,0.0129973,0.143496,Nothing,seated
14.817,98,-1.72441,-0.306563,-9.9537,0.0,0.0,0.0,0.0,0.0,0.0,0.0,14.9414,43.3151,0.0129973,0.143496,Nothing,seated
14.9672,99,-1.57113,-0.277822,-9.35974,0.0,0.0,0.0,0.0,0.0,0.0,0.0,18.9844,41.9102,0.0129973,0.143496,Nothing,seated
15.1173,100,-1.45617,-0.277822,-8.98611,0.0,0.0,0.0,0.0,0.0,0.0,0.0,20.3906,34.1813,0.0129973,0.143496,Nothing,seated
15.2675,101,-1.47533,-0.268242,-9.09149,0.0,0.0,0.0,0.0,0.0,0.0,0.0,19.3359,22.7091,0.0129973,0.143496,Nothing,seated
15.4177,102,-1.51365,-0.287402,-9.65672,0.0,0.0,0.0,0.0,0.0,0.0,0.0,15.6445,8.8963,0.0129973,0.143496,Nothing,seated
15.5678,103,-1.66693,-0.296982,-10.2507,0.0,0.0,0.0,0.0,0.0,0.0,0.0,9.84375,-6.78929,0.0129973,0.143496,Nothing,seated
15.718,104,-1.79147,-0.296982,-10.7009,0.0,0.0,0.0,0.0,0.0,0.0,0.0,2.63672,-21.7726,0.0129973,0.143496,Nothing,seated
15.8682,105,-1.80105,-0.229922,-10.8255,0.0,0.0,0.0,0.0,0.0,0.0,0.0,-4.74609,-33.4783,0.0129973,0.143496,Nothing,seated
16.0183,106,-1.74357,-0.239502,-10.4135,0.0,0.0,0.0,0.0,0.0,0.0,0.0,-11.25,-40.7364,0.0129973,0.143496,Nothing,seated
16.1685,107,-1.57113,-0.258662,-9.84832,0.0,0.0,0.0,0.0,0.0,0.0,0.0,-16.5234,-42.8429,0.0129973,0.143496,Nothing,seated
16.3187,108,-1.49449,-0.306563,-9.32142,0.0,0.0,0.0,0.0,0.0,0.0,0.0,-19.3359,-38.863,0.0129973,0.143496,Nothing,seated
16.4688,109,-1.45617,-0.325723,-9.17772,0.0,0.0,0.0,0.0,0.0,0.0,0.0,-19.6875,-29.7327,0.0129973,0.143496,Nothing,seated
16.619,110,-1.48491,-0.316143,-9.4747,0.0,0.0,0.0,0.0,0.0,0.0,0.0,-17.4023,-16.8563,0.0129973,0.143496,Nothing,seated
16.7692,111,-1.59987,-0.277822,-9.93454,0.0,0.0,0.0,0.0,0.0,0.0,0.0,-12.4805,-1.63881,0.0129973,0.143496,Nothing,seated
16.9193,112,-1.78189,-0.268242,-10.5477,0.0,0.0,0.0,0.0,0.0,0.0,0.0,-6.15234,13.8129,0.0129973,0.143496,Nothing,seated
17.0695,113,-1.8298,-0.258662,-10.7776,0.0,0.0,0.0,0.0,0.0,0.0,0.0,1.05469,27.1574,0.0129973,0.143496,Nothing,seated
17.2197,114,-1.82021,-0.239502,-10.5572,0.0,0.0,0.0,0.0,0.0,0.0,0.0,8.08594,36.9903,0.0129973,0.143496,Nothing,seated
17.3698,115,-1.71483,-0.306563,-10.0016,0.0,0.0,0.0,0.0,0.0,0.0,0.0,14.0625,41.9068,0.0129973,0.143496,Nothing,seated
17.52,116,-1.56155,-0.306563,-9.32142,0.0,0.0,0.0,0.0,0.0,0.0,0.0,18.2812,40.9701,0.0129973,0.143496,Nothing,seated
17.6702,117,-1.44659,-0.258662,-9.01485,0.0,0.0,0.0,0.0,0.0,0.0,0.0,19.8633,34.649,0.0129973,0.143496,Nothing,seated
17.8203,118,-1.43701,-0.268242,-9.03401,0.0,0.0,0.0,0.0,0.0,0.0,0.0,18.9844,23.8799,0.0129973,0.143496,Nothing,seated
17.9705,119,-1.54239,-0.249082,-9.54176,0.0,0.0,0.0,0.0,0.0,0.0,0.0,15.4688,9.83279,0.0129973,0.143496,Nothing,seated
18.1207,120,-1.66693,-0.296982,-10.2028,0.0,0.0,0.0,0.0,0.0,0.0,0.0,9.49219,-6.08695,0.0129973,0.143496,Nothing,seated
18.2708,121,-1.76273,-0.325723,-10.6435,0.0,0.0,0.0,0.0,0.0,0.0,0.0,3.16406,-20.134,0.0129973,0.143496,Nothing,seated
18.421,122,-1.78189,-0.287402,-10.7776,0.0,0.0,0.0,0.0,0.0,0.0,0.0,-4.04297,-31.8399,0.0129973,0.143496,Nothing,seated
18.5712,123,-1.70525,-0.229922,-10.3848,0.0,0.0,0.0,0.0,0.0,0.0,0.0,-10.7227,-39.5657,0.0129973,0.143496,Nothing,seated
18.7213,124,-1.58071,-0.220342,-9.93454,0.0,0.0,0.0,0.0,0.0,0.0,0.0,-15.8203,-41.6733,0.0129973,0.143496,Nothing,seated
18.8715,125,-1.46575,-0.287402,-9.35016,0.0,0.0,0.0,0.0,0.0,0.0,0.0,-18.8086,-37.6933,0.0129973,0.143496,Nothing,seated
19.0217,126,-1.41785,-0.325723,-9.16813,0.0,0.0,0.0,0.0,0.0,0.0,0.0,-19.3359,-29.967,0.0129973,0.143496,Nothing,seated
19.1718,127,-1.46575,-0.335303,-9.39806,0.0,0.0,0.0,0.0,0.0,0.0,0.0,-17.0508,-17.3248,0.0129973,0.143496,Nothing,seated
19.322,128,-1.59987,-0.258662,-10.0112,0.0,0.0,0.0,0.0,0.0,0.0,0.0,-12.4805,-2.3412,0.0129973,0.143496,Nothing,seated
19.4722,129,-1.78189,-0.229922,-10.5477,0.0,0.0,0.0,0.0,0.0,0.0,0.0,-6.50391,12.4083,0.0129973,0.143496,Nothing,seated
19.6223,130,-1.8298,-0.258662,-10.6818,0.0,0.0,0.0,0.0,0.0,0.0,0.0,0.527344,25.7529,0.0129973,0.143496,Nothing,seated
19.7725,131,-1.80105,-0.258662,-10.5477,0.0,0.0,0.0,0.0,0.0,0.0,0.0,7.38281,35.5857,0.0129973,0.143496,Nothing,seated
19.9225,132,-1.69567,-0.249082,-10.0878,0.0,0.0,0.0,0.0,0.0,0.0,0.0,13.3594,40.5088,0.0129973,0.143496,Nothing,seated
20.0727,133,-1.55197,-0.287402,-9.43638,0.0,0.0,0.0,0.0,0.0,0.0,0.0,17.5781,40.0406,0.0129973,0.143496,Nothing,seated
20.2229,134,-1.42743,-0.296982,-9.04359,0.0,0.0,0.0,0.0,0.0,0.0,0.0,19.3359,34.4206,0.0129973,0.143496,Nothing,seated
20.373,135,-1.46575,-0.249082,-9.11065,0.0,0.0,0.0,0.0,0.0,0.0,0.0,18.6328,24.118,0.0129973,0.143496,Nothing,seated
20.5232,136,-1.55197,-0.268242,-9.43638,0.0,0.0,0.0,0.0,0.0,0.0,0.0,15.4688,10.7711,0.0129973,0.143496,Nothing,seated
20.6734,137,-1.63819,-0.306563,-10.107,0.0,0.0,0.0,0.0,0.0,0.0,0.0,10.0195,-4.44816,0.0129973,0.143496,Nothing,seated
20.8235,138,-1.75315,-0.306563,-10.5477,0.0,0.0,0.0,0.0,0.0,0.0,0.0,3.51562,-18.7291,0.0129973,0.143496,Nothing,seated
20.9737,139,-1.77231,-0.220342,-10.7009,0.0,0.0,0.0,0.0,0.0,0.0,0.0,-3.51562,-30.435,0.0129973,0.143496,Nothing,seated
21.1239,140,-1.70525,-0.239502,-10.4614,0.0,0.0,0.0,0.0,0.0,0.0,0.0,-10.0195,-38.1607,0.0129973,0.143496,Nothing,seated
21.274,141,-1.58071,-0.220342,-9.88664,0.0,0.0,0.0,0.0,0.0,0.0,0.0,-15.293,-40.9696,0.0129973,0.143496,Nothing,seated
21.4242,142,-1.47533,-0.296982,-9.4268,0.0,0.0,0.0,0.0,0.0,0.0,0.0,-18.2812,-37.6924,0.0129973,0.143496,Nothing,seated
21.5744,143,-1.45617,-0.296982,-9.18729,0.0,0.0,0.0,0.0,0.0,0.0,0.0,-18.8086,-29.7323,0.0129973,0.143496,Nothing,seated
21.7245,144,-1.49449,-0.325723,-9.35974,0.0,0.0,0.0,0.0,0.0,0.0,0.0,-16.875,-17.7926,0.0129973,0.143496,Nothing,seated
21.8747,145,-1.61903,-0.277822,-9.88664,0.0,0.0,0.0,0.0,0.0,0.0,0.0,-12.6562,-3.51171,0.0129973,0.143496,Nothing,seated
22.0249,146,-1.75315,-0.229922,-10.404,0.0,0.0,0.0,0.0,0.0,0.0,0.0,-6.67969,11.4717,0.0129973,0.143496,Nothing,seated
22.175,147,-1.82021,-0.249082,-10.6626,0.0,0.0,0.0,0.0,0.0,0.0,0.0,0.527344,25.0505,0.0129973,0.143496,Nothing,seated
22.3252,148,-1.80105,-0.296982,-10.5381,0.0,0.0,0.0,0.0,0.0,0.0,0.0,6.85547,34.1818,0.0129973,0.143496,Nothing,seated
22.4752,149,-1.70525,-0.296982,-10.0495,0.0,0.0,0.0,0.0,0.0,0.0,0.0,12.832,39.5717,0.0129973,0.143496,IncreaseAccelerometer,seated
22.6253,150,-1.52323,-0.287402,-9.50344,0.0,0.0,0.0,0.0,0.0,0.0,0.0,17.2266,39.8111,0.0129973,0.143496,IncreaseAccelerometer,seated
22.7754,151,-1.51365,-0.287402,-9.09149,0.0,0.0,0.0,0.0,0.0,0.0,0.0,18.9844,34.195,0.0129973,0.143496,IncreaseAccelerometer,seated
22.9255,152,-1.47533,-0.296982,-9.10107,0.0,0.0,0.0,0.0,0.0,0.0,0.0,18.2812,23.6584,0.0129973,0.143496,IncreaseAccelerometer,seated
23.0755,153,-1.57113,-0.249082,-9.46512,0.0,0.0,0.0,0.0,0.0,0.0,0.0,15.293,11.245,0.0129973,0.143496,IncreaseAccelerometer,seated
23.2256,154,-1.64777,-0.316143,-10.0687,0.0,0.0,0.0,0.0,0.0,0.0,0.0,10.1953,-3.514,0.0129973,0.143496,IncreaseAccelerometer,seated
23.3757,155,-1.74357,-0.316143,-10.5093,0.0,0.0,0.0,0.0,0.0,0.0,0.0,3.86719,-17.8042,0.0129973,0.143496,IncreaseAccelerometer,seated
23.5257,156,-1.74357,-0.258662,-10.653,0.0,0.0,0.0,0.0,0.0,0.0,0.0,-3.16406,-29.5179,0.0129973,0.143496,IncreaseAccelerometer,seated
23.6758,157,-1.70525,-0.249082,-10.4614,0.0,0.0,0.0,0.0,0.0,0.0,0.0,-9.31641,-36.7802,0.0129973,0.143496,IncreaseAccelerometer,seated
23.8259,158,-1.59987,-0.268242,-9.9058,0.0,0.0,0.0,0.0,0.0,0.0,0.0,-14.4141,-39.5913,0.0129973,0.143496,IncreaseAccelerometer,seated
23.9759,159,-1.51365,-0.287402,-9.41722,0.0,0.0,0.0,0.0,0.0,0.0,0.0,-17.5781,-37.0149,0.0129973,0.143496,IncreaseAccelerometer,seated
24.152,160,-1.26457,-0.258662,-9.15856,0.0,0.0,0.0,0.0,0.0,0.0,0.0,-18.2812,-28.5277,0.0178673,0.140658,IncreaseAccelerometer,extended
24.3021,161,1.32205,0.229922,-5.89175,0.0,0.0,0.0,0.0,0.0,0.0,0.0,-16.3477,-16.9807,0.0178673,0.140658,IncreaseAccelerometer,extended
24.4522,162,-9.97286,-0.450264,-8.71787,0.0,0.0,0.0,0.0,0.0,0.0,0.0,-11.9531,-3.39614,0.0178673,0.140658,IncreaseAccelerometer,extended
24.6022,163,-8.11433,-0.0383203,-8.10475,0.0,0.0,0.0,0.0,0.0,0.0,0.0,-6.15234,10.6413,0.0178673,0.140658,IncreaseAccelerometer,extended
24.7523,164,-7.33834,0.0191602,-8.63165,0.0,0.0,0.0,0.0,0.0,0.0,0.0,0.703125,23.5466,0.0178673,0.140658,IncreaseAccelerometer,extended
24.9024,165,-6.16957,-0.0383203,-8.11433,0.0,0.0,0.0,0.0,0.0,0.0,0.0,7.20703,33.9693,0.0178673,0.140658,IncreaseAccelerometer,extended
25.0524,166,-6.10251,-0.210762,-7.44372,0.0,0.0,0.0,0.0,0.0,0.0,0.0,12.832,38.8891,0.0178673,0.140658,IncreaseAccelerometer,extended
25.2025,167,-6.13125,-0.182021,-7.0701,0.0,0.0,0.0,0.0,0.0,0.0,0.0,16.5234,37.9515,0.0178673,0.140658,IncreaseAccelerometer,extended
25.3526,168,-5.65225,-0.239502,-6.9743,0.0,0.0,0.0,0.0,0.0,0.0,0.0,18.2812,32.5632,0.0178673,0.140658,IncreaseAccelerometer,extended
25.5027,169,-5.70973,-0.220342,-7.09884,0.0,0.0,0.0,0.0,0.0,0.0,0.0,17.4023,22.2552,0.0178673,0.140658,IncreaseAccelerometer,extended
25.6527,170,-5.95881,-0.153281,-7.24254,0.0,0.0,0.0,0.0,0.0,0.0,0.0,14.2383,9.37055,0.0178673,0.140658,IncreaseAccelerometer,extended
25.8028,171,-6.24621,-0.210762,-7.67364,0.0,0.0,0.0,0.0,0.0,0.0,0.0,9.14062,-4.91954,0.0178673,0.140658,IncreaseAccelerometer,extended
25.9529,172,-6.72521,-0.210762,-8.19097,0.0,0.0,0.0,0.0,0.0,0.0,0.0,2.8125,-18.2725,0.0178673,0.140658,IncreaseAccelerometer,extended
26.1029,173,-6.74438,-0.220342,-8.22929,0.0,0.0,0.0,0.0,0.0,0.0,0.0,-3.86719,-29.5171,0.0178673,0.140658,IncreaseAccelerometer,extended
26.2794,174,-6.56235,-0.153281,-8.03769,0.0,0.0,0.0,0.0,0.0,0.0,0.0,-10.8984,-36.4352,0.0178673,0.140658,IncreaseAccelerometer,extended
26.4295,175,-6.11209,-0.114961,-7.597,0.0,0.0,0.0,0.0,0.0,0.0,0.0,-15.4688,-38.2457,0.0178673,0.140658,IncreaseAccelerometer,extended
26.5795,176,-5.82469,-0.162861,-7.29044,0.0,0.0,0.0,0.0,0.0,0.0,0.0,-17.9297,-34.8511,0.0178673,0.140658,IncreaseAccelerometer,extended
26.7296,177,-5.85343,-0.220342,-7.32876,0.0,0.0,0.0,0.0,0.0,0.0,0.0,-16.3477,-24.6677,0.0178673,0.140658,IncreaseAccelerometer,extended
26.9484,178,-6.10251,-0.220342,-7.61616,0.0,0.0,0.0,0.0,0.0,0.0,0.0,-13.7109,-11.643,0.0178673,0.140658,IncreaseAccelerometer,extended
27.0985,179,-6.51445,-0.134121,-7.92272,0.0,0.0,0.0,0.0,0.0,0.0,0.0,-8.61328,2.78994,0.0178673,0.140658,IncreaseAccelerometer,extended
27.2485,180,-6.72521,-0.143701,-8.19097,0.0,0.0,0.0,0.0,0.0,0.0,0.0,-2.28516,16.0958,0.0178673,0.140658,IncreaseAccelerometer,extended
27.3986,181,-6.7348,-0.153281,-8.17181,0.0,0.0,0.0,0.0,0.0,0.0,0.0,4.39453,27.2556,0.0178673,0.140658,IncreaseAccelerometer,extended
27.5487,182,-6.51445,-0.191602,-7.77902,0.0,0.0,0.0,0.0,0.0,0.0,0.0,10.3711,32.6209,0.0178673,0.140658,IncreaseAccelerometer,extended
27.6987,183,-6.09293,-0.220342,-7.4054,0.0,0.0,0.0,0.0,0.0,0.0,0.0,14.9414,38.1859,0.0178673,0.140658,IncreaseAccelerometer,extended
27.8488,184,-5.80553,-0.182021,-7.0701,0.0,0.0,0.0,0.0,0.0,0.0,0.0,17.5781,34.9063,0.0178673,0.140658,IncreaseAccelerometer,extended
27.9989,185,-5.66183,-0.134121,-6.9743,0.0,0.0,0.0,0.0,0.0,0.0,0.0,17.7539,26.7068,0.0178673,0.140658,IncreaseAccelerometer,extended
28.1489,186,-5.80553,-0.134121,-7.118,0.0,0.0,0.0,0.0,0.0,0.0,0.0,15.4688,14.759,0.0178673,0.140658,IncreaseAccelerometer,extended
28.299,187,-6.15999,-0.172441,-7.53952,0.0,0.0,0.0,0.0,0.0,0.0,0.0,11.4258,1.40561,0.0178673,0.140658,IncreaseAccelerometer,extended
28.4491,188,-6.54319,-0.191602,-7.95147,0.0,0.0,0.0,0.0,0.0,0.0,0.0,5.625,-12.4163,0.0178673,0.140658,IncreaseAccelerometer,extended
28.5992,189,-6.72521,-0.210762,-8.17181,0.0,0.0,0.0,0.0,0.0,0.0,0.0,-1.05469,-24.8324,0.0178673,0.140658,IncreaseAccelerometer,extended
28.7492,190,-6.64857,-0.134121,-8.11433,0.0,0.0,0.0,0.0,0.0,0.0,0.0,-7.38281,-33.4997,0.0178673,0.140658,IncreaseAccelerometer,extended
28.8993,191,-6.31327,-0.124541,-7.85566,0.0,0.0,0.0,0.0,0.0,0.0,0.0,-12.6562,-37.4821,0.0178673,0.140658,IncreaseAccelerometer,extended
29.0494,192,-6.12167,-0.172441,-7.58742,0.0,0.0,0.0,0.0,0.0,0.0,0.0,-16.5234,-37.248,0.0178673,0.140658,IncreaseAccelerometer,extended
29.1994,193,-5.82469,-0.201182,-7.30002,0.0,0.0,0.0,0.0,0.0,0.0,0.0,-17.9297,-31.3911,0.0178673,0.140658,IncreaseAccelerometer,extended
29.3495,194,-5.88217,-0.229922,-7.31918,0.0,0.0,0.0,0.0,0.0,0.0,0.0,-17.0508,-21.3178,0.0178673,0.140658,IncreaseAccelerometer,extended
29.4996,195,-6.12167,-0.210762,-7.55868,0.0,0.0,0.0,0.0,0.0,0.0,0.0,-13.7109,-8.43345,0.0178673,0.140658,IncreaseAccelerometer,extended
29.6497,196,-6.39949,-0.172441,-7.91315,0.0,0.0,0.0,0.0,0.0,0.0,0.0,-8.78906,5.15381,0.0178673,0.140658,IncreaseAccelerometer,extended
29.7997,197,-6.74438,-0.153281,-8.17181,0.0,0.0,0.0,0.0,0.0,0.0,0.0,-2.63672,18.5066,0.0178673,0.140658,IncreaseAccelerometer,extended
29.9498,198,-6.75396,-0.201182,-8.12391,0.0,0.0,0.0,0.0,0.0,0.0,0.0,3.86719,29.0482,0.0178673,0.140658,IncreaseAccelerometer,extended
30.0999,199,-6.48571,-0.191602,-7.81734,0.0,0.0,0.0,0.0,0.0,0.0,0.0,9.84375,35.8421,0.0178673,0.140658,IncreaseAccelerometer,extended
30.2727,200,-6.01629,-0.172441,-7.39582,0.0,0.0,0.0,0.0,0.0,0.0,0.0,14.9414,37.063,0.0129973,0.143496,IncreaseAccelerometer,seated
30.4227,201,-4.50264,-0.469424,-6.26537,0.0,0.0,0.0,0.0,0.0,0.0,0.0,17.2266,33.6523,0.0129973,0.143496,IncreaseAccelerometer,seated
30.5728,202,0.344883,-0.622705,-7.32876,0.0,0.0,0.0,0.0,0.0,0.0,0.0,17.4023,25.9216,0.0129973,0.143496,IncreaseAccelerometer,seated
30.7229,203,-3.28597,-0.124541,-9.94412,0.0,0.0,0.0,0.0,0.0,0.0,0.0,15.1172,14.5524,0.0129973,0.143496,IncreaseAccelerometer,seated
30.8729,204,-1.03465,-0.392783,-9.59924,0.0,0.0,0.0,0.0,0.0,0.0,0.0,10.8984,1.36429,0.0129973,0.143496,IncreaseAccelerometer,seated
31.023,205,-1.85854,-0.517324,-10.6722,0.0,0.0,0.0,0.0,0.0,0.0,0.0,5.09766,-13.1189,0.0129973,0.143496,IncreaseAccelerometer,seated
31.1731,206,-1.85854,-0.229922,-10.3561,0.0,0.0,0.0,0.0,0.0,0.0,0.0,-1.23047,-24.5978,0.0129973,0.143496,IncreaseAccelerometer,seated
31.3232,207,-1.64777,-0.229922,-10.2507,0.0,0.0,0.0,0.0,0.0,0.0,0.0,-7.55859,-33.2657,0.0129973,0.143496,IncreaseAccelerometer,seated
31.5061,208,-1.57113,-0.210762,-9.89622,0.0,0.0,0.0,0.0,0.0,0.0,0.0,-13.7109,-36.807,0.0178673,0.140658,IncreaseAccelerometer,extended
31.6562,209,0.526904,-0.162861,-4.74214,0.0,0.0,0.0,0.0,0.0,0.0,0.0,-16.5234,-35.0115,0.0178673,0.140658,IncreaseAccelerometer,extended
31.8062,210,-9.06275,-0.373623,-7.77902,0.0,0.0,0.0,0.0,0.0,0.0,0.0,-17.2266,-28.5029,0.0178673,0.140658,IncreaseAccelerometer,extended
31.9563,211,-6.27495,-0.728086,-7.33834,0.0,0.0,0.0,0.0,0.0,0.0,0.0,-15.6445,-18.4033,0.0178673,0.140658,IncreaseAccelerometer,extended
32.1064,212,-6.34201,-0.143701,-7.73112,0.0,0.0,0.0,0.0,0.0,0.0,0.0,-11.9531,-5.61069,0.0178673,0.140658,IncreaseAccelerometer,extended
32.2565,213,-6.68689,-0.249082,-8.32509,0.0,0.0,0.0,0.0,0.0,0.0,0.0,-5.625,10.7761,0.0178673,0.140658,IncreaseAccelerometer,extended
32.4065,214,-6.62941,-0.258662,-8.20055,0.0,0.0,0.0,0.0,0.0,0.0,0.0,-0.527344,21.3178,0.0178673,0.140658,IncreaseAccelerometer,extended
32.5566,215,-6.7827,-0.153281,-8.09517,0.0,0.0,0.0,0.0,0.0,0.0,0.0,5.625,30.4543,0.0178673,0.140658,IncreaseAccelerometer,extended
32.7067,216,-6.24621,-0.306563,-7.597,0.0,0.0,0.0,0.0,0.0,0.0,0.0,11.0742,35.6084,0.0178673,0.140658,IncreaseAccelerometer,extended
32.8801,217,-5.95881,-0.124541,-7.2138,0.0,0.0,0.0,0.0,0.0,0.0,0.0,15.4688,35.4407,0.0129973,0.143496,IncreaseAccelerometer,seated
33.0302,218,-8.00895,-0.344883,-7.30002,0.0,0.0,0.0,0.0,0.0,0.0,0.0,17.0508,29.3063,0.0129973,0.143496,IncreaseAccelerometer,seated
33.1803,219,-0.728086,-0.469424,-7.37666,0.0,0.0,0.0,0.0,0.0,0.0,0.0,16.3477,21.8093,0.0129973,0.143496,IncreaseAccelerometer,seated
33.3303,220,-3.97573,-0.134121,-9.54176,0.0,0.0,0.0,0.0,0.0,0.0,0.0,13.3594,9.99594,0.0129973,0.143496,IncreaseAccelerometer,seated
33.4804,221,-1.14961,-0.344883,-9.93454,0.0,0.0,0.0,0.0,0.0,0.0,0.0,8.78906,-2.95337,0.0129973,0.143496,IncreaseAccelerometer,seated
33.6305,222,-1.68609,-0.469424,-10.471,0.0,0.0,0.0,0.0,0.0,0.0,0.0,2.98828,-16.6329,0.0129973,0.143496,IncreaseAccelerometer,seated
33.8059,223,-1.9256,-0.258662,-10.5093,0.0,0.0,0.0,0.0,0.0,0.0,0.0,-4.21875,-27.4209,0.0178673,0.140658,IncreaseAccelerometer,extended
33.9559,224,3.24765,0.775986,-8.21013,0.0,0.0,0.0,0.0,0.0,0.0,0.0,-9.84375,-33.7663,0.0178673,0.140658,IncreaseAccelerometer,extended
34.106,225,-12.2912,-1.06339,-8.46879,0.0,0.0,0.0,0.0,0.0,0.0,0.0,-14.0625,-35.3517,0.0178673,0.140658,IncreaseAccelerometer,extended
34.2561,226,-7.06052,0.402363,-7.44372,0.0,0.0,0.0,0.0,0.0,0.0,0.0,-16.3477,-32.4056,0.0178673,0.140658,IncreaseAccelerometer,extended
34.4062,227,-7.20422,0.0191602,-8.16223,0.0,0.0,0.0,0.0,0.0,0.0,0.0,-16.5234,-25.154,0.0178673,0.140658,IncreaseAccelerometer,extended
34.5562,228,-5.15408,-0.239502,-6.85934,0.0,0.0,0.0,0.0,0.0,0.0,0.0,-14.4141,-13.5874,0.0178673,0.140658,IncreaseAccelerometer,extended
34.7063,229,-6.58151,-0.172441,-7.70238,0.0,0.0,0.0,0.0,0.0,0.0,0.0,-10.3711,-0.702797,0.0178673,0.140658,IncreaseAccelerometer,extended
34.8564,230,-6.64857,-0.134121,-8.09517,0.0,0.0,0.0,0.0,0.0,0.0,0.0,-5.27344,11.7136,0.0178673,0.140658,IncreaseAccelerometer,extended
35.0427,231,-6.43781,-0.191602,-7.86524,0.0,0.0,0.0,0.0,0.0,0.0,0.0,2.46094,23.9106,0.0129973,0.143496,IncreaseAccelerometer,seated
35.1928,232,-6.95514,-0.0670606,-7.67364,0.0,0.0,0.0,0.0,0.0,0.0,0.0,8.61328,31.9552,0.0129973,0.143496,IncreaseAccelerometer,seated
35.3429,233,-1.9735,0.421523,-9.81,0.0,0.0,0.0,0.0,0.0,0.0,0.0,13.5352,35.5302,0.0129973,0.143496,IncreaseAccelerometer,seated
35.4929,234,-2.08846,-0.0574805,-9.93454,0.0,0.0,0.0,0.0,0.0,0.0,0.0,15.8203,33.2955,0.0129973,0.143496,IncreaseAccelerometer,seated
35.643,235,-1.88728,-0.450264,-9.2831,0.0,0.0,0.0,0.0,0.0,0.0,0.0,16.5234,27.709,0.0129973,0.143496,IncreaseAccelerometer,seated
35.7931,236,-1.64777,-0.325723,-9.25436,0.0,0.0,0.0,0.0,0.0,0.0,0.0,15.1172,16.8672,0.0129973,0.143496,IncreaseAccelerometer,seated
35.9431,237,-1.80105,-0.162861,-9.64714,0.0,0.0,0.0,0.0,0.0,0.0,0.0,11.25,3.51402,0.0129973,0.143496,IncreaseAccelerometer,seated
36.1817,238,-2.42376,-0.134121,-11.2949,0.0,0.0,0.0,0.0,0.0,0.0,0.0,3.16406,-12.364,0.0178673,0.140658,IncreaseAccelerometer,extended
36.3317,239,-0.823887,0.239502,-10.7776,0.0,0.0,0.0,0.0,0.0,0.0,0.0,-2.63672,-22.0038,0.0178673,0.140658,IncreaseAccelerometer,extended
36.4818,240,-8.93821,0.392783,-8.26761,0.0,0.0,0.0,0.0,0.0,0.0,0.0,-8.26172,-29.5475,0.0178673,0.140658,IncreaseAccelerometer,extended
36.6319,241,-7.47246,0.134121,-8.36341,0.0,0.0,0.0,0.0,0.0,0.0,0.0,-13.0078,-33.529,0.0178673,0.140658,IncreaseAccelerometer,extended
36.782,242,-7.08926,-0.258662,-7.52036,0.0,0.0,0.0,0.0,0.0,0.0,0.0,-15.8203,-32.2715,0.0178673,0.140658,IncreaseAccelerometer,extended
36.932,243,-5.49897,-0.172441,-6.93598,0.0,0.0,0.0,0.0,0.0,0.0,0.0,-16.1719,-25.7693,0.0178673,0.140658,IncreaseAccelerometer,extended
37.0821,244,-5.92049,-0.296982,-7.42456,0.0,0.0,0.0,0.0,0.0,0.0,0.0,-14.4141,-15.6959,0.0178673,0.140658,IncreaseAccelerometer,extended
37.2322,245,-6.38033,-0.191602,-7.90356,0.0,0.0,0.0,0.0,0.0,0.0,0.0,-11.25,-3.98261,0.0178673,0.140658,IncreaseAccelerometer,extended
37.5753,246,-7.24254,0.364043,-7.91315,0.0,0.0,0.0,0.0,0.0,0.0,0.0,4.04297,18.074,0.0129973,0.143496,IncreaseAccelerometer,seated
37.7516,247,-5.46064,-1.07297,-7.32876,0.0,0.0,0.0,0.0,0.0,0.0,0.0,8.08594,24.6555,0.0129973,0.143496,IncreaseAccelerometer,seated
37.9016,248,-1.47533,-0.383203,-11.544,0.0,0.0,0.0,0.0,0.0,0.0,0.0,12.4805,29.5504,0.0129973,0.143496,IncreaseAccelerometer,seated
38.0517,249,-0.881367,0.143701,-9.13939,0.0,0.0,0.0,0.0,0.0,0.0,0.0,15.293,30.638,0.0129973,0.143496,IncreaseAccelerometer,seated
38.2018,250,-1.22625,-0.134121,-8.86157,0.0,0.0,0.0,0.0,0.0,0.0,0.0,16.3477,28.4624,0.0129973,0.143496,IncreaseAccelerometer,seated
38.3518,251,-1.57113,-0.105381,-9.34058,0.0,0.0,0.0,0.0,0.0,0.0,0.0,14.7656,13.8079,0.0129973,0.143496,IncreaseAccelerometer,seated
38.5019,252,-1.83938,-0.344883,-9.8579,0.0,0.0,0.0,0.0,0.0,0.0,0.0,11.25,4.21684,0.0129973,0.143496,IncreaseAccelerometer,seated
38.7107,253,-1.72441,-0.182021,-10.1357,0.0,0.0,0.0,0.0,0.0,0.0,0.0,4.57031,-9.77743,0.0178673,0.140658,IncreaseAccelerometer,extended
38.8607,254,2.84528,-0.0574805,-10.3944,0.0,0.0,0.0,0.0,0.0,0.0,0.0,-1.40625,-20.6414,0.0178673,0.140658,IncreaseAccelerometer,extended
39.0108,255,-9.25436,-0.220342,-8.51669,0.0,0.0,0.0,0.0,0.0,0.0,0.0,-7.03125,-28.898,0.0178673,0.140658,IncreaseAccelerometer,extended
39.1609,256,-7.89398,0.0862207,-7.9323,0.0,0.0,0.0,0.0,0.0,0.0,0.0,-11.6016,-32.5914,0.0178673,0.140658,IncreaseAccelerometer,extended
39.3109,257,-6.28453,-0.210762,-7.75028,0.0,0.0,0.0,0.0,0.0,0.0,0.0,-14.7656,-32.1568,0.0178673,0.140658,IncreaseAccelerometer,extended
39.461,258,-5.29778,-0.182021,-7.3096,0.0,0.0,0.0,0.0,0.0,0.0,0.0,-15.8203,-27.1751,0.0178673,0.140658,IncreaseAccelerometer,extended
39.6111,259,-6.16957,-0.258662,-7.58742,0.0,0.0,0.0,0.0,0.0,0.0,0.0,-14.9414,-18.0385,0.0178673,0.140658,IncreaseAccelerometer,extended
39.7611,260,-5.90133,-0.220342,-7.67364,0.0,0.0,0.0,0.0,0.0,0.0,0.0,-11.7773,-6.32515,0.0178673,0.140658,IncreaseAccelerometer,extended
39.939,261,-6.36117,-0.229922,-7.9323,0.0,0.0,0.0,0.0,0.0,0.0,0.0,-6.50391,6.55132,0.0129973,0.143496,IncreaseAccelerometer,seated
40.0891,262,-7.1659,-0.766406,-7.62574,0.0,0.0,0.0,0.0,0.0,0.0,0.0,-0.878906,17.8463,0.0129973,0.143496,IncreaseAccelerometer,seated
40.2391,263,-1.03465,-0.536484,-8.38257,0.0,0.0,0.0,0.0,0.0,0.0,0.0,4.92188,26.6564,0.0129973,0.143496,IncreaseAccelerometer,seated
40.3892,264,-4.33978,-0.306563,-10.6243,0.0,0.0,0.0,0.0,0.0,0.0,0.0,10.0195,32.0782,0.0129973,0.143496,IncreaseAccelerometer,seated
40.5393,265,-1.12087,-0.459844,-9.69504,0.0,0.0,0.0,0.0,0.0,0.0,0.0,13.8867,32.982,0.0129973,0.143496,IncreaseAccelerometer,seated
40.6893,266,-1.53281,-0.546064,-9.4747,0.0,0.0,0.0,0.0,0.0,0.0,0.0,15.6445,29.5173,0.0129973,0.143496,IncreaseAccelerometer,seated
40.8394,267,-1.55197,-0.296982,-9.14898,0.0,0.0,0.0,0.0,0.0,0.0,0.0,15.4688,21.787,0.0129973,0.143496,IncreaseAccelerometer,seated
41.0127,268,-1.55197,-0.249082,-9.3789,0.0,0.0,0.0,0.0,0.0,0.0,0.0,12.6562,9.99871,0.0178673,0.140658,IncreaseAccelerometer,extended
41.1627,269,1.17835,-0.172441,-6.69648,0.0,0.0,0.0,0.0,0.0,0.0,0.0,8.26172,-2.27246,0.0178673,0.140658,IncreaseAccelerometer,extended
41.3128,270,-9.43638,-0.526904,-9.2352,0.0,0.0,0.0,0.0,0.0,0.0,0.0,3.16406,-13.862,0.0178673,0.140658,IncreaseAccelerometer,extended
41.4629,271,-6.7348,-0.344883,-7.65448,0.0,0.0,0.0,0.0,0.0,0.0,0.0,-2.63672,-23.633,0.0178673,0.140658,IncreaseAccelerometer,extended
41.6129,272,-6.24621,-0.0383203,-7.82692,0.0,0.0,0.0,0.0,0.0,0.0,0.0,-8.08594,-30.4503,0.0178673,0.140658,IncreaseAccelerometer,extended
41.763,273,-6.13125,0.00958008,-7.7407,0.0,0.0,0.0,0.0,0.0,0.0,0.0,-12.3047,-33.2658,0.0178673,0.140658,IncreaseAccelerometer,extended
41.9131,274,-5.89175,-0.277822,-7.48204,0.0,0.0,0.0,0.0,0.0,0.0,0.0,-15.1172,-31.1573,0.0178673,0.140658,IncreaseAccelerometer,extended
42.0631,275,-5.81511,-0.172441,-7.39582,0.0,0.0,0.0,0.0,0.0,0.0,0.0,-15.6445,-25.0665,0.0178673,0.140658,IncreaseAccelerometer,extended
42.2429,276,-5.96839,-0.306563,-7.49162,0.0,0.0,0.0,0.0,0.0,0.0,0.0,-13.7109,-14.1975,0.0129973,0.143496,IncreaseAccelerometer,seated
42.393,277,-7.98979,-0.411943,-8.32509,0.0,0.0,0.0,0.0,0.0,0.0,0.0,-9.84375,-2.25355,0.0129973,0.143496,IncreaseAccelerometer,seated
42.543,278,-2.05972,-0.229922,-7.92272,0.0,0.0,0.0,0.0,0.0,0.0,0.0,-4.74609,9.69027,0.0129973,0.143496,IncreaseAccelerometer,seated
42.6931,279,-3.25723,-0.708926,-9.32142,0.0,0.0,0.0,0.0,0.0,0.0,0.0,0.878906,20.5072,0.0129973,0.143496,IncreaseAccelerometer,seated
42.8432,280,-1.12087,-0.402363,-10.0495,0.0,0.0,0.0,0.0,0.0,0.0,0.0,6.50391,28.3944,0.0129973,0.143496,IncreaseAccelerometer,seated
42.9933,281,-1.91602,-0.479004,-10.1166,0.0,0.0,0.0,0.0,0.0,0.0,0.0,11.25,33.2655,0.0129973,0.143496,IncreaseAccelerometer,seated
43.1433,282,-1.66693,-0.287402,-9.03401,0.0,0.0,0.0,0.0,0.0,0.0,0.0,15.1172,33.2657,0.0129973,0.143496,IncreaseAccelerometer,seated
43.299,283,-1.37953,-0.364043,-9.20646,0.0,0.0,0.0,0.0,0.0,0.0,0.0,15.6445,26.9716,0.0129973,0.143496,IncreaseAccelerometer,seated
43.4491,284,-1.60945,-0.153281,-9.36932,0.0,0.0,0.0,0.0,0.0,0.0,0.0,14.0625,17.4387,0.0129973,0.143496,IncreaseAccelerometer,seated
43.6074,285,-1.66693,-0.277822,-9.67588,0.0,0.0,0.0,0.0,0.0,0.0,0.0,11.25,6.2102,0.0129973,0.143496,IncreaseAccelerometer,seated
43.7575,286,-1.67651,-0.277822,-10.0016,0.0,0.0,0.0,0.0,0.0,0.0,0.0,7.20703,-5.29023,0.0129973,0.143496,IncreaseAccelerometer,seated
43.9075,287,-1.72441,-0.296982,-10.1836,0.0,0.0,0.0,0.0,0.0,0.0,0.0,1.93359,-17.2515,0.0129973,0.143496,IncreaseAccelerometer,seated
44.0576,288,-1.74357,-0.239502,-10.3369,0.0,0.0,0.0,0.0,0.0,0.0,0.0,-3.86719,-25.7225,0.0129973,0.143496,IncreaseAccelerometer,seated
44.2076,289,-1.68609,-0.201182,-10.0687,0.0,0.0,0.0,0.0,0.0,0.0,0.0,-8.96484,-30.3569,0.0129973,0.143496,IncreaseAccelerometer,seated
44.39,290,-1.63819,-0.296982,-9.73336,0.0,0.0,0.0,0.0,0.0,0.0,0.0,-13.3594,-31.4453,0.0129973,0.143496,IncreaseAccelerometer,seated
44.5401,291,-1.54239,-0.249082,-9.43638,0.0,0.0,0.0,0.0,0.0,0.0,0.0,-15.1172,-28.5255,0.0129973,0.143496,IncreaseAccelerometer,seated
44.6902,292,-1.53281,-0.344883,-9.35974,0.0,0.0,0.0,0.0,0.0,0.0,0.0,-14.7656,-21.3365,0.0129973,0.143496,IncreaseAccelerometer,seated
44.8402,293,-1.59987,-0.287402,-9.59924,0.0,0.0,0.0,0.0,0.0,0.0,0.0,-12.3047,-10.7806,0.0129973,0.143496,IncreaseAccelerometer,seated
44.9904,294,-1.68609,-0.268242,-9.97286,0.0,0.0,0.0,0.0,0.0,0.0,0.0,-8.26172,0.898325,0.0129973,0.143496,IncreaseAccelerometer,seated
45.1404,295,-1.79147,-0.239502,-10.2411,0.0,0.0,0.0,0.0,0.0,0.0,0.0,-3.16406,13.5863,0.0129973,0.143496,IncreaseAccelerometer,seated
45.2905,296,-1.82021,-0.258662,-10.3082,0.0,0.0,0.0,0.0,0.0,0.0,0.0,2.46094,23.4245,0.0129973,0.143496,IncreaseAccelerometer,seated
45.4678,297,-1.75315,-0.277822,-10.1166,0.0,0.0,0.0,0.0,0.0,0.0,0.0,8.61328,30.0663,0.0178673,0.140658,IncreaseAccelerometer,extended
45.6178,298,2.62494,0.0670606,-7.75028,0.0,0.0,0.0,0.0,0.0,0.0,0.0,12.3047,31.6487,0.0178673,0.140658,IncreaseAccelerometer,extended
45.7679,299,-12.4637,-0.124541,-8.89031,0.0,0.0,0.0,0.0,0.0,0.0,0.0,14.7656,29.616,0.0178673,0.140658,IncreaseAccelerometer,extended
45.918,300,-7.57784,0.00958008,-7.43414,0.0,0.0,0.0,0.0,0.0,0.0,0.0,15.1172,23.5116,0.0178673,0.140658,IncreaseAccelerometer,extended
46.068,301,-5.59477,-0.0862207,-7.01262,0.0,0.0,0.0,0.0,0.0,0.0,0.0,13.3594,14.0165,0.0178673,0.140658,IncreaseAccelerometer,extended
46.2181,302,-5.88217,-0.268242,-7.5491,0.0,0.0,0.0,0.0,0.0,0.0,0.0,9.84375,1.63984,0.0178673,0.140658,IncreaseAccelerometer,extended
46.3682,303,-6.45697,-0.249082,-7.75028,0.0,0.0,0.0,0.0,0.0,0.0,0.0,5.09766,-9.60471,0.0178673,0.140658,IncreaseAccelerometer,extended
46.5183,304,-6.72521,-0.210762,-8.01853,0.0,0.0,0.0,0.0,0.0,0.0,0.0,-0.527344,-20.3807,0.0178673,0.140658,IncreaseAccelerometer,extended
46.6958,305,-6.31327,-0.191602,-7.75986,0.0,0.0,0.0,0.0,0.0,0.0,0.0,-7.03125,-28.4751,0.0129973,0.143496,IncreaseAccelerometer,seated
46.8459,306,-8.50711,-0.440684,-7.98021,0.0,0.0,0.0,0.0,0.0,0.0,0.0,-11.25,-31.6393,0.0129973,0.143496,IncreaseAccelerometer,seated
46.9959,307,-1.96392,-0.249082,-9.4268,0.0,0.0,0.0,0.0,0.0,0.0,0.0,-14.0625,-30.7345,0.0129973,0.143496,IncreaseAccelerometer,seated
47.146,308,-2.36628,-0.325723,-9.45554,0.0,0.0,0.0,0.0,0.0,0.0,0.0,-15.1172,-25.9884,0.0129973,0.143496,IncreaseAccelerometer,seated
47.2961,309,-0.843047,-0.220342,-9.20646,0.0,0.0,0.0,0.0,0.0,0.0,0.0,-14.0625,-17.4012,0.0129973,0.143496,IncreaseAccelerometer,seated
47.4462,310,-1.78189,-0.364043,-9.63756,0.0,0.0,0.0,0.0,0.0,0.0,0.0,-11.0742,-5.38802,0.0129973,0.143496,IncreaseAccelerometer,seated
47.5962,311,-1.83938,-0.239502,-10.0878,0.0,0.0,0.0,0.0,0.0,0.0,0.0,-6.67969,6.09079,0.0129973,0.143496,IncreaseAccelerometer,seated
47.7463,312,-1.84896,-0.210762,-10.3082,0.0,0.0,0.0,0.0,0.0,0.0,0.0,-1.05469,17.3357,0.0129973,0.143496,IncreaseAccelerometer,seated
47.9439,313,-1.80105,-0.0766406,-10.768,0.0,0.0,0.0,0.0,0.0,0.0,0.0,6.15234,26.6583,0.0178673,0.140658,IncreaseAccelerometer,extended
48.0939,314,0.680186,-0.0383203,-9.98244,0.0,0.0,0.0,0.0,0.0,0.0,0.0,10.7227,31.0647,0.0178673,0.140658,IncreaseAccelerometer,extended
48.244,315,-11.1512,-1.13045,-8.78493,0.0,0.0,0.0,0.0,0.0,0.0,0.0,13.8867,31.2846,0.0178673,0.140658,IncreaseAccelerometer,extended
48.3941,316,-6.8306,0.584385,-7.01262,0.0,0.0,0.0,0.0,0.0,0.0,0.0,15.1172,27.319,0.0178673,0.140658,IncreaseAccelerometer,extended
48.5442,317,-6.99346,-0.0191602,-7.39582,0.0,0.0,0.0,0.0,0.0,0.0,0.0,14.2383,19.1673,0.0178673,0.140658,IncreaseAccelerometer,extended
48.6942,318,-5.64267,-0.153281,-7.20422,0.0,0.0,0.0,0.0,0.0,0.0,0.0,11.7773,7.49653,0.0178673,0.140658,IncreaseAccelerometer,extended
48.8443,319,-5.93007,-0.229922,-7.597,0.0,0.0,0.0,0.0,0.0,0.0,0.0,7.55859,-4.21677,0.0178673,0.140658,IncreaseAccelerometer,extended
49.0198,320,-6.27495,-0.182021,-7.84608,0.0,0.0,0.0,0.0,0.0,0.0,0.0,1.40625,-16.0878,0.0129973,0.143496,IncreaseAccelerometer,seated
49.1699,321,-9.13939,-0.450264,-8.73703,0.0,0.0,0.0,0.0,0.0,0.0,0.0,-4.21875,-24.9247,0.0129973,0.143496,IncreaseAccelerometer,seated
49.3199,322,-1.52323,0.507744,-10.0016,0.0,0.0,0.0,0.0,0.0,0.0,0.0,-8.96484,-29.9098,0.0129973,0.143496,IncreaseAccelerometer,seated
49.47,323,-4.3781,-0.440684,-10.5668,0.0,0.0,0.0,0.0,0.0,0.0,0.0,-12.832,-31.7221,0.0129973,0.143496,IncreaseAccelerometer,seated
49.6201,324,-1.11129,-0.0958008,-10.0112,0.0,0.0,0.0,0.0,0.0,0.0,0.0,-14.7656,-28.7764,0.0129973,0.143496,IncreaseAccelerometer,seated
49.7701,325,-1.39869,-0.344883,-9.25436,0.0,0.0,0.0,0.0,0.0,0.0,0.0,-14.5898,-21.3182,0.0129973,0.143496,IncreaseAccelerometer,seated
49.9202,326,-1.80105,-0.354463,-9.77168,0.0,0.0,0.0,0.0,0.0,0.0,0.0,-12.6562,-11.2448,0.0129973,0.143496,IncreaseAccelerometer,seated
50.0703,327,-1.78189,-0.258662,-9.72378,0.0,0.0,0.0,0.0,0.0,0.0,0.0,-8.78906,0.234264,0.0129973,0.143496,IncreaseAccelerometer,seated
50.2203,328,-1.73399,-0.172441,-10.1357,0.0,0.0,0.0,0.0,0.0,0.0,0.0,-3.86719,11.9476,0.0129973,0.143496,IncreaseAccelerometer,seated
50.4067,329,-1.82021,-0.249082,-10.3561,0.0,0.0,0.0,0.0,0.0,0.0,0.0,2.98828,22.5707,0.0178673,0.140658,IncreaseAccelerometer,extended
50.5567,330,0.268242,0.689766,-10.4135,0.0,0.0,0.0,0.0,0.0,0.0,0.0,7.91016,28.6042,0.0178673,0.140658,IncreaseAccelerometer,extended
50.7068,331,-12.4828,0.785566,-8.60291,0.0,0.0,0.0,0.0,0.0,0.0,0.0,11.9531,31.2857,0.0178673,0.140658,IncreaseAccelerometer,extended
50.8569,332,-7.12758,0.124541,-7.55868,0.0,0.0,0.0,0.0,0.0,0.0,0.0,14.4141,29.498,0.0178673,0.140658,IncreaseAccelerometer,extended
51.0069,333,-6.11209,0.162861,-7.18506,0.0,0.0,0.0,0.0,0.0,0.0,0.0,14.7656,23.6877,0.0178673,0.140658,IncreaseAccelerometer,extended
51.157,334,-5.71931,-0.0958008,-7.1659,0.0,0.0,0.0,0.0,0.0,0.0,0.0,13.3594,13.8216,0.0178673,0.140658,IncreaseAccelerometer,extended
51.3332,335,-6.32285,-0.268242,-7.81734,0.0,0.0,0.0,0.0,0.0,0.0,0.0,9.31641,1.81117,0.0129973,0.143496,IncreaseAccelerometer,seated
51.4832,336,-7.70238,-0.440684,-8.27719,0.0,0.0,0.0,0.0,0.0,0.0,0.0,4.21875,-9.9614,0.0129973,0.143496,IncreaseAccelerometer,seated
51.6333,337,-0.986748,-0.383203,-10.0112,0.0,0.0,0.0,0.0,0.0,0.0,0.0,-0.878906,-19.6962,0.0129973,0.143496,IncreaseAccelerometer,seated
51.7834,338,-4.36852,-0.479004,-9.6663,0.0,0.0,0.0,0.0,0.0,0.0,0.0,-6.50391,-27.3935,0.0129973,0.143496,IncreaseAccelerometer,seated
51.9335,339,-0.823887,-0.0670606,-9.9537,0.0,0.0,0.0,0.0,0.0,0.0,0.0,-10.5469,-30.7895,0.0129973,0.143496,IncreaseAccelerometer,seated
52.0835,340,-1.60945,-0.268242,-9.63756,0.0,0.0,0.0,0.0,0.0,0.0,0.0,-13.7109,-30.6886,0.0129973,0.143496,IncreaseAccelerometer,seated
52.2336,341,-1.62861,-0.296982,-9.4268,0.0,0.0,0.0,0.0,0.0,0.0,0.0,-14.7656,-25.3007,0.0129973,0.143496,IncreaseAccelerometer,seated
52.4044,342,-1.49449,-0.354463,-9.27352,0.0,0.0,0.0,0.0,0.0,0.0,0.0,-13.3594,-16.1853,0.0178673,0.140658,IncreaseAccelerometer,extended
52.5545,343,2.85486,0.440684,-8.72745,0.0,0.0,0.0,0.0,0.0,0.0,0.0,-10.7227,-5.47109,0.0178673,0.140658,IncreaseAccelerometer,extended
52.7046,344,-8.67955,-0.00958008,-9.4268,0.0,0.0,0.0,0.0,0.0,0.0,0.0,-6.15234,5.69908,0.0178673,0.140658,IncreaseAccelerometer,extended
52.8546,345,-7.07968,-0.335303,-8.03769,0.0,0.0,0.0,0.0,0.0,0.0,0.0,-0.527344,17.097,0.0178673,0.140658,IncreaseAccelerometer,extended
53.0047,346,-7.7886,0.124541,-8.74661,0.0,0.0,0.0,0.0,0.0,0.0,0.0,4.21875,24.6197,0.0178673,0.140658,IncreaseAccelerometer,extended
53.1548,347,-5.58519,-0.00958008,-7.43414,0.0,0.0,0.0,0.0,0.0,0.0,0.0,9.14062,29.9863,0.0178673,0.140658,IncreaseAccelerometer,extended
53.3048,348,-5.82469,-0.220342,-7.0222,0.0,0.0,0.0,0.0,0.0,0.0,0.0,12.6562,31.1577,0.0178673,0.140658,IncreaseAccelerometer,extended
53.4549,349,-6.33243,-0.162861,-7.2138,0.0,0.0,0.0,0.0,0.0,0.0,0.0,14.4141,27.4094,0.0178673,0.140658,IncreaseAccelerometer,extended
53.605,350,-5.97797,-0.229922,-7.3096,0.0,0.0,0.0,0.0,0.0,0.0,0.0,14.2383,19.6788,0.0178673,0.140658,IncreaseAccelerometer,extended
53.7763,351,-6.15041,-0.153281,-7.4054,0.0,0.0,0.0,0.0,0.0,0.0,0.0,11.6016,9.56852,0.0129973,0.143496,IncreaseAccelerometer,seated
53.9264,352,-8.70829,-0.114961,-8.51669,0.0,0.0,0.0,0.0,0.0,0.0,0.0,7.20703,-2.50598,0.0129973,0.143496,IncreaseAccelerometer,seated
54.0764,353,-3.10395,-0.143701,-9.30226,0.0,0.0,0.0,0.0,0.0,0.0,0.0,2.98828,-12.5299,0.0129973,0.143496,IncreaseAccelerometer,seated
54.2265,354,-2.10762,-0.526904,-10.1836,0.0,0.0,0.0,0.0,0.0,0.0,0.0,-2.46094,-21.8702,0.0129973,0.143496,IncreaseAccelerometer,seated
54.3765,355,-1.02507,-0.162861,-10.3656,0.0,0.0,0.0,0.0,0.0,0.0,0.0,-7.38281,-28.0229,0.0129973,0.143496,IncreaseAccelerometer,seated
54.5266,356,-1.54239,-0.325723,-9.64714,0.0,0.0,0.0,0.0,0.0,0.0,0.0,-11.4258,-30.6904,0.0129973,0.143496,IncreaseAccelerometer,seated
54.7073,357,-1.45617,-0.182021,-9.34058,0.0,0.0,0.0,0.0,0.0,0.0,0.0,-14.0625,-27.2364,0.0178673,0.140658,IncreaseAccelerometer,extended
54.8573,358,-0.613125,0.00958008,-8.55501,0.0,0.0,0.0,0.0,0.0,0.0,0.0,-14.2383,-22.0593,0.0178673,0.140658,IncreaseAccelerometer,extended
55.0074,359,-12.4637,-1.64777,-8.84241,0.0,0.0,0.0,0.0,0.0,0.0,0.0,-12.4805,-12.8304,0.0178673,0.140658,IncreaseAccelerometer,extended
55.1575,360,-8.78493,-0.249082,-7.60658,0.0,0.0,0.0,0.0,0.0,0.0,0.0,-8.96484,-2.02566,0.0178673,0.140658,IncreaseAccelerometer,extended
55.3076,361,-7.32876,0.0862207,-8.36341,0.0,0.0,0.0,0.0,0.0,0.0,0.0,-4.39453,9.00295,0.0178673,0.140658,IncreaseAccelerometer,extended
55.4576,362,-6.05461,-0.00958008,-7.7886,0.0,0.0,0.0,0.0,0.0,0.0,0.0,0.878906,19.9122,0.0178673,0.140658,IncreaseAccelerometer,extended
55.6077,363,-6.33243,-0.105381,-7.61616,0.0,0.0,0.0,0.0,0.0,0.0,0.0,5.97656,26.94,0.0178673,0.140658,IncreaseAccelerometer,extended
55.7578,364,-6.47613,-0.105381,-7.73112,0.0,0.0,0.0,0.0,0.0,0.0,0.0,10.1953,30.2199,0.0178673,0.140658,IncreaseAccelerometer,extended
55.9379,365,-5.95881,-0.258662,-7.28086,0.0,0.0,0.0,0.0,0.0,0.0,0.0,13.5352,28.8318,0.0129973,0.143496,IncreaseAccelerometer,seated
56.088,366,-8.87115,0.689766,-7.15632,0.0,0.0,0.0,0.0,0.0,0.0,0.0,14.0625,23.6509,0.0129973,0.143496,IncreaseAccelerometer,seated
56.238,367,-1.49449,-0.498164,-6.8785,0.0,0.0,0.0,0.0,0.0,0.0,0.0,13.0078,15.5419,0.0129973,0.143496,IncreaseAccelerometer,seated
56.3881,368,-4.86668,-0.603545,-10.0878,0.0,0.0,0.0,0.0,0.0,0.0,0.0,10.0195,5.18059,0.0129973,0.143496,IncreaseAccelerometer,seated
56.5382,369,-0.996328,-0.565225,-9.84832,0.0,0.0,0.0,0.0,0.0,0.0,0.0,5.80078,-5.6311,0.0129973,0.143496,IncreaseAccelerometer,seated
56.6883,370,-1.59987,-0.479004,-10.4135,0.0,0.0,0.0,0.0,0.0,0.0,0.0,0.878906,-16.8669,0.0129973,0.143496,IncreaseAccelerometer,seated
56.8383,371,-1.77231,-0.258662,-10.2028,0.0,0.0,0.0,0.0,0.0,0.0,0.0,-4.39453,-24.5975,0.0129973,0.143496,IncreaseAccelerometer,seated
56.9884,372,-1.59987,-0.268242,-9.9058,0.0,0.0,0.0,0.0,0.0,0.0,0.0,-8.78906,-29.0485,0.0129973,0.143496,IncreaseAccelerometer,seated
57.1671,373,-1.56155,-0.201182,-9.7621,0.0,0.0,0.0,0.0,0.0,0.0,0.0,-12.6562,-29.111,0.0178673,0.140658,IncreaseAccelerometer,extended
57.3171,374,-0.143701,0.182021,-8.58375,0.0,0.0,0.0,0.0,0.0,0.0,0.0,-13.8867,-25.2743,0.0178673,0.140658,IncreaseAccelerometer,extended
57.4672,375,-11.1704,-0.344883,-7.63532,0.0,0.0,0.0,0.0,0.0,0.0,0.0,-13.1836,-18.0531,0.0178673,0.140658,IncreaseAccelerometer,extended
57.6173,376,-6.41865,-0.383203,-7.67364,0.0,0.0,0.0,0.0,0.0,0.0,0.0,-10.8984,-8.34965,0.0178673,0.140658,IncreaseAccelerometer,extended
57.7673,377,-6.51445,-0.182021,-7.71196,0.0,0.0,0.0,0.0,0.0,0.0,0.0,-7.03125,2.25666,0.0178673,0.140658,IncreaseAccelerometer,extended
57.9174,378,-6.20789,0.0766406,-7.6449,0.0,0.0,0.0,0.0,0.0,0.0,0.0,-2.28516,13.8214,0.0178673,0.140658,IncreaseAccelerometer,extended
58.0675,379,-6.56235,-0.249082,-7.85566,0.0,0.0,0.0,0.0,0.0,0.0,0.0,2.8125,22.255,0.0178673,0.140658,IncreaseAccelerometer,extended
58.2704,380,-6.22705,-0.172441,-7.46288,0.0,0.0,0.0,0.0,0.0,0.0,0.0,8.96484,27.5756,0.0129973,0.143496,IncreaseAccelerometer,seated
58.4205,381,-7.08926,-0.488584,-6.49529,0.0,0.0,0.0,0.0,0.0,0.0,0.0,12.1289,28.6699,0.0129973,0.143496,IncreaseAccelerometer,seated
58.5705,382,2.1172,0.0,-6.44739,0.0,0.0,0.0,0.0,0.0,0.0,0.0,13.7109,25.8251,0.0129973,0.143496,IncreaseAccelerometer,seated
58.7206,383,-2.1172,-0.220342,-8.80409,0.0,0.0,0.0,0.0,0.0,0.0,0.0,13.3594,19.4785,0.0129973,0.143496,IncreaseAccelerometer,seated
58.8707,384,-1.71483,-0.364043,-9.70462,0.0,0.0,0.0,0.0,0.0,0.0,0.0,11.25,10.5053,0.0129973,0.143496,IncreaseAccelerometer,seated
59.0207,385,-1.45617,-0.268242,-9.74294,0.0,0.0,0.0,0.0,0.0,0.0,0.0,7.73438,-1.63991,0.0129973,0.143496,IncreaseAccelerometer,seated
59.1708,386,-1.82021,-0.325723,-10.0399,0.0,0.0,0.0,0.0,0.0,0.0,0.0,3.16406,-11.9478,0.0129973,0.143496,IncreaseAccelerometer,seated
59.3209,387,-1.68609,-0.296982,-10.0782,0.0,0.0,0.0,0.0,0.0,0.0,0.0,-1.75781,-20.6156,0.0129973,0.143496,IncreaseAccelerometer,seated
59.5507,388,0.641865,-0.0191602,-9.05317,0.0,0.0,0.0,0.0,0.0,0.0,0.0,-8.78906,-26.682,0.0178673,0.140658,IncreaseAccelerometer,extended
59.7008,389,0.124541,-0.191602,-3.93741,0.0,0.0,0.0,0.0,0.0,0.0,0.0,-11.9531,-27.9525,0.0178673,0.140658,IncreaseAccelerometer,extended
59.8508,390,-9.21604,-0.373623,-7.10842,0.0,0.0,0.0,0.0,0.0,0.0,0.0,-13.3594,-25.4108,0.0178673,0.140658,IncreaseAccelerometer,extended
60.0009,391,-5.97797,-0.316143,-7.1659,0.0,0.0,0.0,0.0,0.0,0.0,0.0,-13.0078,-19.4817,0.0178673,0.140658,IncreaseAccelerometer,extended
60.151,392,-5.99713,-0.287402,-6.90724,0.0,0.0,0.0,0.0,0.0,0.0,0.0,-11.0742,-11.2232,0.0178673,0.140658,IncreaseAccelerometer,extended
60.301,393,-6.49529,-0.114961,-7.92272,0.0,0.0,0.0,0.0,0.0,0.0,0.0,-7.38281,1.87411,0.0178673,0.140658,IncreaseAccelerometer,extended
60.4511,394,-6.32285,-0.287402,-7.80776,0.0,0.0,0.0,0.0,0.0,0.0,0.0,-2.98828,11.9474,0.0178673,0.140658,IncreaseAccelerometer,extended
60.6012,395,-6.71563,-0.134121,-8.10475,0.0,0.0,0.0,0.0,0.0,0.0,0.0,1.93359,20.3813,0.0178673,0.140658,IncreaseAccelerometer,extended
60.781,396,-6.37075,-0.258662,-7.76944,0.0,0.0,0.0,0.0,0.0,0.0,0.0,7.38281,26.1379,0.0129973,0.143496,IncreaseAccelerometer,seated
60.9311,397,-8.29635,-0.191602,-7.66406,0.0,0.0,0.0,0.0,0.0,0.0,0.0,10.8984,28.1654,0.0129973,0.143496,IncreaseAccelerometer,seated
61.0812,398,-1.52323,-0.0383203,-8.96695,0.0,0.0,0.0,0.0,0.0,0.0,0.0,13.0078,26.1376,0.0129973,0.143496,IncreaseAccelerometer,seated
61.2312,399,-3.29555,-0.373623,-9.25436,0.0,0.0,0.0,0.0,0.0,0.0,0.0,13.1836,20.7298,0.0129973,0.143496,IncreaseAccelerometer,seated
61.3813,400,-1.51365,-0.344883,-9.2831,0.0,0.0,0.0,0.0,0.0,0.0,0.0,11.6016,12.3928,0.0129973,0.143496,IncreaseAccelerometer,seated
61.5314,401,-1.69567,-0.431104,-9.70462,0.0,0.0,0.0,0.0,0.0,0.0,0.0,8.78906,1.87412,0.0129973,0.143496,IncreaseAccelerometer,seated
61.6814,402,-1.72441,-0.277822,-9.94412,0.0,0.0,0.0,0.0,0.0,0.0,0.0,4.39453,-8.66794,0.0129973,0.143496,IncreaseAccelerometer,seated
61.8618,403,-1.59987,-0.335303,-10.0112,0.0,0.0,0.0,0.0,0.0,0.0,0.0,-1.23047,-18.2399,0.0178673,0.140658,IncreaseAccelerometer,extended
62.0119,404,1.06339,0.536484,-8.49753,0.0,0.0,0.0,0.0,0.0,0.0,0.0,-5.97656,-24.5449,0.0178673,0.140658,IncreaseAccelerometer,extended
62.1619,405,-10.4327,-0.843047,-9.38848,0.0,0.0,0.0,0.0,0.0,0.0,0.0,-9.66797,-27.2466,0.0178673,0.140658,IncreaseAccelerometer,extended
62.312,406,-7.23296,0.220342,-7.34792,0.0,0.0,0.0,0.0,0.0,0.0,0.0,-11.9531,-26.5709,0.0178673,0.140658,IncreaseAccelerometer,extended
62.4621,407,-6.26537,0.0574805,-8.28677,0.0,0.0,0.0,0.0,0.0,0.0,0.0,-13.1836,-22.5177,0.0178673,0.140658,IncreaseAccelerometer,extended
62.6121,408,-5.70015,-0.0479004,-7.06052,0.0,0.0,0.0,0.0,0.0,0.0,0.0,-12.1289,-14.5243,0.0178673,0.140658,IncreaseAccelerometer,extended
62.7622,409,-6.15999,-0.316143,-7.58742,0.0,0.0,0.0,0.0,0.0,0.0,0.0,-9.49219,-4.68529,0.0178673,0.140658,IncreaseAccelerometer,extended
62.942,410,-6.31327,-0.201182,-7.86524,0.0,0.0,0.0,0.0,0.0,0.0,0.0,-4.74609,6.30942,0.0129973,0.143496,IncreaseAccelerometer,seated
63.0921,411,-9.44596,-0.402363,-8.47837,0.0,0.0,0.0,0.0,0.0,0.0,0.0,-0.175781,15.0975,0.0129973,0.143496,IncreaseAccelerometer,seated
63.2422,412,-1.95434,-0.354463,-10.3082,0.0,0.0,0.0,0.0,0.0,0.0,0.0,4.57031,22.7586,0.0129973,0.143496,IncreaseAccelerometer,seated
63.3922,413,-2.55788,-0.574805,-10.289,0.0,0.0,0.0,0.0,0.0,0.0,0.0,8.78906,26.8146,0.0129973,0.143496,IncreaseAccelerometer,seated
63.5423,414,-0.919688,-0.411943,-9.35974,0.0,0.0,0.0,0.0,0.0,0.0,0.0,11.6016,27.0398,0.0129973,0.143496,IncreaseAccelerometer,seated
63.6924,415,-1.52323,-0.383203,-9.41722,0.0,0.0,0.0,0.0,0.0,0.0,0.0,12.832,23.4264,0.0129973,0.143496,IncreaseAccelerometer,seated
63.8424,416,-1.65735,-0.258662,-9.59924,0.0,0.0,0.0,0.0,0.0,0.0,0.0,12.6562,17.1014,0.0129973,0.143496,IncreaseAccelerometer,seated
63.9925,417,-1.57113,-0.249082,-9.40764,0.0,0.0,0.0,0.0,0.0,0.0,0.0,10.5469,7.96514,0.0129973,0.143496,IncreaseAccelerometer,seated
64.1708,418,-1.68609,-0.249082,-9.84832,0.0,0.0,0.0,0.0,0.0,0.0,0.0,6.32812,-3.1609,0.0178673,0.140658,IncreaseAccelerometer,extended
64.3209,419,1.71483,0.220342,-7.3096,0.0,0.0,0.0,0.0,0.0,0.0,0.0,1.93359,-12.4177,0.0178673,0.140658,IncreaseAccelerometer,extended
64.4709,420,-7.96105,0.249082,-9.15856,0.0,0.0,0.0,0.0,0.0,0.0,0.0,-2.8125,-20.0939,0.0178673,0.140658,IncreaseAccelerometer,extended
64.621,421,-6.34201,-0.536484,-8.00895,0.0,0.0,0.0,0.0,0.0,0.0,0.0,-7.20703,-25.5123,0.0178673,0.140658,IncreaseAccelerometer,extended
64.7711,422,-5.87259,0.0479004,-7.29044,0.0,0.0,0.0,0.0,0.0,0.0,0.0,-10.5469,-27.0927,0.0178673,0.140658,IncreaseAccelerometer,extended
64.9212,423,-5.91091,0.0574805,-7.39582,0.0,0.0,0.0,0.0,0.0,0.0,0.0,-12.3047,-24.8317,0.0178673,0.140658,IncreaseAccelerometer,extended
65.0712,424,-5.74805,-0.277822,-7.3096,0.0,0.0,0.0,0.0,0.0,0.0,0.0,-12.6562,-19.444,0.0178673,0.140658,IncreaseAccelerometer,extended
65.2472,425,-6.30369,-0.287402,-7.23296,0.0,0.0,0.0,0.0,0.0,0.0,0.0,-10.8984,-10.4163,0.0129973,0.143496,IncreaseAccelerometer,seated
65.3973,426,-8.86157,-0.574805,-8.15265,0.0,0.0,0.0,0.0,0.0,0.0,0.0,-7.55859,-0.452875,0.0129973,0.143496,IncreaseAccelerometer,seated
65.5474,427,-1.86812,-0.124541,-9.53218,0.0,0.0,0.0,0.0,0.0,0.0,0.0,-3.33984,9.28395,0.0129973,0.143496,IncreaseAccelerometer,seated
65.6974,428,-4.27272,-0.737666,-9.89622,0.0,0.0,0.0,0.0,0.0,0.0,0.0,1.23047,17.4358,0.0129973,0.143496,IncreaseAccelerometer,seated
65.8475,429,-1.42743,-0.507744,-10.0687,0.0,0.0,0.0,0.0,0.0,0.0,0.0,5.80078,23.776,0.0129973,0.143496,IncreaseAccelerometer,seated
65.9976,430,-1.60945,-0.488584,-10.0878,0.0,0.0,0.0,0.0,0.0,0.0,0.0,9.49219,27.1748,0.0129973,0.143496,IncreaseAccelerometer,seated
66.1858,431,-1.63819,-0.316143,-9.46512,0.0,0.0,0.0,0.0,0.0,0.0,0.0,12.3047,25.1911,0.0178673,0.140658,IncreaseAccelerometer,extended
66.3359,432,2.51956,-0.191602,-6.91682,0.0,0.0,0.0,0.0,0.0,0.0,0.0,12.6562,20.2867,0.0178673,0.140658,IncreaseAccelerometer,extended
66.4859,433,-12.981,0.277822,-7.75028,0.0,0.0,0.0,0.0,0.0,0.0,0.0,11.4258,12.9299,0.0178673,0.140658,IncreaseAccelerometer,extended
66.636,434,-7.06052,-0.0574805,-7.33834,0.0,0.0,0.0,0.0,0.0,0.0,0.0,8.61328,3.5669,0.0178673,0.140658,IncreaseAccelerometer,extended
66.7861,435,-7.37666,-0.00958008,-7.39582,0.0,0.0,0.0,0.0,0.0,0.0,0.0,4.39453,-6.46482,0.0178673,0.140658,IncreaseAccelerometer,extended
66.9362,436,-6.14083,-0.182021,-7.7407,0.0,0.0,0.0,0.0,0.0,0.0,0.0,0.0,-16.3985,0.0178673,0.140658,IncreaseAccelerometer,extended
67.0862,437,-6.09293,-0.296982,-7.8844,0.0,0.0,0.0,0.0,0.0,0.0,0.0,-4.57031,-22.9576,0.0178673,0.140658,IncreaseAccelerometer,extended
67.2363,438,-6.59109,-0.0862207,-7.98021,0.0,0.0,0.0,0.0,0.0,0.0,0.0,-8.61328,-26.7059,0.0178673,0.140658,IncreaseAccelerometer,extended
67.3864,439,-6.09293,-0.153281,-7.52036,0.0,0.0,0.0,0.0,0.0,0.0,0.0,-11.4258,-26.7056,0.0178673,0.140658,IncreaseAccelerometer,extended
67.5364,440,-5.91091,-0.191602,-7.41498,0.0,0.0,0.0,0.0,0.0,0.0,0.0,-12.6562,-22.7238,0.0178673,0.140658,IncreaseAccelerometer,extended
67.7224,441,-5.82469,-0.172441,-7.31918,0.0,0.0,0.0,0.0,0.0,0.0,0.0,-11.9531,-15.2024,0.0129973,0.143496,IncreaseAccelerometer,seated
67.8725,442,-7.94188,-0.708926,-7.81734,0.0,0.0,0.0,0.0,0.0,0.0,0.0,-9.49219,-6.25973,0.0129973,0.143496,IncreaseAccelerometer,seated
68.0226,443,-0.344883,-0.613125,-8.11433,0.0,0.0,0.0,0.0,0.0,0.0,0.0,-5.27344,4.24766,0.0129973,0.143496,IncreaseAccelerometer,seated
68.1727,444,-4.06195,0.124541,-10.107,0.0,0.0,0.0,0.0,0.0,0.0,0.0,-1.23047,12.9664,0.0129973,0.143496,IncreaseAccelerometer,seated
68.3227,445,-1.21667,-0.325723,-9.98244,0.0,0.0,0.0,0.0,0.0,0.0,0.0,3.51562,20.5675,0.0129973,0.143496,IncreaseAccelerometer,seated
68.4728,446,-1.8777,-0.364043,-9.98244,0.0,0.0,0.0,0.0,0.0,0.0,0.0,7.73438,26.2374,0.0129973,0.143496,IncreaseAccelerometer,seated
68.6507,447,-1.68609,-0.344883,-9.54176,0.0,0.0,0.0,0.0,0.0,0.0,0.0,11.4258,26.8811,0.0178673,0.140658,IncreaseAccelerometer,extended
68.8008,448,0.296982,-1.07297,-7.00304,0.0,0.0,0.0,0.0,0.0,0.0,0.0,12.6562,23.0404,0.0178673,0.140658,IncreaseAccelerometer,extended
68.9508,449,-7.51078,-0.143701,-7.43414,0.0,0.0,0.0,0.0,0.0,0.0,0.0,12.3047,17.3935,0.0178673,0.140658,IncreaseAccelerometer,extended
69.1009,450,-5.88217,-0.938848,-7.03178,0.0,0.0,0.0,0.0,0.0,0.0,0.0,10.5469,9.03569,0.0178673,0.140658,IncreaseAccelerometer,extended
69.251,451,-6.49529,-0.459844,-7.87482,0.0,0.0,0.0,0.0,0.0,0.0,0.0,7.03125,-0.90356,0.0178673,0.140658,IncreaseAccelerometer,extended
69.401,452,-6.59109,-0.0766406,-7.8844,0.0,0.0,0.0,0.0,0.0,0.0,0.0,2.8125,-11.4789,0.0178673,0.140658,IncreaseAccelerometer,extended
69.5808,453,-6.51445,-0.143701,-7.94188,0.0,0.0,0.0,0.0,0.0,0.0,0.0,-2.8125,-19.8309,0.0129973,0.143496,IncreaseAccelerometer,seated
69.7309,454,-8.29635,-0.373623,-8.24845,0.0,0.0,0.0,0.0,0.0,0.0,0.0,-7.03125,-24.7885,0.0129973,0.143496,IncreaseAccelerometer,seated
69.8809,455,-4.13859,-0.124541,-10.3465,0.0,0.0,0.0,0.0,0.0,0.0,0.0,-10.3711,-26.8169,0.0129973,0.143496,IncreaseAccelerometer,seated
70.031,456,-2.3567,-0.498164,-10.2698,0.0,0.0,0.0,0.0,0.0,0.0,0.0,-12.4805,-25.0135,0.0129973,0.143496,IncreaseAccelerometer,seated
70.1811,457,-0.632285,-0.344883,-9.30226,0.0,0.0,0.0,0.0,0.0,0.0,0.0,-12.4805,-19.6056,0.0129973,0.143496,IncreaseAccelerometer,seated
70.3311,458,-1.54239,-0.450264,-9.64714,0.0,0.0,0.0,0.0,0.0,0.0,0.0,-11.0742,-11.0105,0.0129973,0.143496,IncreaseAccelerometer,seated
70.4812,459,-1.68609,-0.239502,-9.84832,0.0,0.0,0.0,0.0,0.0,0.0,0.0,-8.08594,-1.4056,0.0129973,0.143496,IncreaseAccelerometer,seated
70.6313,460,-1.76273,-0.239502,-9.89622,0.0,0.0,0.0,0.0,0.0,0.0,0.0,-3.86719,8.66778,0.0129973,0.143496,IncreaseAccelerometer,seated
70.8187,461,-1.72441,0.00958008,-10.653,0.0,0.0,0.0,0.0,0.0,0.0,0.0,1.75781,18.0751,0.0178673,0.140658,IncreaseAccelerometer,extended
70.9688,462,0.507744,-0.344883,-8.96695,0.0,0.0,0.0,0.0,0.0,0.0,0.0,6.32812,23.8771,0.0178673,0.140658,IncreaseAccelerometer,extended
71.1189,463,-11.9272,-1.10171,-7.90356,0.0,0.0,0.0,0.0,0.0,0.0,0.0,9.84375,26.5545,0.0178673,0.140658,IncreaseAccelerometer,extended
71.269,464,-6.74438,0.0,-7.52036,0.0,0.0,0.0,0.0,0.0,0.0,0.0,12.1289,25.6617,0.0178673,0.140658,IncreaseAccelerometer,extended
71.419,465,-6.7827,-0.134121,-7.05094,0.0,0.0,0.0,0.0,0.0,0.0,0.0,12.6562,20.9757,0.0178673,0.140658,IncreaseAccelerometer,extended
71.5691,466,-5.74805,-0.172441,-7.24254,0.0,0.0,0.0,0.0,0.0,0.0,0.0,11.6016,13.1188,0.0178673,0.140658,IncreaseAccelerometer,extended
71.7192,467,-5.80553,-0.249082,-7.19464,0.0,0.0,0.0,0.0,0.0,0.0,0.0,8.96484,3.51397,0.0178673,0.140658,IncreaseAccelerometer,extended
71.8899,468,-6.04503,-0.172441,-7.53952,0.0,0.0,0.0,0.0,0.0,0.0,0.0,4.39453,-7.06732,0.0129973,0.143496,IncreaseAccelerometer,seated
72.04,469,-8.99569,-0.162861,-7.67364,0.0,0.0,0.0,0.0,0.0,0.0,0.0,0.0,-15.7306,0.0129973,0.143496,IncreaseAccelerometer,seated
72.1901,470,-1.59987,-0.182021,-8.89989,0.0,0.0,0.0,0.0,0.0,0.0,0.0,-4.57031,-22.3416,0.0129973,0.143496,IncreaseAccelerometer,seated
72.3401,471,-2.58662,-0.0383203,-10.0303,0.0,0.0,0.0,0.0,0.0,0.0,0.0,-8.61328,-26.2172,0.0129973,0.143496,IncreaseAccelerometer,seated
72.4902,472,-1.47533,-0.229922,-9.89622,0.0,0.0,0.0,0.0,0.0,0.0,0.0,-11.25,-26.217,0.0129973,0.143496,IncreaseAccelerometer,seated
72.6403,473,-1.36995,-0.210762,-9.30226,0.0,0.0,0.0,0.0,0.0,0.0,0.0,-12.4805,-22.4894,0.0129973,0.143496,IncreaseAccelerometer,seated
72.7904,474,-1.74357,-0.479004,-9.55134,0.0,0.0,0.0,0.0,0.0,0.0,0.0,-11.9531,-15.9299,0.0129973,0.143496,IncreaseAccelerometer,seated
72.9721,475,-1.47533,-0.258662,-9.54176,0.0,0.0,0.0,0.0,0.0,0.0,0.0,-9.14062,-5.84456,0.0178673,0.140658,IncreaseAccelerometer,extended
73.1221,476,0.881367,-1.02507,-7.98021,0.0,0.0,0.0,0.0,0.0,0.0,0.0,-5.44922,4.04624,0.0178673,0.140658,IncreaseAccelerometer,extended
73.2722,477,-9.81958,-1.14003,-7.67364,0.0,0.0,0.0,0.0,0.0,0.0,0.0,-1.05469,13.0378,0.0178673,0.140658,IncreaseAccelerometer,extended
73.4223,478,-6.82102,-0.862207,-7.8844,0.0,0.0,0.0,0.0,0.0,0.0,0.0,3.51562,20.4555,0.0178673,0.140658,IncreaseAccelerometer,extended
73.5723,479,-5.50854,0.191602,-6.9264,0.0,0.0,0.0,0.0,0.0,0.0,0.0,7.55859,24.9515,0.0178673,0.140658,IncreaseAccelerometer,extended
73.7224,480,-6.43781,-0.239502,-7.39582,0.0,0.0,0.0,0.0,0.0,0.0,0.0,10.7227,26.4719,0.0178673,0.140658,IncreaseAccelerometer,extended
73.8725,481,-5.68099,-0.306563,-7.14674,0.0,0.0,0.0,0.0,0.0,0.0,0.0,12.3047,23.6609,0.0178673,0.140658,IncreaseAccelerometer,extended
74.0225,482,-5.89175,-0.249082,-7.27128,0.0,0.0,0.0,0.0,0.0,0.0,0.0,12.3047,17.8048,0.0178673,0.140658,IncreaseAccelerometer,extended
74.1726,483,-6.03545,-0.229922,-7.39582,0.0,0.0,0.0,0.0,0.0,0.0,0.0,10.5469,9.37102,0.0178673,0.140658,IncreaseAccelerometer,extended
74.3494,484,-6.09293,-0.134121,-7.42456,0.0,0.0,0.0,0.0,0.0,0.0,0.0,6.67969,-1.13111,0.0129973,0.143496,IncreaseAccelerometer,seated
74.4995,485,-5.59477,-0.795147,-6.81144,0.0,0.0,0.0,0.0,0.0,0.0,0.0,2.46094,-10.6323,0.0129973,0.143496,IncreaseAccelerometer,seated
74.6495,486,-1.63819,-0.574805,-8.07601,0.0,0.0,0.0,0.0,0.0,0.0,0.0,-1.93359,-18.3238,0.0129973,0.143496,IncreaseAccelerometer,seated
74.7996,487,-4.11943,0.459844,-9.41722,0.0,0.0,0.0,0.0,0.0,0.0,0.0,-6.50391,-24.2047,0.0129973,0.143496,IncreaseAccelerometer,seated
74.9497,488,-1.26457,-0.411943,-9.62798,0.0,0.0,0.0,0.0,0.0,0.0,0.0,-9.66797,-26.0145,0.0129973,0.143496,IncreaseAccelerometer,seated
75.0997,489,-1.43701,-0.373623,-9.65672,0.0,0.0,0.0,0.0,0.0,0.0,0.0,-11.7773,-24.5977,0.0129973,0.143496,IncreaseAccelerometer,seated
75.306,490,-1.72441,-0.306563,-9.44596,0.0,0.0,0.0,0.0,0.0,0.0,0.0,-11.9531,-17.8705,0.0178673,0.140658,IncreaseAccelerometer,extended
75.4561,491,1.63819,0.900527,-9.00527,0.0,0.0,0.0,0.0,0.0,0.0,0.0,-10.1953,-10.2428,0.0178673,0.140658,IncreaseAccelerometer,extended
75.6062,492,-13.6516,-1.20709,-9.70462,0.0,0.0,0.0,0.0,0.0,0.0,0.0,-7.03125,-0.653788,0.0178673,0.140658,IncreaseAccelerometer,extended
75.7562,493,-7.6449,-0.479004,-8.09517,0.0,0.0,0.0,0.0,0.0,0.0,0.0,-2.8125,8.49928,0.0178673,0.140658,IncreaseAccelerometer,extended
75.9063,494,-7.84608,0.0479004,-8.38257,0.0,0.0,0.0,0.0,0.0,0.0,0.0,1.40625,16.3447,0.0178673,0.140658,IncreaseAccelerometer,extended
76.0564,495,-5.83427,-0.172441,-7.14674,0.0,0.0,0.0,0.0,0.0,0.0,0.0,5.80078,23.661,0.0178673,0.140658,IncreaseAccelerometer,extended
76.2065,496,-5.92049,-0.325723,-7.28086,0.0,0.0,0.0,0.0,0.0,0.0,0.0,9.31641,26.0033,0.0178673,0.140658,IncreaseAccelerometer,extended
76.3988,497,-5.25946,-0.00958008,-6.7827,0.0,0.0,0.0,0.0,0.0,0.0,0.0,11.9531,23.9511,0.0129973,0.143496,IncreaseAccelerometer,seated
76.5489,498,-7.87482,-0.632285,-7.57784,0.0,0.0,0.0,0.0,0.0,0.0,0.0,12.1289,18.8505,0.0129973,0.143496,IncreaseAccelerometer,seated
76.6989,499,-1.18793,-0.134121,-8.14307,0.0,0.0,0.0,0.0,0.0,0.0,0.0,10.7227,11.7539,0.0129973,0.143496,IncreaseAccelerometer,seated
76.849,500,-2.90276,-0.229922,-9.65672,0.0,0.0,0.0,0.0,0.0,0.0,0.0,7.73438,2.43943,0.0129973,0.143496,IncreaseAccelerometer,seated
76.9991,501,-2.05014,-0.526904,-10.1645,0.0,0.0,0.0,0.0,0.0,0.0,0.0,3.86719,-6.87471,0.0129973,0.143496,IncreaseAccelerometer,seated
77.1492,502,-1.74357,-0.440684,-10.2219,0.0,0.0,0.0,0.0,0.0,0.0,0.0,-0.527344,-16.6328,0.0129973,0.143496,IncreaseAccelerometer,seated
77.2992,503,-1.72441,-0.210762,-10.0016,0.0,0.0,0.0,0.0,0.0,0.0,0.0,-4.74609,-22.4893,0.0129973,0.143496,IncreaseAccelerometer,seated
77.4493,504,-1.57113,-0.201182,-9.58966,0.0,0.0,0.0,0.0,0.0,0.0,0.0,-8.4375,-25.5347,0.0129973,0.143496,IncreaseAccelerometer,seated
77.6362,505,-1.57113,-0.172441,-9.73336,0.0,0.0,0.0,0.0,0.0,0.0,0.0,-11.25,-24.1159,0.0178673,0.140658,IncreaseAccelerometer,extended
77.7863,506,1.67651,-0.0958008,-8.34425,0.0,0.0,0.0,0.0,0.0,0.0,0.0,-11.7773,-19.8736,0.0178673,0.140658,IncreaseAccelerometer,extended
77.9364,507,-13.4983,-0.967588,-8.22929,0.0,0.0,0.0,0.0,0.0,0.0,0.0,-10.8984,-13.1745,0.0178673,0.140658,IncreaseAccelerometer,extended
