7.58171e-05,0,-1.58071,-0.306563,-9.63756,0.0,0.0,0.0,0.0,0.0,0.0,0.0,-0.351562,0.0,0.0129973,0.143496,None,seated
0.200292,1,-1.65735,-0.258662,-9.58966,0.0,0.0,0.0,0.0,0.0,0.0,0.0,-0.175781,0.0,0.0129973,0.143496,Nothing,seated
0.400509,2,-1.64777,-0.258662,-9.63756,0.0,0.0,0.0,0.0,0.0,0.0,0.0,-0.175781,0.0,0.0129973,0.143496,Nothing,seated
0.600724,3,-1.60945,-0.287402,-9.67588,0.0,0.0,0.0,0.0,0.0,0.0,0.0,0.0,0.0,0.0129973,0.143496,Nothing,seated
0.800858,4,-1.52323,-0.335303,-9.6663,0.0,0.0,0.0,0.0,0.0,0.0,0.0,0.0,0.0,0.0129973,0.143496,Nothing,seated
1.001,5,-0.737666,-0.421523,-9.94412,0.0,0.0,0.0,0.0,0.0,0.0,0.0,0.527344,0.878092,0.0129973,0.143496,Nothing,seated
1.20122,6,0.258662,-0.316143,-10.0782,0.0,0.0,0.0,0.0,0.0,0.0,0.0,2.10938,2.28303,0.0129973,0.143496,Nothing,seated
1.40144,7,0.440684,-0.153281,-10.1645,0.0,0.0,0.0,0.0,0.0,0.0,0.0,5.625,5.79537,0.0129973,0.143496,Nothing,seated
1.60166,8,0.833467,-0.0574805,-10.2315,0.0,0.0,0.0,0.0,0.0,0.0,0.0,11.0742,11.0639,0.0129973,0.143496,Nothing,seated
1.80187,9,-0.546064,-0.258662,-9.69504,0.0,0.0,0.0,0.0,0.0,0.0,0.0,16.1719,16.1555,0.0129973,0.143496,Nothing,seated
2.00209,10,-1.43701,-0.229922,-9.27352,0.0,0.0,0.0,0.0,0.0,0.0,0.0,18.9844,18.437,0.0129973,0.143496,Nothing,seated
2.20231,11,-1.44659,-0.287402,-9.14898,0.0,0.0,0.0,0.0,0.0,0.0,0.0,17.4023,15.2764,0.0129973,0.143496,Nothing,seated
2.40252,12,-1.59029,-0.488584,-9.8579,0.0,0.0,0.0,0.0,0.0,0.0,0.0,11.6016,5.97012,0.0129973,0.143496,Nothing,seated
2.60274,13,-1.72441,-0.182021,-10.5764,0.0,0.0,0.0,0.0,0.0,0.0,0.0,2.98828,-8.07722,0.0129973,0.143496,Nothing,seated
2.80296,14,-1.72441,-0.105381,-10.6435,0.0,0.0,0.0,0.0,0.0,0.0,0.0,-6.50391,-22.6512,0.0129973,0.143496,Nothing,seated
3.003,15,-1.60945,-0.268242,-10.0399,0.0,0.0,0.0,0.0,0.0,0.0,0.0,-14.0625,-33.0167,0.0129973,0.143496,Nothing,seated
3.20322,16,-1.43701,-0.421523,-9.38848,0.0,0.0,0.0,0.0,0.0,0.0,0.0,-18.457,-35.8266,0.0129973,0.143496,Nothing,seated
3.40344,17,-1.42743,-0.316143,-9.18729,0.0,0.0,0.0,0.0,0.0,0.0,0.0,-18.6328,-30.2066,0.0129973,0.143496,Nothing,seated
3.60365,18,-1.57113,-0.143701,-9.7142,0.0,0.0,0.0,0.0,0.0,0.0,0.0,-14.4141,-17.3864,0.0129973,0.143496,Nothing,seated
3.80387,19,-1.71483,-0.249082,-10.4231,0.0,0.0,0.0,0.0,0.0,0.0,0.0,-6.85547,-0.35124,0.0129973,0.143496,Nothing,seated
4.004,20,-1.77231,-0.383203,-10.653,0.0,0.0,0.0,0.0,0.0,0.0,0.0,2.46094,16.5069,0.0129973,0.143496,Nothing,seated
4.20422,21,-1.73399,-0.258662,-10.3082,0.0,0.0,0.0,0.0,0.0,0.0,0.0,10.8984,29.3263,0.0129973,0.143496,Nothing,seated
4.40443,22,-1.59029,-0.210762,-9.4747,0.0,0.0,0.0,0.0,0.0,0.0,0.0,16.6992,35.2971,0.0129973,0.143496,Nothing,seated
4.60465,23,-1.46575,-0.268242,-9.03401,0.0,0.0,0.0,0.0,0.0,0.0,0.0,18.457,32.8385,0.0129973,0.143496,Nothing,seated
4.80487,24,-1.99266,-0.364043,-9.25436,0.0,0.0,0.0,0.0,0.0,0.0,0.0,15.6445,22.4777,0.0129973,0.143496,Nothing,seated
5.00501,25,-2.28006,-0.402363,-10.4231,0.0,0.0,0.0,0.0,0.0,0.0,0.0,8.08594,5.61936,0.0129973,0.143496,Nothing,seated
5.20522,26,-1.80105,-0.392783,-11.1991,0.0,0.0,0.0,0.0,0.0,0.0,0.0,-1.75781,-12.6435,0.0129973,0.143496,Nothing,seated
5.40544,27,-1.93518,-0.172441,-10.6626,0.0,0.0,0.0,0.0,0.0,0.0,0.0,-11.0742,-27.7455,0.0129973,0.143496,Nothing,seated
5.60566,28,-1.58071,-0.249082,-9.62798,0.0,0.0,0.0,0.0,0.0,0.0,0.0,-17.7539,-36.1743,0.0129973,0.143496,Nothing,seated
5.80588,29,-1.44659,-0.421523,-9.05317,0.0,0.0,0.0,0.0,0.0,0.0,0.0,-20.3906,-35.9987,0.0129973,0.143496,Nothing,seated
6.006,30,-1.48491,-0.268242,-9.27352,0.0,0.0,0.0,0.0,0.0,0.0,0.0,-18.1055,-26.1655,0.0129973,0.143496,Nothing,seated
6.20621,31,-1.67651,-0.210762,-10.0782,0.0,0.0,0.0,0.0,0.0,0.0,0.0,-11.6016,-9.83403,0.0129973,0.143496,Nothing,seated
6.40642,32,-1.82021,-0.172441,-10.7488,0.0,0.0,0.0,0.0,0.0,0.0,0.0,-2.63672,8.42918,0.0129973,0.143496,Nothing,seated
6.60664,33,-1.83938,-0.316143,-10.6626,0.0,0.0,0.0,0.0,0.0,0.0,0.0,7.03125,24.7609,0.0129973,0.143496,Nothing,seated
6.80685,34,-1.65735,-0.364043,-9.8579,0.0,0.0,0.0,0.0,0.0,0.0,0.0,15.1172,35.4733,0.0129973,0.143496,Nothing,seated
7.00707,35,-1.50407,-0.229922,-9.12982,0.0,0.0,0.0,0.0,0.0,0.0,0.0,19.1602,37.2257,0.0129973,0.143496,Nothing,seated
7.20729,36,-1.43701,-0.249082,-9.04359,0.0,0.0,0.0,0.0,0.0,0.0,0.0,18.9844,30.5531,0.0129973,0.143496,Nothing,seated
7.4075,37,-1.54239,-0.316143,-9.69504,0.0,0.0,0.0,0.0,0.0,0.0,0.0,14.0625,16.6813,0.0129973,0.143496,Nothing,seated
7.60772,38,-1.72441,-0.325723,-10.471,0.0,0.0,0.0,0.0,0.0,0.0,0.0,5.97656,-1.05355,0.0129973,0.143496,Nothing,seated
7.80794,39,-1.80105,-0.249082,-10.7872,0.0,0.0,0.0,0.0,0.0,0.0,0.0,-3.51562,-18.6127,0.0129973,0.143496,Nothing,seated
8.008,40,-1.72441,-0.201182,-10.3177,0.0,0.0,0.0,0.0,0.0,0.0,0.0,-12.4805,-31.6112,0.0129973,0.143496,Nothing,seated
8.20821,41,-1.54239,-0.316143,-9.54176,0.0,0.0,0.0,0.0,0.0,0.0,0.0,-18.1055,-37.0555,0.0129973,0.143496,Nothing,seated
8.40843,42,-1.42743,-0.296982,-9.11065,0.0,0.0,0.0,0.0,0.0,0.0,0.0,-19.6875,-33.7186,0.0129973,0.143496,Nothing,seated
8.60865,43,-1.54239,-0.287402,-9.54176,0.0,0.0,0.0,0.0,0.0,0.0,0.0,-16.6992,-22.6547,0.0129973,0.143496,Nothing,seated
8.80886,44,-1.70525,-0.220342,-10.2411,0.0,0.0,0.0,0.0,0.0,0.0,0.0,-9.66797,-6.14665,0.0129973,0.143496,Nothing,seated
9.00908,45,-1.83938,-0.239502,-10.7009,0.0,0.0,0.0,0.0,0.0,0.0,0.0,0.0,12.4671,0.0129973,0.143496,Nothing,seated
9.20928,46,-1.80105,-0.287402,-10.4614,0.0,0.0,0.0,0.0,0.0,0.0,0.0,8.61328,26.6902,0.0129973,0.143496,Nothing,seated
9.4095,47,-1.64777,-0.287402,-9.69504,0.0,0.0,0.0,0.0,0.0,0.0,0.0,15.6445,35.2945,0.0129973,0.143496,Nothing,seated
9.60971,48,-1.47533,-0.239502,-9.04359,0.0,0.0,0.0,0.0,0.0,0.0,0.0,18.9844,35.6457,0.0129973,0.143496,Nothing,seated
9.80993,49,-1.50407,-0.249082,-9.14898,0.0,0.0,0.0,0.0,0.0,0.0,0.0,17.9297,27.5682,0.0129973,0.143496,Nothing,seated
10.0101,50,-1.62861,-0.287402,-9.84832,0.0,0.0,0.0,0.0,0.0,0.0,0.0,12.3047,12.2915,0.0129973,0.143496,Nothing,seated
10.2104,51,-1.76273,-0.287402,-10.5764,0.0,0.0,0.0,0.0,0.0,0.0,0.0,3.69141,-4.91658,0.0129973,0.143496,Nothing,seated
10.4106,52,-1.81063,-0.229922,-10.6435,0.0,0.0,0.0,0.0,0.0,0.0,0.0,-5.44922,-21.0711,0.0129973,0.143496,Nothing,seated
10.6108,53,-1.65735,-0.239502,-10.0782,0.0,0.0,0.0,0.0,0.0,0.0,0.0,-13.5352,-32.4847,0.0129973,0.143496,Nothing,seated
10.811,54,-1.53281,-0.296982,-9.46512,0.0,0.0,0.0,0.0,0.0,0.0,0.0,-18.457,-36.3478,0.0129973,0.143496,Nothing,seated
11.0112,55,-1.45617,-0.316143,-9.2352,0.0,0.0,0.0,0.0,0.0,0.0,0.0,-18.9844,-31.2555,0.0129973,0.143496,Nothing,seated
11.2114,56,-1.55197,-0.306563,-9.65672,0.0,0.0,0.0,0.0,0.0,0.0,0.0,-15.1172,-18.7885,0.0129973,0.143496,Nothing,seated
11.4116,57,-1.80105,-0.258662,-10.3273,0.0,0.0,0.0,0.0,0.0,0.0,0.0,-7.73438,-2.28272,0.0129973,0.143496,Nothing,seated
11.6119,58,-1.8298,-0.220342,-10.653,0.0,0.0,0.0,0.0,0.0,0.0,0.0,1.40625,14.9254,0.0129973,0.143496,Nothing,seated
11.812,59,-1.76273,-0.277822,-10.3082,0.0,0.0,0.0,0.0,0.0,0.0,0.0,10.3711,28.7992,0.0129973,0.143496,Nothing,seated
12.0121,60,-1.60945,-0.306563,-9.6184,0.0,0.0,0.0,0.0,0.0,0.0,0.0,16.3477,35.3005,0.0129973,0.143496,IncreaseAccelerometer,seated
12.2122,61,-1.43701,-0.268242,-9.05317,0.0,0.0,0.0,0.0,0.0,0.0,0.0,18.6328,33.7227,0.0129973,0.143496,IncreaseAccelerometer,seated
12.4124,62,-1.52323,-0.287402,-9.21604,0.0,0.0,0.0,0.0,0.0,0.0,0.0,16.6992,24.4162,0.0129973,0.143496,IncreaseAccelerometer,seated
12.6125,63,-1.64777,-0.296982,-10.0782,0.0,0.0,0.0,0.0,0.0,0.0,0.0,10.1953,8.78368,0.0129973,0.143496,IncreaseAccelerometer,seated
12.8126,64,-1.73399,-0.296982,-10.6051,0.0,0.0,0.0,0.0,0.0,0.0,0.0,1.93359,-8.43268,0.0129973,0.143496,IncreaseAccelerometer,seated
13.0127,65,-1.72441,-0.268242,-10.5956,0.0,0.0,0.0,0.0,0.0,0.0,0.0,-7.03125,-23.3653,0.0129973,0.143496,IncreaseAccelerometer,seated
13.2128,66,-1.64777,-0.258662,-10.0112,0.0,0.0,0.0,0.0,0.0,0.0,0.0,-14.4141,-33.028,0.0129973,0.143496,IncreaseAccelerometer,seated
13.4129,67,-1.45617,-0.296982,-9.35974,0.0,0.0,0.0,0.0,0.0,0.0,0.0,-18.457,-35.136,0.0129973,0.143496,IncreaseAccelerometer,seated
13.613,68,-1.46575,-0.325723,-9.25436,0.0,0.0,0.0,0.0,0.0,0.0,0.0,-18.1055,-28.2861,0.0129973,0.143496,IncreaseAccelerometer,seated
13.8131,69,-1.56155,-0.277822,-9.74294,0.0,0.0,0.0,0.0,0.0,0.0,0.0,-13.5352,-15.4606,0.0129973,0.143496,IncreaseAccelerometer,seated
14.0132,70,-1.75315,-0.239502,-10.471,0.0,0.0,0.0,0.0,0.0,0.0,0.0,-5.27344,1.75689,0.0129973,0.143496,IncreaseAccelerometer,seated
14.2133,71,-1.79147,-0.258662,-10.6818,0.0,0.0,0.0,0.0,0.0,0.0,0.0,3.16406,17.5691,0.0129973,0.143496,IncreaseAccelerometer,seated
14.4134,72,-1.68609,-0.287402,-10.0399,0.0,0.0,0.0,0.0,0.0,0.0,0.0,11.9531,30.3947,0.0129973,0.143496,IncreaseAccelerometer,seated
14.6135,73,-1.56155,-0.258662,-9.43638,0.0,0.0,0.0,0.0,0.0,0.0,0.0,16.6992,34.7858,0.0129973,0.143496,IncreaseAccelerometer,seated
14.8137,74,-1.49449,-0.316143,-9.08191,0.0,0.0,0.0,0.0,0.0,0.0,0.0,18.1055,31.623,0.0129973,0.143496,IncreaseAccelerometer,seated
15.0138,75,-1.54239,-0.258662,-9.39806,0.0,0.0,0.0,0.0,0.0,0.0,0.0,15.293,20.555,0.0129973,0.143496,IncreaseAccelerometer,seated
15.2139,76,-1.65735,-0.258662,-10.1261,0.0,0.0,0.0,0.0,0.0,0.0,0.0,8.61328,5.44616,0.0129973,0.143496,IncreaseAccelerometer,seated
15.414,77,-1.73399,-0.306563,-10.6435,0.0,0.0,0.0,0.0,0.0,0.0,0.0,-0.351562,-12.2978,0.0129973,0.143496,IncreaseAccelerometer,seated
15.6141,78,-1.73399,-0.249082,-10.4614,0.0,0.0,0.0,0.0,0.0,0.0,0.0,-8.78906,-25.4736,0.0129973,0.143496,IncreaseAccelerometer,seated
15.8142,79,-1.59029,-0.249082,-9.84832,0.0,0.0,0.0,0.0,0.0,0.0,0.0,-15.293,-33.3797,0.0129973,0.143496,IncreaseAccelerometer,seated
16.0143,80,-1.46575,-0.316143,-9.26394,0.0,0.0,0.0,0.0,0.0,0.0,0.0,-18.2812,-33.5554,0.0129973,0.143496,IncreaseAccelerometer,seated
16.2173,81,-1.11129,-0.0958008,-9.84832,0.0,0.0,0.0,0.0,0.0,0.0,0.0,-16.5234,-25.0507,0.0178673,0.140658,IncreaseAccelerometer,extended
16.4174,82,-3.48715,-1.00591,-8.17181,0.0,0.0,0.0,0.0,0.0,0.0,0.0,-11.9531,-11.5622,0.0178673,0.140658,IncreaseAccelerometer,extended
16.6175,83,-6.14083,0.392783,-8.66039,0.0,0.0,0.0,0.0,0.0,0.0,0.0,-3.86719,4.90513,0.0178673,0.140658,IncreaseAccelerometer,extended
16.8177,84,-7.06052,0.0766406,-8.16223,0.0,0.0,0.0,0.0,0.0,0.0,0.0,4.74609,19.9704,0.0178673,0.140658,IncreaseAccelerometer,extended
17.0178,85,-6.39949,-0.316143,-7.53952,0.0,0.0,0.0,0.0,0.0,0.0,0.0,12.4805,30.6562,0.0178673,0.140658,IncreaseAccelerometer,extended
17.2179,86,-5.89175,-0.182021,-7.25212,0.0,0.0,0.0,0.0,0.0,0.0,0.0,16.6992,33.2038,0.0178673,0.140658,IncreaseAccelerometer,extended
17.418,87,-5.65225,-0.249082,-7.04136,0.0,0.0,0.0,0.0,0.0,0.0,0.0,17.2266,29.1623,0.0178673,0.140658,IncreaseAccelerometer,extended
17.6199,88,-5.57561,-0.0191602,-7.04136,0.0,0.0,0.0,0.0,0.0,0.0,0.0,13.1836,17.0105,0.0129973,0.143496,IncreaseAccelerometer,seated
17.82,89,-6.40907,0.661025,-8.66997,0.0,0.0,0.0,0.0,0.0,0.0,0.0,6.50391,1.75371,0.0129973,0.143496,IncreaseAccelerometer,seated
18.0201,90,-2.14594,-0.105381,-11.6973,0.0,0.0,0.0,0.0,0.0,0.0,0.0,-2.28516,-14.731,0.0129973,0.143496,IncreaseAccelerometer,seated
18.2202,91,-2.05014,-0.258662,-10.2028,0.0,0.0,0.0,0.0,0.0,0.0,0.0,-11.25,-27.8836,0.0129973,0.143496,IncreaseAccelerometer,seated
18.4203,92,-1.65735,-0.229922,-9.74294,0.0,0.0,0.0,0.0,0.0,0.0,0.0,-15.9961,-33.1451,0.0129973,0.143496,IncreaseAccelerometer,seated
18.6205,93,-1.58071,-0.335303,-9.38848,0.0,0.0,0.0,0.0,0.0,0.0,0.0,-17.7539,-30.9198,0.0129973,0.143496,IncreaseAccelerometer,seated
18.8206,94,-1.55197,-0.239502,-9.36932,0.0,0.0,0.0,0.0,0.0,0.0,0.0,-15.8203,-22.3115,0.0129973,0.143496,IncreaseAccelerometer,seated
19.1332,95,-1.63819,-0.162861,-9.86748,0.0,0.0,0.0,0.0,0.0,0.0,0.0,-5.27344,-2.68462,0.0178673,0.140658,IncreaseAccelerometer,extended
19.3334,96,-2.65368,-1.39869,-8.49753,0.0,0.0,0.0,0.0,0.0,0.0,0.0,3.16406,12.9492,0.0178673,0.140658,IncreaseAccelerometer,extended
19.5335,97,-6.09293,-0.459844,-7.63532,0.0,0.0,0.0,0.0,0.0,0.0,0.0,11.0742,24.3189,0.0178673,0.140658,IncreaseAccelerometer,extended
19.7336,98,-6.06419,-0.239502,-6.8785,0.0,0.0,0.0,0.0,0.0,0.0,0.0,15.6445,30.004,0.0178673,0.140658,IncreaseAccelerometer,extended
19.9337,99,-5.90133,-0.162861,-7.4054,0.0,0.0,0.0,0.0,0.0,0.0,0.0,-15.4688,0.315828,0.0178673,0.140658,IncreaseAccelerometer,extended
21.567,100,-6.69648,-0.0862207,-7.89398,0.0,0.0,0.0,0.0,0.0,0.0,0.0,-10.0195,-1.95008,0.0129973,0.143496,IncreaseAccelerometer,seated
21.7671,101,0.201182,-0.383203,-2.75906,0.0,0.0,0.0,0.0,0.0,0.0,0.0,-2.10938,-2.16681,0.0178673,0.140658,IncreaseAccelerometer,extended
21.9672,102,-14.0923,-0.162861,-7.39582,0.0,0.0,0.0,0.0,0.0,0.0,0.0,6.32812,-1.95013,0.0178673,0.140658,IncreaseAccelerometer,extended
22.1673,103,-5.96839,-0.182021,-7.79818,0.0,0.0,0.0,0.0,0.0,0.0,0.0,13.0078,-1.08341,0.0178673,0.140658,IncreaseAccelerometer,extended
22.3674,104,-6.8785,-0.182021,-7.66406,0.0,0.0,0.0,0.0,0.0,0.0,0.0,16.5234,13.1453,0.0178673,0.140658,IncreaseAccelerometer,extended
22.5676,105,-5.88217,-0.306563,-6.67731,0.0,0.0,0.0,0.0,0.0,0.0,0.0,16.1719,26.1778,0.0178673,0.140658,IncreaseAccelerometer,extended
22.7677,106,-6.10251,-0.220342,-7.52994,0.0,0.0,0.0,0.0,0.0,0.0,0.0,11.7773,13.8787,0.0178673,0.140658,IncreaseAccelerometer,extended
22.9678,107,-6.65815,-0.153281,-7.85566,0.0,0.0,0.0,0.0,0.0,0.0,0.0,4.57031,-1.7568,0.0178673,0.140658,IncreaseAccelerometer,extended
23.1679,108,-6.82102,-0.134121,-8.22929,0.0,0.0,0.0,0.0,0.0,0.0,0.0,-3.86719,-16.8652,0.0178673,0.140658,IncreaseAccelerometer,extended
23.368,109,-6.27495,-0.0287402,-7.7886,0.0,0.0,0.0,0.0,0.0,0.0,0.0,-11.25,-27.7584,0.0129973,0.143496,IncreaseAccelerometer,seated
23.5681,110,-7.86524,-0.383203,-8.47837,0.0,0.0,0.0,0.0,0.0,0.0,0.0,-16.1719,-32.3263,0.0129973,0.143496,IncreaseAccelerometer,seated
23.7682,111,-1.06339,-0.747246,-9.19688,0.0,0.0,0.0,0.0,0.0,0.0,0.0,-17.4023,-29.1638,0.0129973,0.143496,IncreaseAccelerometer,seated
23.9684,112,-1.26457,-0.229922,-9.55134,0.0,0.0,0.0,0.0,0.0,0.0,0.0,-14.4141,-18.9738,0.0129973,0.143496,IncreaseAccelerometer,seated
24.1685,113,-2.05014,-0.258662,-9.96328,0.0,0.0,0.0,0.0,0.0,0.0,0.0,-8.08594,-4.21637,0.0129973,0.143496,IncreaseAccelerometer,seated
24.3686,114,-1.91602,-0.296982,-10.6722,0.0,0.0,0.0,0.0,0.0,0.0,0.0,-0.175781,11.0673,0.0129973,0.143496,IncreaseAccelerometer,seated
24.5687,115,-1.90644,-0.316143,-10.2698,0.0,0.0,0.0,0.0,0.0,0.0,0.0,7.91016,24.067,0.0129973,0.143496,IncreaseAccelerometer,seated
24.7688,116,-1.78189,-0.344883,-9.48428,0.0,0.0,0.0,0.0,0.0,0.0,0.0,14.0625,31.4453,0.0129973,0.143496,IncreaseAccelerometer,seated
24.969,117,-1.61903,-0.306563,-9.16813,0.0,0.0,0.0,0.0,0.0,0.0,0.0,16.6992,31.0936,0.0129973,0.143496,IncreaseAccelerometer,seated
25.1691,118,-1.62861,-0.287402,-9.27352,0.0,0.0,0.0,0.0,0.0,0.0,0.0,15.4688,23.5399,0.0129973,0.143496,IncreaseAccelerometer,seated
25.3692,119,-1.70525,-0.258662,-9.84832,0.0,0.0,0.0,0.0,0.0,0.0,0.0,10.3711,10.5403,0.0129973,0.143496,IncreaseAccelerometer,seated
25.5693,120,-1.83938,-0.287402,-10.3752,0.0,0.0,0.0,0.0,0.0,0.0,0.0,2.98828,-4.91891,0.0129973,0.143496,IncreaseAccelerometer,seated
25.7694,121,-1.84896,-0.258662,-10.3944,0.0,0.0,0.0,0.0,0.0,0.0,0.0,-5.27344,-19.3245,0.0129973,0.143496,IncreaseAccelerometer,seated
25.9696,122,-1.73399,-0.258662,-10.0016,0.0,0.0,0.0,0.0,0.0,0.0,0.0,-12.3047,-28.9869,0.0129973,0.143496,IncreaseAccelerometer,seated
26.1697,123,-1.59029,-0.306563,-9.50344,0.0,0.0,0.0,0.0,0.0,0.0,0.0,-16.3477,-31.7977,0.0129973,0.143496,IncreaseAccelerometer,seated
26.3698,124,-1.57113,-0.316143,-9.31184,0.0,0.0,0.0,0.0,0.0,0.0,0.0,-16.5234,-26.879,0.0129973,0.143496,IncreaseAccelerometer,seated
26.5699,125,-1.67651,-0.306563,-9.62798,0.0,0.0,0.0,0.0,0.0,0.0,0.0,-13.0078,-15.9865,0.0129973,0.143496,IncreaseAccelerometer,seated
26.77,126,-1.59029,-0.172441,-10.586,0.0,0.0,0.0,0.0,0.0,0.0,0.0,-6.32812,-1.05411,0.0178673,0.140658,IncreaseAccelerometer,extended
26.9701,127,-6.65815,-0.526904,-9.84832,0.0,0.0,0.0,0.0,0.0,0.0,0.0,1.58203,13.879,0.0178673,0.140658,IncreaseAccelerometer,extended
27.1702,128,-6.19831,-0.402363,-7.97063,0.0,0.0,0.0,0.0,0.0,0.0,0.0,9.31641,25.6501,0.0178673,0.140658,IncreaseAccelerometer,extended
27.3704,129,-5.88217,0.0479004,-7.25212,0.0,0.0,0.0,0.0,0.0,0.0,0.0,14.4141,30.9207,0.0178673,0.140658,IncreaseAccelerometer,extended
27.5704,130,-5.70015,-0.134121,-6.99346,0.0,0.0,0.0,0.0,0.0,0.0,0.0,16.1719,29.1653,0.0129973,0.143496,IncreaseAccelerometer,seated
27.7705,131,-4.57928,-0.258662,-8.19097,0.0,0.0,0.0,0.0,0.0,0.0,0.0,14.0625,20.3793,0.0129973,0.143496,IncreaseAccelerometer,seated
27.9707,132,-0.162861,-0.737666,-10.174,0.0,0.0,0.0,0.0,0.0,0.0,0.0,8.4375,6.85176,0.0129973,0.143496,IncreaseAccelerometer,seated
28.1708,133,-1.86812,-0.613125,-10.6914,0.0,0.0,0.0,0.0,0.0,0.0,0.0,0.878906,-8.43283,0.0129973,0.143496,IncreaseAccelerometer,seated
28.3709,134,-1.72441,-0.239502,-10.2124,0.0,0.0,0.0,0.0,0.0,0.0,0.0,-7.03125,-21.4331,0.0129973,0.143496,IncreaseAccelerometer,seated
28.571,135,-1.64777,-0.316143,-9.8579,0.0,0.0,0.0,0.0,0.0,0.0,0.0,-13.1836,-29.3387,0.0129973,0.143496,IncreaseAccelerometer,seated
28.7711,136,-1.45617,-0.201182,-9.24478,0.0,0.0,0.0,0.0,0.0,0.0,0.0,-16.3477,-30.393,0.0129973,0.143496,IncreaseAccelerometer,seated
28.9712,137,-1.59987,-0.316143,-9.35974,0.0,0.0,0.0,0.0,0.0,0.0,0.0,-15.6445,-24.0699,0.0178673,0.140658,IncreaseAccelerometer,extended
29.1713,138,-6.7827,-0.641865,-9.93454,0.0,0.0,0.0,0.0,0.0,0.0,0.0,-11.4258,-12.2985,0.0178673,0.140658,IncreaseAccelerometer,extended
29.3714,139,-8.02811,-0.498164,-9.06275,0.0,0.0,0.0,0.0,0.0,0.0,0.0,-4.39453,2.63543,0.0178673,0.140658,IncreaseAccelerometer,extended
29.5715,140,-5.81511,-0.172441,-7.4054,0.0,0.0,0.0,0.0,0.0,0.0,0.0,3.33984,16.5144,0.0178673,0.140658,IncreaseAccelerometer,extended
29.7717,141,-6.28453,-0.258662,-7.52036,0.0,0.0,0.0,0.0,0.0,0.0,0.0,10.3711,26.7036,0.0178673,0.140658,IncreaseAccelerometer,extended
29.9718,142,-5.98755,-0.191602,-7.28086,0.0,0.0,0.0,0.0,0.0,0.0,0.0,14.5898,30.2157,0.0178673,0.140658,IncreaseAccelerometer,extended
30.1719,143,-5.85343,-0.229922,-7.17548,0.0,0.0,0.0,0.0,0.0,0.0,0.0,15.4688,26.8783,0.0178673,0.140658,IncreaseAccelerometer,extended
30.372,144,-5.75763,-0.0958008,-7.15632,0.0,0.0,0.0,0.0,0.0,0.0,0.0,12.4805,16.8652,0.0178673,0.140658,IncreaseAccelerometer,extended
30.5721,145,-6.47613,-0.0670606,-7.56826,0.0,0.0,0.0,0.0,0.0,0.0,0.0,6.32812,2.98675,0.0129973,0.143496,IncreaseAccelerometer,seated
30.7722,146,-4.10985,-0.910107,-8.28677,0.0,0.0,0.0,0.0,0.0,0.0,0.0,-1.05469,-11.4201,0.0129973,0.143496,IncreaseAccelerometer,seated
30.9723,147,-1.63819,0.402363,-11.3045,0.0,0.0,0.0,0.0,0.0,0.0,0.0,-8.4375,-23.0155,0.0129973,0.143496,IncreaseAccelerometer,seated
31.1724,148,-2.29922,-0.440684,-9.93454,0.0,0.0,0.0,0.0,0.0,0.0,0.0,-14.0625,-29.5158,0.0129973,0.143496,IncreaseAccelerometer,seated
31.3725,149,-1.43701,-0.316143,-9.24478,0.0,0.0,0.0,0.0,0.0,0.0,0.0,-16.1719,-28.6368,0.0129973,0.143496,IncreaseAccelerometer,seated
31.5726,150,-1.54239,-0.287402,-9.60882,0.0,0.0,0.0,0.0,0.0,0.0,0.0,-14.4141,-20.7308,0.0178673,0.140658,IncreaseAccelerometer,extended
31.7727,151,-8.23887,-0.182021,-7.97063,0.0,0.0,0.0,0.0,0.0,0.0,0.0,-9.66797,-8.60857,0.0178673,0.140658,IncreaseAccelerometer,extended
31.9728,152,-6.47613,0.0862207,-8.21013,0.0,0.0,0.0,0.0,0.0,0.0,0.0,-2.28516,6.14898,0.0178673,0.140658,IncreaseAccelerometer,extended
32.173,153,-5.84385,-0.0766406,-7.34792,0.0,0.0,0.0,0.0,0.0,0.0,0.0,5.27344,19.3252,0.0178673,0.140658,IncreaseAccelerometer,extended
32.3731,154,-6.04503,-0.344883,-7.4054,0.0,0.0,0.0,0.0,0.0,0.0,0.0,11.4258,27.5823,0.0178673,0.140658,IncreaseAccelerometer,extended
32.5732,155,-6.12167,-0.268242,-6.90724,0.0,0.0,0.0,0.0,0.0,0.0,0.0,15.1172,29.5133,0.0178673,0.140658,IncreaseAccelerometer,extended
32.7733,156,-5.73847,-0.249082,-6.98388,0.0,0.0,0.0,0.0,0.0,0.0,0.0,14.7656,24.4198,0.0178673,0.140658,IncreaseAccelerometer,extended
33.0002,157,-6.22705,-0.0191602,-7.28086,0.0,0.0,0.0,0.0,0.0,0.0,0.0,9.84375,11.8054,0.0129973,0.143496,IncreaseAccelerometer,seated
33.2004,158,-5.55645,0.0862207,-9.51302,0.0,0.0,0.0,0.0,0.0,0.0,0.0,3.69141,-1.53986,0.0129973,0.143496,IncreaseAccelerometer,seated
33.4005,159,-2.87402,-0.383203,-10.8542,0.0,0.0,0.0,0.0,0.0,0.0,0.0,-4.39453,-15.3984,0.0129973,0.143496,IncreaseAccelerometer,seated
33.6006,160,-2.00224,-0.526904,-10.5572,0.0,0.0,0.0,0.0,0.0,0.0,0.0,-10.5469,-24.9798,0.0129973,0.143496,IncreaseAccelerometer,seated
33.8007,161,-1.58071,-0.229922,-9.43638,0.0,0.0,0.0,0.0,0.0,0.0,0.0,-14.9414,-28.9137,0.0129973,0.143496,IncreaseAccelerometer,seated
34.0008,162,-1.59029,-0.325723,-9.32142,0.0,0.0,0.0,0.0,0.0,0.0,0.0,-15.4688,-25.2978,0.0129973,0.143496,IncreaseAccelerometer,seated
34.2009,163,-2.08846,-0.229922,-10.1932,0.0,0.0,0.0,0.0,0.0,0.0,0.0,-12.6562,-16.339,0.0178673,0.140658,IncreaseAccelerometer,extended
34.401,164,-6.72521,-0.258662,-8.07601,0.0,0.0,0.0,0.0,0.0,0.0,0.0,-6.85547,-2.45969,0.0178673,0.140658,IncreaseAccelerometer,extended
34.6011,165,-5.40316,-0.239502,-8.41131,0.0,0.0,0.0,0.0,0.0,0.0,0.0,0.703125,11.2441,0.0178673,0.140658,IncreaseAccelerometer,extended
34.8012,166,-6.09293,-0.0862207,-7.33834,0.0,0.0,0.0,0.0,0.0,0.0,0.0,7.73438,22.6639,0.0178673,0.140658,IncreaseAccelerometer,extended
35.0014,167,-6.24621,-0.249082,-7.56826,0.0,0.0,0.0,0.0,0.0,0.0,0.0,12.832,28.286,0.0178673,0.140658,IncreaseAccelerometer,extended
35.2015,168,-6.00671,-0.210762,-7.27128,0.0,0.0,0.0,0.0,0.0,0.0,0.0,14.9414,27.5819,0.0178673,0.140658,IncreaseAccelerometer,extended
35.4015,169,-5.64267,-0.229922,-6.9743,0.0,0.0,0.0,0.0,0.0,0.0,0.0,13.3594,20.204,0.0129973,0.143496,IncreaseAccelerometer,seated
35.6017,170,-6.31327,0.105381,-9.25436,0.0,0.0,0.0,0.0,0.0,0.0,0.0,8.4375,7.73024,0.0129973,0.143496,IncreaseAccelerometer,seated
35.8018,171,-0.900527,-0.134121,-9.49386,0.0,0.0,0.0,0.0,0.0,0.0,0.0,1.58203,-6.14896,0.0129973,0.143496,IncreaseAccelerometer,seated
36.0019,172,-2.28006,-0.383203,-10.3944,0.0,0.0,0.0,0.0,0.0,0.0,0.0,-5.625,-18.4468,0.0129973,0.143496,IncreaseAccelerometer,seated
36.202,173,-1.73399,-0.210762,-9.35016,0.0,0.0,0.0,0.0,0.0,0.0,0.0,-11.6016,-26.5293,0.0129973,0.143496,IncreaseAccelerometer,seated
36.4021,174,-1.59987,-0.268242,-9.50344,0.0,0.0,0.0,0.0,0.0,0.0,0.0,-14.9414,-28.2847,0.0129973,0.143496,IncreaseAccelerometer,seated
36.9198,175,-4.79004,-0.162861,-9.56092,0.0,0.0,0.0,0.0,0.0,0.0,0.0,-7.73438,-12.2688,0.0178673,0.140658,IncreaseAccelerometer,extended
37.1199,176,-5.68099,-0.258662,-8.29635,0.0,0.0,0.0,0.0,0.0,0.0,0.0,-0.703125,-1.73364,0.0178673,0.140658,IncreaseAccelerometer,extended
37.32,177,-6.66773,0.229922,-7.95147,0.0,0.0,0.0,0.0,0.0,0.0,0.0,6.32812,9.06859,0.0178673,0.140658,IncreaseAccelerometer,extended
37.5201,178,-5.88217,-0.0862207,-7.58742,0.0,0.0,0.0,0.0,0.0,0.0,0.0,11.9531,17.8706,0.0129973,0.143496,IncreaseAccelerometer,seated
37.7202,179,-2.61536,-0.325723,-6.38991,0.0,0.0,0.0,0.0,0.0,0.0,0.0,14.4141,22.2717,0.0129973,0.143496,IncreaseAccelerometer,seated
37.9203,180,0.162861,-1.04423,-10.0016,0.0,0.0,0.0,0.0,0.0,0.0,0.0,13.3594,21.0835,0.0129973,0.143496,IncreaseAccelerometer,seated
38.1204,181,-1.76273,-0.402363,-9.77168,0.0,0.0,0.0,0.0,0.0,0.0,0.0,9.31641,10.0148,0.0129973,0.143496,IncreaseAccelerometer,seated
38.3205,182,-1.88728,-0.191602,-10.2219,0.0,0.0,0.0,0.0,0.0,0.0,0.0,2.8125,-3.51376,0.0129973,0.143496,IncreaseAccelerometer,seated
38.5206,183,-1.82021,-0.373623,-10.2411,0.0,0.0,0.0,0.0,0.0,0.0,0.0,-4.21875,-16.1626,0.0129973,0.143496,IncreaseAccelerometer,seated
38.7207,184,-1.71483,-0.335303,-9.92496,0.0,0.0,0.0,0.0,0.0,0.0,0.0,-10.5469,-24.9465,0.0129973,0.143496,IncreaseAccelerometer,seated
38.9209,185,-1.59029,-0.306563,-9.4268,0.0,0.0,0.0,0.0,0.0,0.0,0.0,-14.0625,-27.406,0.0129973,0.143496,IncreaseAccelerometer,seated
39.1209,186,-2.19384,-0.182021,-8.88073,0.0,0.0,0.0,0.0,0.0,0.0,0.0,-14.4141,-23.7178,0.0178673,0.140658,IncreaseAccelerometer,extended
39.321,187,-2.49082,-0.871787,-7.49162,0.0,0.0,0.0,0.0,0.0,0.0,0.0,-11.6016,-14.4074,0.0178673,0.140658,IncreaseAccelerometer,extended
39.5211,188,-6.04503,-0.105381,-8.81367,0.0,0.0,0.0,0.0,0.0,0.0,0.0,-5.625,-1.40557,0.0178673,0.140658,IncreaseAccelerometer,extended
39.7212,189,-7.07968,0.0862207,-8.26761,0.0,0.0,0.0,0.0,0.0,0.0,0.0,1.05469,11.596,0.0178673,0.140658,IncreaseAccelerometer,extended
39.9213,190,-6.31327,-0.201182,-7.63532,0.0,0.0,0.0,0.0,0.0,0.0,0.0,7.73438,21.7864,0.0178673,0.140658,IncreaseAccelerometer,extended
40.1215,191,-5.88217,-0.220342,-7.2138,0.0,0.0,0.0,0.0,0.0,0.0,0.0,12.3047,26.7046,0.0178673,0.140658,IncreaseAccelerometer,extended
40.3215,192,-5.49897,-0.239502,-7.118,0.0,0.0,0.0,0.0,0.0,0.0,0.0,14.0625,25.6503,0.0129973,0.143496,IncreaseAccelerometer,seated
40.5216,193,-5.11576,-0.162861,-8.31551,0.0,0.0,0.0,0.0,0.0,0.0,0.0,12.3047,17.9201,0.0129973,0.143496,IncreaseAccelerometer,seated
40.7218,194,-2.15552,-0.421523,-10.8638,0.0,0.0,0.0,0.0,0.0,0.0,0.0,6.67969,5.62198,0.0129973,0.143496,IncreaseAccelerometer,seated
40.9219,195,-2.28964,-0.335303,-10.2507,0.0,0.0,0.0,0.0,0.0,0.0,0.0,0.703125,-7.02755,0.0129973,0.143496,IncreaseAccelerometer,seated
41.122,196,-1.80105,-0.344883,-10.0399,0.0,0.0,0.0,0.0,0.0,0.0,0.0,-6.50391,-18.7989,0.0129973,0.143496,IncreaseAccelerometer,seated
41.3389,197,-1.72441,-0.344883,-9.9058,0.0,0.0,0.0,0.0,0.0,0.0,0.0,-11.7773,-25.3992,0.0178673,0.140658,IncreaseAccelerometer,extended
41.539,198,-4.34936,-1.28373,-8.66039,0.0,0.0,0.0,0.0,0.0,0.0,0.0,-14.4141,-26.2634,0.0178673,0.140658,IncreaseAccelerometer,extended
41.7391,199,-6.95514,-0.249082,-8.44005,0.0,0.0,0.0,0.0,0.0,0.0,0.0,-13.1836,-19.5245,0.0178673,0.140658,IncreaseAccelerometer,extended
41.9392,200,-6.96472,-0.220342,-8.02811,0.0,0.0,0.0,0.0,0.0,0.0,0.0,-9.66797,-10.194,0.0178673,0.140658,IncreaseAccelerometer,extended
42.1393,201,-6.7348,-0.0670606,-8.18139,0.0,0.0,0.0,0.0,0.0,0.0,0.0,-3.51562,2.93724,0.0178673,0.140658,IncreaseAccelerometer,extended
42.3395,202,-6.11209,-0.172441,-7.597,0.0,0.0,0.0,0.0,0.0,0.0,0.0,3.33984,15.1083,0.0178673,0.140658,IncreaseAccelerometer,extended
42.5395,203,-6.27495,-0.239502,-7.3096,0.0,0.0,0.0,0.0,0.0,0.0,0.0,9.14062,23.5419,0.0129973,0.143496,IncreaseAccelerometer,seated
42.7396,204,-6.15999,-0.0191602,-8.77535,0.0,0.0,0.0,0.0,0.0,0.0,0.0,12.832,26.0018,0.0129973,0.143496,IncreaseAccelerometer,seated
42.9398,205,-2.41418,-0.335303,-9.8579,0.0,0.0,0.0,0.0,0.0,0.0,0.0,13.3594,23.0148,0.0129973,0.143496,IncreaseAccelerometer,seated
43.1399,206,-1.57113,-0.565225,-9.58966,0.0,0.0,0.0,0.0,0.0,0.0,0.0,10.5469,14.0549,0.0129973,0.143496,IncreaseAccelerometer,seated
43.34,207,-1.80105,-0.364043,-9.87706,0.0,0.0,0.0,0.0,0.0,0.0,0.0,5.09766,1.75689,0.0129973,0.143496,IncreaseAccelerometer,seated
43.5401,208,-1.84896,-0.402363,-10.3944,0.0,0.0,0.0,0.0,0.0,0.0,0.0,-2.28516,-11.4198,0.0178673,0.140658,IncreaseAccelerometer,extended
43.7401,209,-2.95066,-0.517324,-7.73112,0.0,0.0,0.0,0.0,0.0,0.0,0.0,-7.73438,-20.5562,0.0178673,0.140658,IncreaseAccelerometer,extended
43.9403,210,-6.33243,-0.498164,-7.2617,0.0,0.0,0.0,0.0,0.0,0.0,0.0,-11.9531,-25.3002,0.0178673,0.140658,IncreaseAccelerometer,extended
44.1404,211,-5.99713,-0.239502,-7.52036,0.0,0.0,0.0,0.0,0.0,0.0,0.0,-11.7773,-22.313,0.0178673,0.140658,IncreaseAccelerometer,extended
44.4758,212,-6.13125,-0.287402,-7.65448,0.0,0.0,0.0,0.0,0.0,0.0,0.0,-9.66797,-13.0005,0.0178673,0.140658,IncreaseAccelerometer,extended
44.6758,213,-6.21747,-0.0574805,-8.00895,0.0,0.0,0.0,0.0,0.0,0.0,0.0,-4.04297,-1.54768,0.0129973,0.143496,IncreaseAccelerometer,seated
44.8759,214,-5.65225,0.0862207,-8.57417,0.0,0.0,0.0,0.0,0.0,0.0,0.0,2.63672,9.1311,0.0129973,0.143496,IncreaseAccelerometer,seated
45.076,215,-0.718506,-0.421523,-9.4268,0.0,0.0,0.0,0.0,0.0,0.0,0.0,8.4375,17.9538,0.0129973,0.143496,IncreaseAccelerometer,seated
45.2761,216,-1.30289,-0.364043,-9.7142,0.0,0.0,0.0,0.0,0.0,0.0,0.0,12.4805,21.3592,0.0129973,0.143496,IncreaseAccelerometer,seated
45.4762,217,-1.75315,-0.296982,-9.31184,0.0,0.0,0.0,0.0,0.0,0.0,0.0,13.0078,22.6654,0.0129973,0.143496,IncreaseAccelerometer,seated
45.6763,218,-1.74357,-0.268242,-9.5226,0.0,0.0,0.0,0.0,0.0,0.0,0.0,9.66797,13.7041,0.0129973,0.143496,IncreaseAccelerometer,seated
45.8764,219,-1.61903,-0.182021,-9.84832,0.0,0.0,0.0,0.0,0.0,0.0,0.0,5.625,2.98694,0.0129973,0.143496,IncreaseAccelerometer,seated
46.0765,220,-1.69567,-0.325723,-10.0399,0.0,0.0,0.0,0.0,0.0,0.0,0.0,-0.878906,-9.31168,0.0129973,0.143496,IncreaseAccelerometer,seated
46.8244,221,-1.98308,-0.411943,-9.60882,0.0,0.0,0.0,0.0,0.0,0.0,0.0,-12.4805,-16.1214,0.0178673,0.140658,IncreaseAccelerometer,extended
47.0245,222,-0.651445,-0.919688,-7.06052,0.0,0.0,0.0,0.0,0.0,0.0,0.0,-9.84375,-14.7591,0.0178673,0.140658,IncreaseAccelerometer,extended
47.2246,223,-7.13716,-0.507744,-8.28677,0.0,0.0,0.0,0.0,0.0,0.0,0.0,-3.69141,-8.62835,0.0178673,0.140658,IncreaseAccelerometer,extended
47.5061,224,-7.4533,-0.498164,-7.84608,0.0,0.0,0.0,0.0,0.0,0.0,0.0,4.57031,-0.647152,0.0129973,0.143496,IncreaseAccelerometer,seated
47.7062,225,-4.5218,0.220342,-7.75986,0.0,0.0,0.0,0.0,0.0,0.0,0.0,9.84375,6.57934,0.0129973,0.143496,IncreaseAccelerometer,seated
47.9064,226,-1.91602,-0.0862207,-9.70462,0.0,0.0,0.0,0.0,0.0,0.0,0.0,12.4805,23.0703,0.0129973,0.143496,IncreaseAccelerometer,seated
48.1065,227,-1.99266,-0.661025,-9.50344,0.0,0.0,0.0,0.0,0.0,0.0,0.0,12.1289,20.3081,0.0129973,0.143496,IncreaseAccelerometer,seated
48.3066,228,-1.59029,-0.105381,-9.58966,0.0,0.0,0.0,0.0,0.0,0.0,0.0,8.78906,11.5351,0.0129973,0.143496,IncreaseAccelerometer,seated
48.5067,229,-1.76273,-0.287402,-9.88664,0.0,0.0,0.0,0.0,0.0,0.0,0.0,3.51562,-1.05408,0.0129973,0.143496,IncreaseAccelerometer,seated
48.7068,230,-1.80105,-0.296982,-10.107,0.0,0.0,0.0,0.0,0.0,0.0,0.0,-4.04297,-13.8788,0.0129973,0.143496,IncreaseAccelerometer,seated
