0.000853062,0,0.0,0.0,0.0,0.0,0.0,0.0,0.0,0.0,0.0,0.0,-0.351562,0.0,0.0129973,0.143496,None,seated
0.020937,1,0.0,0.0,0.0,0.0,0.0,0.0,0.0,0.0,0.0,0.0,-0.351562,0.0,0.0129973,0.143496,Nothing,seated
0.041024,2,0.0,0.0,0.0,0.0,0.0,0.0,0.0,0.0,0.0,0.0,-0.351562,0.0,0.0129973,0.143496,Nothing,seated
0.061116,3,0.0,0.0,0.0,0.0,0.0,0.0,0.0,0.0,0.0,0.0,-0.351562,0.0,0.0129973,0.143496,Nothing,seated
0.0812011,4,0.0,0.0,0.0,0.0,0.0,0.0,0.0,0.0,0.0,0.0,-0.351562,0.0,0.0129973,0.143496,Nothing,seated
0.101283,5,0.0,0.0,0.0,0.0,0.0,0.0,0.0,0.0,0.0,0.0,-0.351562,0.0,0.0129973,0.143496,Nothing,seated
0.121369,6,0.0,0.0,0.0,0.0,0.0,0.0,0.0,0.0,0.0,0.0,-0.351562,0.0,0.0129973,0.143496,Nothing,seated
0.141453,7,0.0,0.0,0.0,0.0,0.0,0.0,0.0,0.0,0.0,0.0,-0.351562,0.0,0.0129973,0.143496,Nothing,seated
0.161542,8,0.0,0.0,0.0,0.0,0.0,0.0,0.0,0.0,0.0,0.0,-0.351562,0.0,0.0129973,0.143496,Nothing,seated
0.181624,9,0.0,0.0,0.0,0.0,0.0,0.0,0.0,0.0,0.0,0.0,-0.351562,0.0,0.0129973,0.143496,Nothing,seated
0.201705,10,0.0,0.0,0.0,0.0,0.0,0.0,0.0,0.0,0.0,0.0,-0.351562,0.0,0.0129973,0.143496,Nothing,seated
0.22179,11,0.0,0.0,0.0,0.0,0.0,0.0,0.0,0.0,0.0,0.0,-0.351562,0.0,0.0129973,0.143496,Nothing,seated
0.24187,12,0.0,0.0,0.0,0.0,0.0,0.0,0.0,0.0,0.0,0.0,-0.351562,0.0,0.0129973,0.143496,Nothing,seated
0.261957,13,0.0,0.0,0.0,0.0,0.0,0.0,0.0,0.0,0.0,0.0,-0.351562,0.0,0.0129973,0.143496,Nothing,seated
0.282042,14,0.0,0.0,0.0,0.0,0.0,0.0,0.0,0.0,0.0,0.0,-0.351562,0.0,0.0129973,0.143496,Nothing,seated
0.302127,15,0.0,0.0,0.0,0.0,0.0,0.0,0.0,0.0,0.0,0.0,-0.351562,0.0,0.0129973,0.143496,Nothing,seated
0.322206,16,0.0,0.0,0.0,0.0,0.0,0.0,0.0,0.0,0.0,0.0,-0.351562,0.0,0.0129973,0.143496,Nothing,seated
0.342319,17,0.0,0.0,0.0,0.0,0.0,0.0,0.0,0.0,0.0,0.0,-0.351562,0.0,0.0129973,0.143496,Nothing,seated
0.36241,18,0.0,0.0,0.0,0.0,0.0,0.0,0.0,0.0,0.0,0.0,-0.351562,0.0,0.0129973,0.143496,Nothing,seated
0.382497,19,0.0,0.0,0.0,0.0,0.0,0.0,0.0,0.0,0.0,0.0,-0.351562,0.0,0.0129973,0.143496,Nothing,seated
0.402581,20,0.0,0.0,0.0,0.0,0.0,0.0,0.0,0.0,0.0,0.0,-0.351562,0.0,0.0129973,0.143496,Nothing,seated
0.422667,21,0.0,0.0,0.0,0.0,0.0,0.0,0.0,0.0,0.0,0.0,-0.351562,0.0,0.0129973,0.143496,Nothing,seated
0.442754,22,0.0,0.0,0.0,0.0,0.0,0.0,0.0,0.0,0.0,0.0,-0.351562,0.0,0.0129973,0.143496,Nothing,seated
0.462843,23,0.0,0.0,0.0,0.0,0.0,0.0,0.0,0.0,0.0,0.0,-0.351562,0.0,0.0129973,0.143496,Nothing,seated
0.482929,24,0.0,0.0,0.0,0.0,0.0,0.0,0.0,0.0,0.0,0.0,-0.351562,0.0,0.0129973,0.143496,Nothing,seated
0.503012,25,0.0,0.0,0.0,0.0,0.0,0.0,0.0,0.0,0.0,0.0,-0.351562,0.0,0.0129973,0.143496,Nothing,seated
0.5231,26,0.0,0.0,0.0,0.0,0.0,0.0,0.0,0.0,0.0,0.0,-0.351562,0.0,0.0129973,0.143496,Nothing,seated
0.543183,27,0.0,0.0,0.0,0.0,0.0,0.0,0.0,0.0,0.0,0.0,-0.351562,0.0,0.0129973,0.143496,Nothing,seated
0.563273,28,0.0,0.0,0.0,0.0,0.0,0.0,0.0,0.0,0.0,0.0,-0.351562,0.0,0.0129973,0.143496,Nothing,seated
0.583361,29,0.0,0.0,0.0,0.0,0.0,0.0,0.0,0.0,0.0,0.0,-0.351562,0.0,0.0129973,0.143496,Nothing,seated
0.603445,30,0.0,0.0,0.0,0.0,0.0,0.0,0.0,0.0,0.0,0.0,-0.351562,0.0,0.0129973,0.143496,Nothing,seated
0.623532,31,0.0,0.0,0.0,0.0,0.0,0.0,0.0,0.0,0.0,0.0,-0.351562,0.0,0.0129973,0.143496,Nothing,seated
0.643612,32,0.0,0.0,0.0,0.0,0.0,0.0,0.0,0.0,0.0,0.0,-0.351562,0.0,0.0129973,0.143496,Nothing,seated
0.663697,33,0.0,0.0,0.0,0.0,0.0,0.0,0.0,0.0,0.0,0.0,-0.351562,0.0,0.0129973,0.143496,Nothing,seated
0.683782,34,0.0,0.0,0.0,0.0,0.0,0.0,0.0,0.0,0.0,0.0,-0.351562,0.0,0.0129973,0.143496,Nothing,seated
0.703867,35,0.0,0.0,0.0,0.0,0.0,0.0,0.0,0.0,0.0,0.0,-0.351562,0.0,0.0129973,0.143496,Nothing,seated
0.723948,36,0.0,0.0,0.0,0.0,0.0,0.0,0.0,0.0,0.0,0.0,-0.351562,0.0,0.0129973,0.143496,Nothing,seated
0.744038,37,0.0,0.0,0.0,0.0,0.0,0.0,0.0,0.0,0.0,0.0,-0.351562,0.0,0.0129973,0.143496,Nothing,seated
0.764123,38,0.0,0.0,0.0,0.0,0.0,0.0,0.0,0.0,0.0,0.0,-0.351562,0.0,0.0129973,0.143496,Nothing,seated
0.784208,39,0.0,0.0,0.0,0.0,0.0,0.0,0.0,0.0,0.0,0.0,-0.175781,1.75036,0.0129973,0.143496,Nothing,seated
0.804287,40,0.0,0.0,0.0,0.0,0.0,0.0,0.0,0.0,0.0,0.0,-0.175781,1.75046,0.0129973,0.143496,Nothing,seated
0.824374,41,0.0,0.0,0.0,0.0,0.0,0.0,0.0,0.0,0.0,0.0,-0.175781,1.75036,0.0129973,0.143496,Nothing,seated
0.844463,42,0.0,0.0,0.0,0.0,0.0,0.0,0.0,0.0,0.0,0.0,-0.175781,1.75037,0.0129973,0.143496,Nothing,seated
0.864546,43,0.0,0.0,0.0,0.0,0.0,0.0,0.0,0.0,0.0,0.0,0.0,3.50081,0.0129973,0.143496,Nothing,seated
0.884625,44,0.0,0.0,0.0,0.0,0.0,0.0,0.0,0.0,0.0,0.0,0.0,1.75051,0.0129973,0.143496,Nothing,seated
0.904713,45,0.0,0.0,0.0,0.0,0.0,0.0,0.0,0.0,0.0,0.0,0.0,1.75036,0.0129973,0.143496,Nothing,seated
0.924799,46,0.0,0.0,0.0,0.0,0.0,0.0,0.0,0.0,0.0,0.0,0.0,1.75037,0.0129973,0.143496,Nothing,seated
0.944887,47,0.0,0.0,0.0,0.0,0.0,0.0,0.0,0.0,0.0,0.0,0.0,1.75039,0.0129973,0.143496,Nothing,seated
0.964972,48,0.0,0.0,0.0,0.0,0.0,0.0,0.0,0.0,0.0,0.0,0.175781,1.75036,0.0129973,0.143496,Nothing,seated
0.985057,49,0.0,0.0,0.0,0.0,0.0,0.0,0.0,0.0,0.0,0.0,0.175781,1.75025,0.0129973,0.143496,Nothing,seated
1.00514,50,0.0,0.0,0.0,0.0,0.0,0.0,0.0,0.0,0.0,0.0,0.175781,1.7503,0.0129973,0.143496,Nothing,seated
1.02523,51,0.0,0.0,0.0,0.0,0.0,0.0,0.0,0.0,0.0,0.0,0.351562,3.50061,0.0129973,0.143496,Nothing,seated
1.04531,52,0.0,0.0,0.0,0.0,0.0,0.0,0.0,0.0,0.0,0.0,0.351562,3.50067,0.0129973,0.143496,Nothing,seated
1.0654,53,0.0,0.0,0.0,0.0,0.0,0.0,0.0,0.0,0.0,0.0,0.351562,1.75032,0.0129973,0.143496,Nothing,seated
1.08549,54,0.0,0.0,0.0,0.0,0.0,0.0,0.0,0.0,0.0,0.0,0.527344,3.50061,0.0129973,0.143496,Nothing,seated
1.10557,55,0.0,0.0,0.0,0.0,0.0,0.0,0.0,0.0,0.0,0.0,0.527344,3.50057,0.0129973,0.143496,Nothing,seated
1.12566,56,0.0,0.0,0.0,0.0,0.0,0.0,0.0,0.0,0.0,0.0,0.527344,1.7503,0.0129973,0.143496,Nothing,seated
1.14574,57,0.0,0.0,0.0,0.0,0.0,0.0,0.0,0.0,0.0,0.0,0.703125,3.50057,0.0129973,0.143496,Nothing,seated
1.16583,58,0.0,0.0,0.0,0.0,0.0,0.0,0.0,0.0,0.0,0.0,0.703125,3.50065,0.0129973,0.143496,Nothing,seated
1.18591,59,0.0,0.0,0.0,0.0,0.0,0.0,0.0,0.0,0.0,0.0,0.878906,3.50064,0.0129973,0.143496,Nothing,seated
1.20599,60,0.0,0.0,0.0,0.0,0.0,0.0,0.0,0.0,0.0,0.0,0.878906,3.50085,0.0129973,0.143496,Nothing,seated
1.22607,61,0.0,0.0,0.0,0.0,0.0,0.0,0.0,0.0,0.0,0.0,0.878906,3.501,0.0129973,0.143496,Nothing,seated
1.24613,62,0.0,0.0,0.0,0.0,0.0,0.0,0.0,0.0,0.0,0.0,1.05469,3.50218,0.0129973,0.143496,Nothing,seated
1.26622,63,0.0,0.0,0.0,0.0,0.0,0.0,0.0,0.0,0.0,0.0,1.05469,3.50207,0.0129973,0.143496,Nothing,seated
1.28629,64,0.0,0.0,0.0,0.0,0.0,0.0,0.0,0.0,0.0,0.0,1.05469,1.75116,0.0129973,0.143496,Nothing,seated
1.30637,65,0.0,0.0,0.0,0.0,0.0,0.0,0.0,0.0,0.0,0.0,1.23047,3.50232,0.0129973,0.143496,Nothing,seated
1.32646,66,0.0,0.0,0.0,0.0,0.0,0.0,0.0,0.0,0.0,0.0,1.23047,3.50207,0.0129973,0.143496,Nothing,seated
1.34656,67,0.0,0.0,0.0,0.0,0.0,0.0,0.0,0.0,0.0,0.0,1.23047,1.75024,0.0129973,0.143496,Nothing,seated
1.36664,68,0.0,0.0,0.0,0.0,0.0,0.0,0.0,0.0,0.0,0.0,1.40625,3.50068,0.0129973,0.143496,Nothing,seated
1.38673,69,0.0,0.0,0.0,0.0,0.0,0.0,0.0,0.0,0.0,0.0,1.40625,3.5005,0.0129973,0.143496,Nothing,seated
1.40681,70,0.0,0.0,0.0,0.0,0.0,0.0,0.0,0.0,0.0,0.0,1.40625,1.75013,0.0129973,0.143496,Nothing,seated
1.4269,71,0.0,0.0,0.0,0.0,0.0,0.0,0.0,0.0,0.0,0.0,1.58203,3.5003,0.0129973,0.143496,Nothing,seated
1.44698,72,0.0,0.0,0.0,0.0,0.0,0.0,0.0,0.0,0.0,0.0,1.58203,3.50081,0.0129973,0.143496,Nothing,seated
1.46707,73,0.0,0.0,0.0,0.0,0.0,0.0,0.0,0.0,0.0,0.0,1.58203,1.75036,0.0129973,0.143496,Nothing,seated
1.48715,74,0.0,0.0,0.0,0.0,0.0,0.0,0.0,0.0,0.0,0.0,1.75781,3.50082,0.0129973,0.143496,Nothing,seated
1.50724,75,0.0,0.0,0.0,0.0,0.0,0.0,0.0,0.0,0.0,0.0,1.75781,3.50085,0.0129973,0.143496,Nothing,seated
1.5273,76,0.0,0.0,0.0,0.0,0.0,0.0,0.0,0.0,0.0,0.0,1.93359,3.50172,0.0129973,0.143496,Nothing,seated
1.54738,77,0.0,0.0,0.0,0.0,0.0,0.0,0.0,0.0,0.0,0.0,1.93359,3.50173,0.0129973,0.143496,Nothing,seated
1.56746,78,0.0,0.0,0.0,0.0,0.0,0.0,0.0,0.0,0.0,0.0,1.93359,3.50175,0.0129973,0.143496,Nothing,seated
1.58755,79,0.0,0.0,0.0,0.0,0.0,0.0,0.0,0.0,0.0,0.0,2.10938,3.50159,0.0129973,0.143496,Nothing,seated
1.60763,80,0.0,0.0,0.0,0.0,0.0,0.0,0.0,0.0,0.0,0.0,2.10938,3.50179,0.0129973,0.143496,Nothing,seated
1.62772,81,0.0,0.0,0.0,0.0,0.0,0.0,0.0,0.0,0.0,0.0,2.10938,1.75043,0.0129973,0.143496,Nothing,seated
1.6478,82,0.0,0.0,0.0,0.0,0.0,0.0,0.0,0.0,0.0,0.0,2.28516,3.50085,0.0129973,0.143496,Nothing,seated
1.66789,83,0.0,0.0,0.0,0.0,0.0,0.0,0.0,0.0,0.0,0.0,2.28516,3.50075,0.0129973,0.143496,Nothing,seated
1.68798,84,0.0,0.0,0.0,0.0,0.0,0.0,0.0,0.0,0.0,0.0,2.46094,3.50071,0.0129973,0.143496,Nothing,seated
1.70806,85,0.0,0.0,0.0,0.0,0.0,0.0,0.0,0.0,0.0,0.0,2.46094,3.50054,0.0129973,0.143496,Nothing,seated
1.72815,86,0.0,0.0,0.0,0.0,0.0,0.0,0.0,0.0,0.0,0.0,2.63672,5.2507,0.0129973,0.143496,Nothing,seated
1.74823,87,0.0,0.0,0.0,0.0,0.0,0.0,0.0,0.0,0.0,0.0,2.63672,3.50051,0.0129973,0.143496,Nothing,seated
1.76832,88,0.0,0.0,0.0,0.0,0.0,0.0,0.0,0.0,0.0,0.0,2.8125,5.25071,0.0129973,0.143496,Nothing,seated
1.78841,89,0.0,0.0,0.0,0.0,0.0,0.0,0.0,0.0,0.0,0.0,2.8125,3.50051,0.0129973,0.143496,Nothing,seated
1.80849,90,0.0,0.0,0.0,0.0,0.0,0.0,0.0,0.0,0.0,0.0,2.8125,3.5005,0.0129973,0.143496,Nothing,seated
1.82858,91,0.0,0.0,0.0,0.0,0.0,0.0,0.0,0.0,0.0,0.0,2.98828,3.50061,0.0129973,0.143496,Nothing,seated
1.84866,92,0.0,0.0,0.0,0.0,0.0,0.0,0.0,0.0,0.0,0.0,2.98828,3.50071,0.0129973,0.143496,Nothing,seated
1.86875,93,0.0,0.0,0.0,0.0,0.0,0.0,0.0,0.0,0.0,0.0,3.16406,3.50078,0.0129973,0.143496,Nothing,seated
1.88883,94,0.0,0.0,0.0,0.0,0.0,0.0,0.0,0.0,0.0,0.0,3.16406,3.50078,0.0129973,0.143496,Nothing,seated
1.90892,95,0.0,0.0,0.0,0.0,0.0,0.0,0.0,0.0,0.0,0.0,3.16406,3.50075,0.0129973,0.143496,Nothing,seated
1.92901,96,0.0,0.0,0.0,0.0,0.0,0.0,0.0,0.0,0.0,0.0,3.33984,3.50071,0.0129973,0.143496,Nothing,seated
1.9491,97,0.0,0.0,0.0,0.0,0.0,0.0,0.0,0.0,0.0,0.0,3.33984,3.50026,0.0129973,0.143496,Nothing,seated
1.96918,98,0.0,0.0,0.0,0.0,0.0,0.0,0.0,0.0,0.0,0.0,3.51562,3.50033,0.0129973,0.143496,Nothing,seated
1.98927,99,0.0,0.0,0.0,0.0,0.0,0.0,0.0,0.0,0.0,0.0,3.51562,3.5003,0.0129973,0.143496,Nothing,seated
2.00936,100,0.0,0.0,0.0,0.0,0.0,0.0,0.0,0.0,0.0,0.0,3.51562,3.50033,0.0129973,0.143496,Nothing,seated
2.02944,101,0.0,0.0,0.0,0.0,0.0,0.0,0.0,0.0,0.0,0.0,3.69141,3.50033,0.0129973,0.143496,Nothing,seated
2.04953,102,0.0,0.0,0.0,0.0,0.0,0.0,0.0,0.0,0.0,0.0,3.69141,3.50057,0.0129973,0.143496,Nothing,seated
2.06962,103,0.0,0.0,0.0,0.0,0.0,0.0,0.0,0.0,0.0,0.0,3.69141,1.75022,0.0129973,0.143496,Nothing,seated
2.0897,104,0.0,0.0,0.0,0.0,0.0,0.0,0.0,0.0,0.0,0.0,3.86719,3.5005,0.0129973,0.143496,Nothing,seated
2.10979,105,0.0,0.0,0.0,0.0,0.0,0.0,0.0,0.0,0.0,0.0,3.86719,3.50036,0.0129973,0.143496,Nothing,seated
2.12988,106,0.0,0.0,0.0,0.0,0.0,0.0,0.0,0.0,0.0,0.0,3.86719,1.75025,0.0129973,0.143496,Nothing,seated
2.14996,107,0.0,0.0,0.0,0.0,0.0,0.0,0.0,0.0,0.0,0.0,3.86719,1.75023,0.0129973,0.143496,Nothing,seated
2.17005,108,0.0,0.0,0.0,0.0,0.0,0.0,0.0,0.0,0.0,0.0,4.04297,3.50051,0.0129973,0.143496,Nothing,seated
2.19012,109,0.0,0.0,0.0,0.0,0.0,0.0,0.0,0.0,0.0,0.0,4.04297,1.75048,0.0129973,0.143496,Nothing,seated
2.21021,110,0.0,0.0,0.0,0.0,0.0,0.0,0.0,0.0,0.0,0.0,4.04297,1.75056,0.0129973,0.143496,Nothing,seated
2.23029,111,0.0,0.0,0.0,0.0,0.0,0.0,0.0,0.0,0.0,0.0,4.04297,1.75059,0.0129973,0.143496,Nothing,seated
2.25037,112,0.0,0.0,0.0,0.0,0.0,0.0,0.0,0.0,0.0,0.0,4.21875,3.50138,0.0129973,0.143496,Nothing,seated
2.27046,113,0.0,0.0,0.0,0.0,0.0,0.0,0.0,0.0,0.0,0.0,4.21875,1.7507,0.0129973,0.143496,Nothing,seated
2.29055,114,0.0,0.0,0.0,0.0,0.0,0.0,0.0,0.0,0.0,0.0,4.21875,1.75037,0.0129973,0.143496,Nothing,seated
2.31063,115,0.0,0.0,0.0,0.0,0.0,0.0,0.0,0.0,0.0,0.0,4.39453,3.50068,0.0129973,0.143496,Nothing,seated
2.33071,116,0.0,0.0,0.0,0.0,0.0,0.0,0.0,0.0,0.0,0.0,4.39453,3.50075,0.0129973,0.143496,Nothing,seated
2.3508,117,0.0,0.0,0.0,0.0,0.0,0.0,0.0,0.0,0.0,0.0,4.39453,1.75034,0.0129973,0.143496,Nothing,seated
2.37088,118,0.0,0.0,0.0,0.0,0.0,0.0,0.0,0.0,0.0,0.0,4.57031,3.50082,0.0129973,0.143496,Nothing,seated
2.39096,119,0.0,0.0,0.0,0.0,0.0,0.0,0.0,0.0,0.0,0.0,4.57031,3.5011,0.0129973,0.143496,Nothing,seated
2.41105,120,0.0,0.0,0.0,0.0,0.0,0.0,0.0,0.0,0.0,0.0,4.74609,3.50099,0.0129973,0.143496,Nothing,seated
2.43114,121,0.0,0.0,0.0,0.0,0.0,0.0,0.0,0.0,0.0,0.0,4.74609,3.50078,0.0129973,0.143496,Nothing,seated
2.45122,122,0.0,0.0,0.0,0.0,0.0,0.0,0.0,0.0,0.0,0.0,4.74609,3.50075,0.0129973,0.143496,Nothing,seated
2.47131,123,0.0,0.0,0.0,0.0,0.0,0.0,0.0,0.0,0.0,0.0,4.92188,3.50064,0.0129973,0.143496,Nothing,seated
2.49139,124,0.0,0.0,0.0,0.0,0.0,0.0,0.0,0.0,0.0,0.0,4.92188,3.50061,0.0129973,0.143496,Nothing,seated
2.51148,125,0.0,0.0,0.0,0.0,0.0,0.0,0.0,0.0,0.0,0.0,5.09766,3.50061,0.0129973,0.143496,Nothing,seated
2.53156,126,0.0,0.0,0.0,0.0,0.0,0.0,0.0,0.0,0.0,0.0,5.09766,3.50078,0.0129973,0.143496,Nothing,seated
2.55165,127,0.0,0.0,0.0,0.0,0.0,0.0,0.0,0.0,0.0,0.0,5.27344,5.25112,0.0129973,0.143496,Nothing,seated
2.57173,128,0.0,0.0,0.0,0.0,0.0,0.0,0.0,0.0,0.0,0.0,5.27344,3.50082,0.0129973,0.143496,Nothing,seated
2.59181,129,0.0,0.0,0.0,0.0,0.0,0.0,0.0,0.0,0.0,0.0,5.44922,5.25127,0.0129973,0.143496,Nothing,seated
2.6119,130,0.0,0.0,0.0,0.0,0.0,0.0,0.0,0.0,0.0,0.0,5.44922,3.50096,0.0129973,0.143496,Nothing,seated
2.63198,131,0.0,0.0,0.0,0.0,0.0,0.0,0.0,0.0,0.0,0.0,5.44922,3.50089,0.0129973,0.143496,Nothing,seated
2.65207,132,0.0,0.0,0.0,0.0,0.0,0.0,0.0,0.0,0.0,0.0,5.625,3.50088,0.0129973,0.143496,Nothing,seated
2.67212,133,0.0,0.0,0.0,0.0,0.0,0.0,0.0,0.0,0.0,0.0,5.625,3.50179,0.0129973,0.143496,Nothing,seated
2.69221,134,0.0,0.0,0.0,0.0,0.0,0.0,0.0,0.0,0.0,0.0,5.625,1.75083,0.0129973,0.143496,Nothing,seated
2.7123,135,0.0,0.0,0.0,0.0,0.0,0.0,0.0,0.0,0.0,0.0,5.80078,3.50148,0.0129973,0.143496,Nothing,seated
2.73239,136,0.0,0.0,0.0,0.0,0.0,0.0,0.0,0.0,0.0,0.0,5.80078,3.50151,0.0129973,0.143496,Nothing,seated
2.75247,137,0.0,0.0,0.0,0.0,0.0,0.0,0.0,0.0,0.0,0.0,5.97656,3.50155,0.0129973,0.143496,Nothing,seated
2.77256,138,0.0,0.0,0.0,0.0,0.0,0.0,0.0,0.0,0.0,0.0,5.97656,3.50046,0.0129973,0.143496,Nothing,seated
2.79264,139,0.0,0.0,0.0,0.0,0.0,0.0,0.0,0.0,0.0,0.0,5.97656,3.50046,0.0129973,0.143496,Nothing,seated
2.81274,140,0.0,0.0,0.0,0.0,0.0,0.0,0.0,0.0,0.0,0.0,5.97656,1.75022,0.0129973,0.143496,Nothing,seated
2.83282,141,0.0,0.0,0.0,0.0,0.0,0.0,0.0,0.0,0.0,0.0,5.97656,1.75022,0.0129973,0.143496,Nothing,seated
2.8529,142,0.0,0.0,0.0,0.0,0.0,0.0,0.0,0.0,0.0,0.0,6.15234,1.75027,0.0129973,0.143496,Nothing,seated
2.87298,143,0.0,0.0,0.0,0.0,0.0,0.0,0.0,0.0,0.0,0.0,6.15234,1.75034,0.0129973,0.143496,Nothing,seated
2.89307,144,0.0,0.0,0.0,0.0,0.0,0.0,0.0,0.0,0.0,0.0,6.15234,1.75036,0.0129973,0.143496,Nothing,seated
2.91313,145,0.0,0.0,0.0,0.0,0.0,0.0,0.0,0.0,0.0,0.0,6.15234,1.75097,0.0129973,0.143496,Nothing,seated
2.93321,146,0.0,0.0,0.0,0.0,0.0,0.0,0.0,0.0,0.0,0.0,6.15234,1.75091,0.0129973,0.143496,Nothing,seated
2.95329,147,0.0,0.0,0.0,0.0,0.0,0.0,0.0,0.0,0.0,0.0,6.15234,0.0,0.0129973,0.143496,Nothing,seated
2.97338,148,0.0,0.0,0.0,0.0,0.0,0.0,0.0,0.0,0.0,0.0,6.15234,0.0,0.0129973,0.143496,Nothing,seated
2.99347,149,0.0,0.0,0.0,0.0,0.0,0.0,0.0,0.0,0.0,0.0,6.32812,1.75083,0.0129973,0.143496,Nothing,seated
3.01356,150,0.0,0.0,0.0,0.0,0.0,0.0,0.0,0.0,0.0,0.0,6.32812,1.7503,0.0129973,0.143496,Nothing,seated
3.03364,151,0.0,0.0,0.0,0.0,0.0,0.0,0.0,0.0,0.0,0.0,6.32812,1.7503,0.0129973,0.143496,Nothing,seated
3.05373,152,0.0,0.0,0.0,0.0,0.0,0.0,0.0,0.0,0.0,0.0,6.32812,1.75017,0.0129973,0.143496,Nothing,seated
3.0738,153,0.0,0.0,0.0,0.0,0.0,0.0,0.0,0.0,0.0,0.0,6.32812,1.75035,0.0129973,0.143496,Nothing,seated
3.09389,154,0.0,0.0,0.0,0.0,0.0,0.0,0.0,0.0,0.0,0.0,6.32812,0.0,0.0129973,0.143496,Nothing,seated
3.11398,155,0.0,0.0,0.0,0.0,0.0,0.0,0.0,0.0,0.0,0.0,6.32812,0.0,0.0129973,0.143496,Nothing,seated
3.13406,156,0.0,0.0,0.0,0.0,0.0,0.0,0.0,0.0,0.0,0.0,6.32812,0.0,0.0129973,0.143496,Nothing,seated
3.15415,157,0.0,0.0,0.0,0.0,0.0,0.0,0.0,0.0,0.0,0.0,6.32812,0.0,0.0129973,0.143496,Nothing,seated
3.17423,158,0.0,0.0,0.0,0.0,0.0,0.0,0.0,0.0,0.0,0.0,6.50391,1.75034,0.0129973,0.143496,Nothing,seated
3.19432,159,0.0,0.0,0.0,0.0,0.0,0.0,0.0,0.0,0.0,0.0,6.50391,1.75032,0.0129973,0.143496,Nothing,seated
3.21441,160,0.0,0.0,0.0,0.0,0.0,0.0,0.0,0.0,0.0,0.0,6.50391,1.75027,0.0129973,0.143496,Nothing,seated
3.23449,161,0.0,0.0,0.0,0.0,0.0,0.0,0.0,0.0,0.0,0.0,6.50391,1.75036,0.0129973,0.143496,Nothing,seated
3.25457,162,0.0,0.0,0.0,0.0,0.0,0.0,0.0,0.0,0.0,0.0,6.50391,1.75037,0.0129973,0.143496,Nothing,seated
3.27466,163,0.0,0.0,0.0,0.0,0.0,0.0,0.0,0.0,0.0,0.0,6.50391,0.0,0.0129973,0.143496,Nothing,seated
3.29475,164,0.0,0.0,0.0,0.0,0.0,0.0,0.0,0.0,0.0,0.0,6.50391,0.0,0.0129973,0.143496,Nothing,seated
3.31483,165,0.0,0.0,0.0,0.0,0.0,0.0,0.0,0.0,0.0,0.0,6.50391,0.0,0.0129973,0.143496,Nothing,seated
3.33491,166,0.0,0.0,0.0,0.0,0.0,0.0,0.0,0.0,0.0,0.0,6.50391,0.0,0.0129973,0.143496,Nothing,seated
3.355,167,0.0,0.0,0.0,0.0,0.0,0.0,0.0,0.0,0.0,0.0,6.50391,0.0,0.0129973,0.143496,Nothing,seated
3.37508,168,0.0,0.0,0.0,0.0,0.0,0.0,0.0,0.0,0.0,0.0,6.50391,0.0,0.0129973,0.143496,Nothing,seated
3.39517,169,0.0,0.0,0.0,0.0,0.0,0.0,0.0,0.0,0.0,0.0,6.50391,0.0,0.0129973,0.143496,Nothing,seated
3.41526,170,0.0,0.0,0.0,0.0,0.0,0.0,0.0,0.0,0.0,0.0,6.67969,1.75036,0.0129973,0.143496,Nothing,seated
3.43534,171,0.0,0.0,0.0,0.0,0.0,0.0,0.0,0.0,0.0,0.0,6.67969,1.75023,0.0129973,0.143496,Nothing,seated
3.45543,172,0.0,0.0,0.0,0.0,0.0,0.0,0.0,0.0,0.0,0.0,6.67969,1.75023,0.0129973,0.143496,Nothing,seated
3.47551,173,0.0,0.0,0.0,0.0,0.0,0.0,0.0,0.0,0.0,0.0,6.67969,1.75025,0.0129973,0.143496,Nothing,seated
3.4956,174,0.0,0.0,0.0,0.0,0.0,0.0,0.0,0.0,0.0,0.0,6.67969,1.75027,0.0129973,0.143496,Nothing,seated
3.51569,175,0.0,0.0,0.0,0.0,0.0,0.0,0.0,0.0,0.0,0.0,6.67969,0.0,0.0129973,0.143496,Nothing,seated
3.53577,176,0.0,0.0,0.0,0.0,0.0,0.0,0.0,0.0,0.0,0.0,6.67969,0.0,0.0129973,0.143496,Nothing,seated
3.55586,177,0.0,0.0,0.0,0.0,0.0,0.0,0.0,0.0,0.0,0.0,6.67969,0.0,0.0129973,0.143496,Nothing,seated
3.57595,178,0.0,0.0,0.0,0.0,0.0,0.0,0.0,0.0,0.0,0.0,6.67969,0.0,0.0129973,0.143496,Nothing,seated
3.59604,179,0.0,0.0,0.0,0.0,0.0,0.0,0.0,0.0,0.0,0.0,6.67969,0.0,0.0129973,0.143496,Nothing,seated
3.61612,180,0.0,0.0,0.0,0.0,0.0,0.0,0.0,0.0,0.0,0.0,6.67969,0.0,0.0129973,0.143496,Nothing,seated
3.6362,181,0.0,0.0,0.0,0.0,0.0,0.0,0.0,0.0,0.0,0.0,6.67969,0.0,0.0129973,0.143496,Nothing,seated
3.65629,182,0.0,0.0,0.0,0.0,0.0,0.0,0.0,0.0,0.0,0.0,6.67969,0.0,0.0129973,0.143496,Nothing,seated
3.67638,183,0.0,0.0,0.0,0.0,0.0,0.0,0.0,0.0,0.0,0.0,6.67969,0.0,0.0129973,0.143496,Nothing,seated
3.69647,184,0.0,0.0,0.0,0.0,0.0,0.0,0.0,0.0,0.0,0.0,6.85547,1.75032,0.0129973,0.143496,Nothing,seated
3.71655,185,0.0,0.0,0.0,0.0,0.0,0.0,0.0,0.0,0.0,0.0,6.85547,1.75027,0.0129973,0.143496,Nothing,seated
3.73663,186,0.0,0.0,0.0,0.0,0.0,0.0,0.0,0.0,0.0,0.0,6.85547,1.75034,0.0129973,0.143496,Nothing,seated
3.75672,187,0.0,0.0,0.0,0.0,0.0,0.0,0.0,0.0,0.0,0.0,6.85547,1.75015,0.0129973,0.143496,Nothing,seated
3.77681,188,0.0,0.0,0.0,0.0,0.0,0.0,0.0,0.0,0.0,0.0,6.85547,1.75022,0.0129973,0.143496,Nothing,seated
3.79689,189,0.0,0.0,0.0,0.0,0.0,0.0,0.0,0.0,0.0,0.0,6.85547,0.0,0.0129973,0.143496,Nothing,seated
3.81698,190,0.0,0.0,0.0,0.0,0.0,0.0,0.0,0.0,0.0,0.0,6.85547,0.0,0.0129973,0.143496,Nothing,seated
3.83706,191,0.0,0.0,0.0,0.0,0.0,0.0,0.0,0.0,0.0,0.0,6.85547,0.0,0.0129973,0.143496,Nothing,seated
3.85715,192,0.0,0.0,0.0,0.0,0.0,0.0,0.0,0.0,0.0,0.0,6.85547,0.0,0.0129973,0.143496,Nothing,seated
3.87723,193,0.0,0.0,0.0,0.0,0.0,0.0,0.0,0.0,0.0,0.0,6.85547,0.0,0.0129973,0.143496,Nothing,seated
3.89732,194,0.0,0.0,0.0,0.0,0.0,0.0,0.0,0.0,0.0,0.0,7.03125,1.75032,0.0129973,0.143496,Nothing,seated
3.91741,195,0.0,0.0,0.0,0.0,0.0,0.0,0.0,0.0,0.0,0.0,7.03125,1.7503,0.0129973,0.143496,Nothing,seated
3.93749,196,0.0,0.0,0.0,0.0,0.0,0.0,0.0,0.0,0.0,0.0,7.03125,1.75032,0.0129973,0.143496,Nothing,seated
3.95758,197,0.0,0.0,0.0,0.0,0.0,0.0,0.0,0.0,0.0,0.0,7.03125,1.75032,0.0129973,0.143496,Nothing,seated
3.97766,198,0.0,0.0,0.0,0.0,0.0,0.0,0.0,0.0,0.0,0.0,7.03125,1.75032,0.0129973,0.143496,Nothing,seated
3.99775,199,0.0,0.0,0.0,0.0,0.0,0.0,0.0,0.0,0.0,0.0,7.03125,0.0,0.0129973,0.143496,Nothing,seated
4.01783,200,0.0,0.0,0.0,0.0,0.0,0.0,0.0,0.0,0.0,0.0,7.03125,0.0,0.0129973,0.143496,Nothing,seated
4.03792,201,0.0,0.0,0.0,0.0,0.0,0.0,0.0,0.0,0.0,0.0,7.03125,0.0,0.0129973,0.143496,Nothing,seated
4.058,202,0.0,0.0,0.0,0.0,0.0,0.0,0.0,0.0,0.0,0.0,7.03125,0.0,0.0129973,0.143496,Nothing,seated
4.07808,203,0.0,0.0,0.0,0.0,0.0,0.0,0.0,0.0,0.0,0.0,7.03125,0.0,0.0129973,0.143496,Nothing,seated
4.09817,204,0.0,0.0,0.0,0.0,0.0,0.0,0.0,0.0,0.0,0.0,7.03125,0.0,0.0129973,0.143496,Nothing,seated
4.11825,205,0.0,0.0,0.0,0.0,0.0,0.0,0.0,0.0,0.0,0.0,7.20703,1.75041,0.0129973,0.143496,Nothing,seated
4.13834,206,0.0,0.0,0.0,0.0,0.0,0.0,0.0,0.0,0.0,0.0,7.20703,1.75046,0.0129973,0.143496,Nothing,seated
4.15842,207,0.0,0.0,0.0,0.0,0.0,0.0,0.0,0.0,0.0,0.0,7.20703,1.75035,0.0129973,0.143496,Nothing,seated
4.17851,208,0.0,0.0,0.0,0.0,0.0,0.0,0.0,0.0,0.0,0.0,7.20703,1.75036,0.0129973,0.143496,Nothing,seated
4.1986,209,0.0,0.0,0.0,0.0,0.0,0.0,0.0,0.0,0.0,0.0,7.20703,1.75039,0.0129973,0.143496,Nothing,seated
4.21868,210,0.0,0.0,0.0,0.0,0.0,0.0,0.0,0.0,0.0,0.0,7.20703,0.0,0.0129973,0.143496,Nothing,seated
4.23877,211,0.0,0.0,0.0,0.0,0.0,0.0,0.0,0.0,0.0,0.0,7.38281,1.75029,0.0129973,0.143496,Nothing,seated
4.25885,212,0.0,0.0,0.0,0.0,0.0,0.0,0.0,0.0,0.0,0.0,7.38281,1.7503,0.0129973,0.143496,Nothing,seated
4.27894,213,0.0,0.0,0.0,0.0,0.0,0.0,0.0,0.0,0.0,0.0,7.38281,1.75028,0.0129973,0.143496,Nothing,seated
4.29902,214,0.0,0.0,0.0,0.0,0.0,0.0,0.0,0.0,0.0,0.0,7.38281,1.75039,0.0129973,0.143496,Nothing,seated
4.31911,215,0.0,0.0,0.0,0.0,0.0,0.0,0.0,0.0,0.0,0.0,7.38281,1.75036,0.0129973,0.143496,Nothing,seated
4.33919,216,0.0,0.0,0.0,0.0,0.0,0.0,0.0,0.0,0.0,0.0,7.38281,0.0,0.0129973,0.143496,Nothing,seated
4.35927,217,0.0,0.0,0.0,0.0,0.0,0.0,0.0,0.0,0.0,0.0,7.38281,0.0,0.0129973,0.143496,Nothing,seated
4.37936,218,0.0,0.0,0.0,0.0,0.0,0.0,0.0,0.0,0.0,0.0,7.38281,0.0,0.0129973,0.143496,Nothing,seated
4.39945,219,0.0,0.0,0.0,0.0,0.0,0.0,0.0,0.0,0.0,0.0,7.38281,0.0,0.0129973,0.143496,Nothing,seated
4.41953,220,0.0,0.0,0.0,0.0,0.0,0.0,0.0,0.0,0.0,0.0,7.38281,0.0,0.0129973,0.143496,Nothing,seated
4.43962,221,0.0,0.0,0.0,0.0,0.0,0.0,0.0,0.0,0.0,0.0,7.55859,1.7503,0.0129973,0.143496,Nothing,seated
4.4597,222,0.0,0.0,0.0,0.0,0.0,0.0,0.0,0.0,0.0,0.0,7.55859,1.75025,0.0129973,0.143496,Nothing,seated
4.47979,223,0.0,0.0,0.0,0.0,0.0,0.0,0.0,0.0,0.0,0.0,7.55859,1.75022,0.0129973,0.143496,Nothing,seated
4.49988,224,0.0,0.0,0.0,0.0,0.0,0.0,0.0,0.0,0.0,0.0,7.55859,1.75034,0.0129973,0.143496,Nothing,seated
4.51996,225,0.0,0.0,0.0,0.0,0.0,0.0,0.0,0.0,0.0,0.0,7.55859,1.7503,0.0129973,0.143496,Nothing,seated
4.54004,226,0.0,0.0,0.0,0.0,0.0,0.0,0.0,0.0,0.0,0.0,7.55859,0.0,0.0129973,0.143496,Nothing,seated
4.56013,227,0.0,0.0,0.0,0.0,0.0,0.0,0.0,0.0,0.0,0.0,7.55859,0.0,0.0129973,0.143496,Nothing,seated
4.58022,228,0.0,0.0,0.0,0.0,0.0,0.0,0.0,0.0,0.0,0.0,7.55859,0.0,0.0129973,0.143496,Nothing,seated
4.60031,229,0.0,0.0,0.0,0.0,0.0,0.0,0.0,0.0,0.0,0.0,7.55859,0.0,0.0129973,0.143496,Nothing,seated
4.62039,230,0.0,0.0,0.0,0.0,0.0,0.0,0.0,0.0,0.0,0.0,7.55859,0.0,0.0129973,0.143496,Nothing,seated
4.64047,231,0.0,0.0,0.0,0.0,0.0,0.0,0.0,0.0,0.0,0.0,7.55859,0.0,0.0129973,0.143496,Nothing,seated
4.66056,232,0.0,0.0,0.0,0.0,0.0,0.0,0.0,0.0,0.0,0.0,7.73438,1.75032,0.0129973,0.143496,Nothing,seated
4.68065,233,0.0,0.0,0.0,0.0,0.0,0.0,0.0,0.0,0.0,0.0,7.73438,1.75032,0.0129973,0.143496,Nothing,seated
4.70073,234,0.0,0.0,0.0,0.0,0.0,0.0,0.0,0.0,0.0,0.0,7.73438,1.75041,0.0129973,0.143496,Nothing,seated
4.72081,235,0.0,0.0,0.0,0.0,0.0,0.0,0.0,0.0,0.0,0.0,7.73438,1.75049,0.0129973,0.143496,Nothing,seated
4.74089,236,0.0,0.0,0.0,0.0,0.0,0.0,0.0,0.0,0.0,0.0,7.73438,1.75046,0.0129973,0.143496,Nothing,seated
4.76098,237,0.0,0.0,0.0,0.0,0.0,0.0,0.0,0.0,0.0,0.0,7.73438,0.0,0.0129973,0.143496,Nothing,seated
4.78107,238,0.0,0.0,0.0,0.0,0.0,0.0,0.0,0.0,0.0,0.0,7.73438,0.0,0.0129973,0.143496,Nothing,seated
4.80112,239,0.0,0.0,0.0,0.0,0.0,0.0,0.0,0.0,0.0,0.0,7.73438,0.0,0.0129973,0.143496,Nothing,seated
4.8212,240,0.0,0.0,0.0,0.0,0.0,0.0,0.0,0.0,0.0,0.0,7.91016,1.75091,0.0129973,0.143496,Nothing,seated
4.84128,241,0.0,0.0,0.0,0.0,0.0,0.0,0.0,0.0,0.0,0.0,7.91016,1.75096,0.0129973,0.143496,Nothing,seated
4.86137,242,0.0,0.0,0.0,0.0,0.0,0.0,0.0,0.0,0.0,0.0,7.91016,1.751,0.0129973,0.143496,Nothing,seated
4.88145,243,0.0,0.0,0.0,0.0,0.0,0.0,0.0,0.0,0.0,0.0,7.91016,1.751,0.0129973,0.143496,Nothing,seated
4.90154,244,0.0,0.0,0.0,0.0,0.0,0.0,0.0,0.0,0.0,0.0,8.08594,3.50091,0.0129973,0.143496,Nothing,seated
4.92162,245,0.0,0.0,0.0,0.0,0.0,0.0,0.0,0.0,0.0,0.0,8.08594,1.7505,0.0129973,0.143496,Nothing,seated
4.94171,246,0.0,0.0,0.0,0.0,0.0,0.0,0.0,0.0,0.0,0.0,7.91016,0.0,0.0129973,0.143496,Nothing,seated
4.96179,247,0.0,0.0,0.0,0.0,0.0,0.0,0.0,0.0,0.0,0.0,7.91016,0.0,0.0129973,0.143496,Nothing,seated
4.98188,248,0.0,0.0,0.0,0.0,0.0,0.0,0.0,0.0,0.0,0.0,7.91016,0.0,0.0129973,0.143496,Nothing,seated
5.00196,249,0.0,0.0,0.0,0.0,0.0,0.0,0.0,0.0,0.0,0.0,7.73438,-3.50088,0.0129973,0.143496,Nothing,seated
5.02205,250,0.0,0.0,0.0,0.0,0.0,0.0,0.0,0.0,0.0,0.0,7.55859,-5.25108,0.0129973,0.143496,Nothing,seated
5.04212,251,0.0,0.0,0.0,0.0,0.0,0.0,0.0,0.0,0.0,0.0,7.38281,-5.25171,0.0129973,0.143496,Nothing,seated
5.06221,252,0.0,0.0,0.0,0.0,0.0,0.0,0.0,0.0,0.0,0.0,7.03125,-8.7523,0.0129973,0.143496,Nothing,seated
5.08229,253,0.0,0.0,0.0,0.0,0.0,0.0,0.0,0.0,0.0,0.0,6.85547,-10.5035,0.0129973,0.143496,Nothing,seated
5.10238,254,0.0,0.0,0.0,0.0,0.0,0.0,0.0,0.0,0.0,0.0,6.50391,-12.2537,0.0129973,0.143496,Nothing,seated
5.12247,255,0.0,0.0,0.0,0.0,0.0,0.0,0.0,0.0,0.0,0.0,6.15234,-14.0041,0.0129973,0.143496,Nothing,seated
5.14256,256,0.0,0.0,0.0,0.0,0.0,0.0,0.0,0.0,0.0,0.0,5.80078,-15.7515,0.0129973,0.143496,Nothing,seated
5.16264,257,0.0,0.0,0.0,0.0,0.0,0.0,0.0,0.0,0.0,0.0,5.44922,-15.753,0.0129973,0.143496,Nothing,seated
5.18272,258,0.0,0.0,0.0,0.0,0.0,0.0,0.0,0.0,0.0,0.0,5.09766,-17.5022,0.0129973,0.143496,Nothing,seated
5.20281,259,0.0,0.0,0.0,0.0,0.0,0.0,0.0,0.0,0.0,0.0,4.74609,-17.502,0.0129973,0.143496,Nothing,seated
5.2229,260,0.0,0.0,0.0,0.0,0.0,0.0,0.0,0.0,0.0,0.0,4.39453,-17.502,0.0129973,0.143496,Nothing,seated
5.24299,261,0.0,0.0,0.0,0.0,0.0,0.0,0.0,0.0,0.0,0.0,4.04297,-17.5027,0.0129973,0.143496,Nothing,seated
5.26307,262,0.0,0.0,0.0,0.0,0.0,0.0,0.0,0.0,0.0,0.0,3.69141,-17.502,0.0129973,0.143496,Nothing,seated
5.28316,263,0.0,0.0,0.0,0.0,0.0,0.0,0.0,0.0,0.0,0.0,3.33984,-17.5025,0.0129973,0.143496,Nothing,seated
5.30324,264,0.0,0.0,0.0,0.0,0.0,0.0,0.0,0.0,0.0,0.0,2.98828,-17.5027,0.0129973,0.143496,Nothing,seated
5.32333,265,0.0,0.0,0.0,0.0,0.0,0.0,0.0,0.0,0.0,0.0,2.63672,-17.5029,0.0129973,0.143496,Nothing,seated
5.34343,266,0.0,0.0,0.0,0.0,0.0,0.0,0.0,0.0,0.0,0.0,2.28516,-17.5011,0.0129973,0.143496,Nothing,seated
5.36351,267,0.0,0.0,0.0,0.0,0.0,0.0,0.0,0.0,0.0,0.0,1.93359,-17.5018,0.0129973,0.143496,Nothing,seated
5.3836,268,0.0,0.0,0.0,0.0,0.0,0.0,0.0,0.0,0.0,0.0,1.58203,-17.5012,0.0129973,0.143496,Nothing,seated
5.40368,269,0.0,0.0,0.0,0.0,0.0,0.0,0.0,0.0,0.0,0.0,1.23047,-17.5013,0.0129973,0.143496,Nothing,seated
5.42376,270,0.0,0.0,0.0,0.0,0.0,0.0,0.0,0.0,0.0,0.0,0.703125,-19.2524,0.0129973,0.143496,Nothing,seated
5.44385,271,0.0,0.0,0.0,0.0,0.0,0.0,0.0,0.0,0.0,0.0,0.351562,-19.2541,0.0129973,0.143496,Nothing,seated
5.46394,272,0.0,0.0,0.0,0.0,0.0,0.0,0.0,0.0,0.0,0.0,0.0,-19.2533,0.0129973,0.143496,Nothing,seated
5.48403,273,0.0,0.0,0.0,0.0,0.0,0.0,0.0,0.0,0.0,0.0,-0.527344,-21.0035,0.0129973,0.143496,Nothing,seated
5.50411,274,0.0,0.0,0.0,0.0,0.0,0.0,0.0,0.0,0.0,0.0,-1.05469,-22.7537,0.0129973,0.143496,Nothing,seated
5.52419,275,0.0,0.0,0.0,0.0,0.0,0.0,0.0,0.0,0.0,0.0,-1.40625,-21.0041,0.0129973,0.143496,Nothing,seated
5.54427,276,0.0,0.0,0.0,0.0,0.0,0.0,0.0,0.0,0.0,0.0,-1.93359,-22.7563,0.0129973,0.143496,Nothing,seated
5.56435,277,0.0,0.0,0.0,0.0,0.0,0.0,0.0,0.0,0.0,0.0,-2.28516,-22.7574,0.0129973,0.143496,Nothing,seated
5.58444,278,0.0,0.0,0.0,0.0,0.0,0.0,0.0,0.0,0.0,0.0,-2.8125,-22.7578,0.0129973,0.143496,Nothing,seated
5.60453,279,0.0,0.0,0.0,0.0,0.0,0.0,0.0,0.0,0.0,0.0,-3.16406,-21.0072,0.0129973,0.143496,Nothing,seated
5.62461,280,0.0,0.0,0.0,0.0,0.0,0.0,0.0,0.0,0.0,0.0,-3.69141,-22.7564,0.0129973,0.143496,Nothing,seated
5.6447,281,0.0,0.0,0.0,0.0,0.0,0.0,0.0,0.0,0.0,0.0,-4.04297,-21.0043,0.0129973,0.143496,Nothing,seated
5.66479,282,0.0,0.0,0.0,0.0,0.0,0.0,0.0,0.0,0.0,0.0,-4.39453,-21.003,0.0129973,0.143496,Nothing,seated
5.68487,283,0.0,0.0,0.0,0.0,0.0,0.0,0.0,0.0,0.0,0.0,-4.74609,-19.2526,0.0129973,0.143496,Nothing,seated
5.70495,284,0.0,0.0,0.0,0.0,0.0,0.0,0.0,0.0,0.0,0.0,-5.09766,-19.2537,0.0129973,0.143496,Nothing,seated
5.72503,285,0.0,0.0,0.0,0.0,0.0,0.0,0.0,0.0,0.0,0.0,-5.27344,-15.7532,0.0129973,0.143496,Nothing,seated
5.74513,286,0.0,0.0,0.0,0.0,0.0,0.0,0.0,0.0,0.0,0.0,-5.625,-15.7529,0.0129973,0.143496,Nothing,seated
5.76521,287,0.0,0.0,0.0,0.0,0.0,0.0,0.0,0.0,0.0,0.0,-5.97656,-15.7528,0.0129973,0.143496,Nothing,seated
5.7853,288,0.0,0.0,0.0,0.0,0.0,0.0,0.0,0.0,0.0,0.0,-6.15234,-14.0023,0.0129973,0.143496,Nothing,seated
5.80539,289,0.0,0.0,0.0,0.0,0.0,0.0,0.0,0.0,0.0,0.0,-6.50391,-14.0018,0.0129973,0.143496,Nothing,seated
5.82547,290,0.0,0.0,0.0,0.0,0.0,0.0,0.0,0.0,0.0,0.0,-6.67969,-14.0011,0.0129973,0.143496,Nothing,seated
5.84556,291,0.0,0.0,0.0,0.0,0.0,0.0,0.0,0.0,0.0,0.0,-7.03125,-14.0017,0.0129973,0.143496,Nothing,seated
5.86564,292,0.0,0.0,0.0,0.0,0.0,0.0,0.0,0.0,0.0,0.0,-7.38281,-14.0028,0.0129973,0.143496,Nothing,seated
5.88573,293,0.0,0.0,0.0,0.0,0.0,0.0,0.0,0.0,0.0,0.0,-7.55859,-14.0029,0.0129973,0.143496,Nothing,seated
5.90581,294,0.0,0.0,0.0,0.0,0.0,0.0,0.0,0.0,0.0,0.0,-7.73438,-12.2524,0.0129973,0.143496,Nothing,seated
5.92591,295,0.0,0.0,0.0,0.0,0.0,0.0,0.0,0.0,0.0,0.0,-8.08594,-14.002,0.0129973,0.143496,Nothing,seated
5.94599,296,0.0,0.0,0.0,0.0,0.0,0.0,0.0,0.0,0.0,0.0,-8.26172,-12.252,0.0129973,0.143496,Nothing,seated
5.96607,297,0.0,0.0,0.0,0.0,0.0,0.0,0.0,0.0,0.0,0.0,-8.4375,-10.5015,0.0129973,0.143496,Nothing,seated
5.98616,298,0.0,0.0,0.0,0.0,0.0,0.0,0.0,0.0,0.0,0.0,-8.61328,-10.5015,0.0129973,0.143496,Nothing,seated
6.00625,299,0.0,0.0,0.0,0.0,0.0,0.0,0.0,0.0,0.0,0.0,-8.61328,-8.75126,0.0129973,0.143496,Nothing,seated
6.02633,300,0.0,0.0,0.0,0.0,0.0,0.0,0.0,0.0,0.0,0.0,-8.78906,-7.00144,0.0129973,0.143496,Nothing,seated
6.04642,301,0.0,0.0,0.0,0.0,0.0,0.0,0.0,0.0,0.0,0.0,-8.78906,-5.25102,0.0129973,0.143496,Nothing,seated
6.0665,302,0.0,0.0,0.0,0.0,0.0,0.0,0.0,0.0,0.0,0.0,-8.78906,-3.50054,0.0129973,0.143496,Nothing,seated
6.08659,303,0.0,0.0,0.0,0.0,0.0,0.0,0.0,0.0,0.0,0.0,-8.78906,-1.75029,0.0129973,0.143496,Nothing,seated
6.10667,304,0.0,0.0,0.0,0.0,0.0,0.0,0.0,0.0,0.0,0.0,-8.78906,-1.75034,0.0129973,0.143496,Nothing,seated
6.12676,305,0.0,0.0,0.0,0.0,0.0,0.0,0.0,0.0,0.0,0.0,-8.78906,0.0,0.0129973,0.143496,Nothing,seated
6.14685,306,0.0,0.0,0.0,0.0,0.0,0.0,0.0,0.0,0.0,0.0,-8.78906,0.0,0.0129973,0.143496,Nothing,seated
6.16693,307,0.0,0.0,0.0,0.0,0.0,0.0,0.0,0.0,0.0,0.0,-8.78906,0.0,0.0129973,0.143496,Nothing,seated
6.18701,308,0.0,0.0,0.0,0.0,0.0,0.0,0.0,0.0,0.0,0.0,-8.61328,1.75049,0.0129973,0.143496,Nothing,seated
6.2071,309,0.0,0.0,0.0,0.0,0.0,0.0,0.0,0.0,0.0,0.0,-8.4375,3.50076,0.0129973,0.143496,Nothing,seated
6.22718,310,0.0,0.0,0.0,0.0,0.0,0.0,0.0,0.0,0.0,0.0,-8.4375,3.50107,0.0129973,0.143496,Nothing,seated
6.24726,311,0.0,0.0,0.0,0.0,0.0,0.0,0.0,0.0,0.0,0.0,-8.26172,5.25173,0.0129973,0.143496,Nothing,seated
6.26734,312,0.0,0.0,0.0,0.0,0.0,0.0,0.0,0.0,0.0,0.0,-8.08594,7.00214,0.0129973,0.143496,Nothing,seated
6.28743,313,0.0,0.0,0.0,0.0,0.0,0.0,0.0,0.0,0.0,0.0,-8.08594,5.25132,0.0129973,0.143496,Nothing,seated
6.30752,314,0.0,0.0,0.0,0.0,0.0,0.0,0.0,0.0,0.0,0.0,-7.91016,5.25143,0.0129973,0.143496,Nothing,seated
6.3276,315,0.0,0.0,0.0,0.0,0.0,0.0,0.0,0.0,0.0,0.0,-7.55859,8.7523,0.0129973,0.143496,Nothing,seated
6.34769,316,0.0,0.0,0.0,0.0,0.0,0.0,0.0,0.0,0.0,0.0,-7.38281,8.75162,0.0129973,0.143496,Nothing,seated
6.36778,317,0.0,0.0,0.0,0.0,0.0,0.0,0.0,0.0,0.0,0.0,-7.20703,8.75108,0.0129973,0.143496,Nothing,seated
6.38786,318,0.0,0.0,0.0,0.0,0.0,0.0,0.0,0.0,0.0,0.0,-6.85547,12.2514,0.0129973,0.143496,Nothing,seated
6.40795,319,0.0,0.0,0.0,0.0,0.0,0.0,0.0,0.0,0.0,0.0,-6.67969,12.2515,0.0129973,0.143496,Nothing,seated
6.42804,320,0.0,0.0,0.0,0.0,0.0,0.0,0.0,0.0,0.0,0.0,-6.32812,12.2507,0.0129973,0.143496,Nothing,seated
6.44812,321,0.0,0.0,0.0,0.0,0.0,0.0,0.0,0.0,0.0,0.0,-5.97656,14.0017,0.0129973,0.143496,Nothing,seated
6.46821,322,0.0,0.0,0.0,0.0,0.0,0.0,0.0,0.0,0.0,0.0,-5.625,15.7529,0.0129973,0.143496,Nothing,seated
6.48829,323,0.0,0.0,0.0,0.0,0.0,0.0,0.0,0.0,0.0,0.0,-5.27344,15.7531,0.0129973,0.143496,Nothing,seated
6.50838,324,0.0,0.0,0.0,0.0,0.0,0.0,0.0,0.0,0.0,0.0,-4.92188,17.5035,0.0129973,0.143496,Nothing,seated
6.52847,325,0.0,0.0,0.0,0.0,0.0,0.0,0.0,0.0,0.0,0.0,-4.57031,17.5029,0.0129973,0.143496,Nothing,seated
6.54855,326,0.0,0.0,0.0,0.0,0.0,0.0,0.0,0.0,0.0,0.0,-4.21875,17.5024,0.0129973,0.143496,Nothing,seated
6.56864,327,0.0,0.0,0.0,0.0,0.0,0.0,0.0,0.0,0.0,0.0,-3.86719,17.5022,0.0129973,0.143496,Nothing,seated
6.58872,328,0.0,0.0,0.0,0.0,0.0,0.0,0.0,0.0,0.0,0.0,-3.51562,17.5025,0.0129973,0.143496,Nothing,seated
6.60882,329,0.0,0.0,0.0,0.0,0.0,0.0,0.0,0.0,0.0,0.0,-2.98828,19.2507,0.0129973,0.143496,Nothing,seated
6.6289,330,0.0,0.0,0.0,0.0,0.0,0.0,0.0,0.0,0.0,0.0,-2.8125,17.5022,0.0129973,0.143496,Nothing,seated
6.64899,331,0.0,0.0,0.0,0.0,0.0,0.0,0.0,0.0,0.0,0.0,-2.28516,19.2516,0.0129973,0.143496,Nothing,seated
6.66908,332,0.0,0.0,0.0,0.0,0.0,0.0,0.0,0.0,0.0,0.0,-1.93359,19.2514,0.0129973,0.143496,Nothing,seated
6.68913,333,0.0,0.0,0.0,0.0,0.0,0.0,0.0,0.0,0.0,0.0,-1.40625,21.0091,0.0129973,0.143496,Nothing,seated
6.70922,334,0.0,0.0,0.0,0.0,0.0,0.0,0.0,0.0,0.0,0.0,-1.05469,19.2587,0.0129973,0.143496,Nothing,seated
6.7293,335,0.0,0.0,0.0,0.0,0.0,0.0,0.0,0.0,0.0,0.0,-0.703125,21.0098,0.0129973,0.143496,Nothing,seated
6.74938,336,0.0,0.0,0.0,0.0,0.0,0.0,0.0,0.0,0.0,0.0,-0.351562,19.2602,0.0129973,0.143496,Nothing,seated
6.76947,337,0.0,0.0,0.0,0.0,0.0,0.0,0.0,0.0,0.0,0.0,0.175781,21.0116,0.0129973,0.143496,Nothing,seated
6.78955,338,0.0,0.0,0.0,0.0,0.0,0.0,0.0,0.0,0.0,0.0,0.527344,19.2541,0.0129973,0.143496,Nothing,seated
6.80963,339,0.0,0.0,0.0,0.0,0.0,0.0,0.0,0.0,0.0,0.0,1.05469,21.007,0.0129973,0.143496,IncreaseQuarterPeriod,seated
6.8297,340,0.0,0.0,0.0,0.0,0.0,0.0,0.0,0.0,0.0,0.0,1.40625,21.0098,0.0129973,0.143496,IncreaseQuarterPeriod,seated
6.84977,341,0.0,0.0,0.0,0.0,0.0,0.0,0.0,0.0,0.0,0.0,1.75781,21.0124,0.0129973,0.143496,IncreaseQuarterPeriod,seated
6.86984,342,0.0,0.0,0.0,0.0,0.0,0.0,0.0,0.0,0.0,0.0,2.28516,21.0156,0.0129973,0.143496,IncreaseQuarterPeriod,seated
6.88991,343,0.0,0.0,0.0,0.0,0.0,0.0,0.0,0.0,0.0,0.0,2.63672,21.0181,0.0129973,0.143496,IncreaseQuarterPeriod,seated
6.90998,344,0.0,0.0,0.0,0.0,0.0,0.0,0.0,0.0,0.0,0.0,2.98828,19.2693,0.0129973,0.143496,IncreaseQuarterPeriod,seated
6.93005,345,0.0,0.0,0.0,0.0,0.0,0.0,0.0,0.0,0.0,0.0,3.33984,19.2693,0.0129973,0.143496,IncreaseQuarterPeriod,seated
6.95012,346,0.0,0.0,0.0,0.0,0.0,0.0,0.0,0.0,0.0,0.0,3.86719,21.0206,0.0129973,0.143496,IncreaseQuarterPeriod,seated
6.97019,347,0.0,0.0,0.0,0.0,0.0,0.0,0.0,0.0,0.0,0.0,4.21875,19.2689,0.0129973,0.143496,IncreaseQuarterPeriod,seated
6.99026,348,0.0,0.0,0.0,0.0,0.0,0.0,0.0,0.0,0.0,0.0,4.57031,19.2692,0.0129973,0.143496,IncreaseQuarterPeriod,seated
7.01033,349,0.0,0.0,0.0,0.0,0.0,0.0,0.0,0.0,0.0,0.0,4.74609,17.517,0.0129973,0.143496,IncreaseQuarterPeriod,seated
7.0304,350,0.0,0.0,0.0,0.0,0.0,0.0,0.0,0.0,0.0,0.0,5.09766,17.517,0.0129973,0.143496,IncreaseQuarterPeriod,seated
7.05047,351,0.0,0.0,0.0,0.0,0.0,0.0,0.0,0.0,0.0,0.0,5.44922,15.765,0.0129973,0.143496,IncreaseQuarterPeriod,seated
7.07054,352,0.0,0.0,0.0,0.0,0.0,0.0,0.0,0.0,0.0,0.0,5.625,14.0132,0.0129973,0.143496,IncreaseQuarterPeriod,seated
7.09061,353,0.0,0.0,0.0,0.0,0.0,0.0,0.0,0.0,0.0,0.0,5.97656,14.0129,0.0129973,0.143496,IncreaseQuarterPeriod,seated
7.11068,354,0.0,0.0,0.0,0.0,0.0,0.0,0.0,0.0,0.0,0.0,6.32812,15.7647,0.0129973,0.143496,IncreaseQuarterPeriod,seated
7.13075,355,0.0,0.0,0.0,0.0,0.0,0.0,0.0,0.0,0.0,0.0,6.50391,14.0134,0.0129973,0.143496,IncreaseQuarterPeriod,seated
7.15082,356,0.0,0.0,0.0,0.0,0.0,0.0,0.0,0.0,0.0,0.0,6.67969,12.2618,0.0129973,0.143496,IncreaseQuarterPeriod,seated
7.17089,357,0.0,0.0,0.0,0.0,0.0,0.0,0.0,0.0,0.0,0.0,7.03125,14.0136,0.0129973,0.143496,IncreaseQuarterPeriod,seated
7.19096,358,0.0,0.0,0.0,0.0,0.0,0.0,0.0,0.0,0.0,0.0,7.20703,12.2615,0.0129973,0.143496,IncreaseQuarterPeriod,seated
7.21103,359,0.0,0.0,0.0,0.0,0.0,0.0,0.0,0.0,0.0,0.0,7.38281,10.5099,0.0129973,0.143496,IncreaseQuarterPeriod,seated
7.23111,360,0.0,0.0,0.0,0.0,0.0,0.0,0.0,0.0,0.0,0.0,7.55859,10.5088,0.0129973,0.143496,IncreaseQuarterPeriod,seated
7.25118,361,0.0,0.0,0.0,0.0,0.0,0.0,0.0,0.0,0.0,0.0,7.55859,8.7576,0.0129973,0.143496,IncreaseQuarterPeriod,seated
7.27124,362,0.0,0.0,0.0,0.0,0.0,0.0,0.0,0.0,0.0,0.0,7.73438,7.00657,0.0129973,0.143496,IncreaseQuarterPeriod,seated
7.29132,363,0.0,0.0,0.0,0.0,0.0,0.0,0.0,0.0,0.0,0.0,7.91016,7.00622,0.0129973,0.143496,IncreaseQuarterPeriod,seated
7.31139,364,0.0,0.0,0.0,0.0,0.0,0.0,0.0,0.0,0.0,0.0,7.91016,5.25478,0.0129973,0.143496,IncreaseQuarterPeriod,seated
7.33146,365,0.0,0.0,0.0,0.0,0.0,0.0,0.0,0.0,0.0,0.0,8.08594,5.2553,0.0129973,0.143496,IncreaseQuarterPeriod,seated
7.35153,366,0.0,0.0,0.0,0.0,0.0,0.0,0.0,0.0,0.0,0.0,8.08594,5.25519,0.0129973,0.143496,IncreaseQuarterPeriod,seated
7.37159,367,0.0,0.0,0.0,0.0,0.0,0.0,0.0,0.0,0.0,0.0,8.08594,3.50337,0.0129973,0.143496,IncreaseQuarterPeriod,seated
7.39166,368,0.0,0.0,0.0,0.0,0.0,0.0,0.0,0.0,0.0,0.0,8.08594,1.7518,0.0129973,0.143496,IncreaseQuarterPeriod,seated
7.41174,369,0.0,0.0,0.0,0.0,0.0,0.0,0.0,0.0,0.0,0.0,8.08594,1.75166,0.0129973,0.143496,IncreaseQuarterPeriod,seated
7.43181,370,0.0,0.0,0.0,0.0,0.0,0.0,0.0,0.0,0.0,0.0,7.91016,-1.75163,0.0129973,0.143496,IncreaseQuarterPeriod,seated
7.45188,371,0.0,0.0,0.0,0.0,0.0,0.0,0.0,0.0,0.0,0.0,7.91016,-1.75165,0.0129973,0.143496,IncreaseQuarterPeriod,seated
7.47195,372,0.0,0.0,0.0,0.0,0.0,0.0,0.0,0.0,0.0,0.0,7.73438,-3.50326,0.0129973,0.143496,IncreaseQuarterPeriod,seated
7.49202,373,0.0,0.0,0.0,0.0,0.0,0.0,0.0,0.0,0.0,0.0,7.73438,-3.50312,0.0129973,0.143496,IncreaseQuarterPeriod,seated
7.51209,374,0.0,0.0,0.0,0.0,0.0,0.0,0.0,0.0,0.0,0.0,7.55859,-5.25501,0.0129973,0.143496,IncreaseQuarterPeriod,seated
7.53212,375,0.0,0.0,0.0,0.0,0.0,0.0,0.0,0.0,0.0,0.0,7.38281,-5.25731,0.0129973,0.143496,IncreaseQuarterPeriod,seated
7.55219,376,0.0,0.0,0.0,0.0,0.0,0.0,0.0,0.0,0.0,0.0,7.38281,-5.2572,0.0129973,0.143496,IncreaseQuarterPeriod,seated
7.57226,377,0.0,0.0,0.0,0.0,0.0,0.0,0.0,0.0,0.0,0.0,7.03125,-7.00936,0.0129973,0.143496,IncreaseQuarterPeriod,seated
7.59233,378,0.0,0.0,0.0,0.0,0.0,0.0,0.0,0.0,0.0,0.0,6.85547,-8.76156,0.0129973,0.143496,IncreaseQuarterPeriod,seated
7.61241,379,0.0,0.0,0.0,0.0,0.0,0.0,0.0,0.0,0.0,0.0,6.67969,-8.76135,0.0129973,0.143496,IncreaseQuarterPeriod,seated
7.63248,380,0.0,0.0,0.0,0.0,0.0,0.0,0.0,0.0,0.0,0.0,6.50391,-8.7576,0.0129973,0.143496,IncreaseQuarterPeriod,seated
7.65255,381,0.0,0.0,0.0,0.0,0.0,0.0,0.0,0.0,0.0,0.0,6.15234,-12.2605,0.0129973,0.143496,IncreaseQuarterPeriod,seated
7.67262,382,0.0,0.0,0.0,0.0,0.0,0.0,0.0,0.0,0.0,0.0,5.97656,-10.5092,0.0129973,0.143496,IncreaseQuarterPeriod,seated
7.69269,383,0.0,0.0,0.0,0.0,0.0,0.0,0.0,0.0,0.0,0.0,5.625,-12.2616,0.0129973,0.143496,IncreaseQuarterPeriod,seated
7.71276,384,0.0,0.0,0.0,0.0,0.0,0.0,0.0,0.0,0.0,0.0,5.27344,-14.0133,0.0129973,0.143496,IncreaseQuarterPeriod,seated
7.73283,385,0.0,0.0,0.0,0.0,0.0,0.0,0.0,0.0,0.0,0.0,4.92188,-15.7648,0.0129973,0.143496,IncreaseQuarterPeriod,seated
7.7529,386,0.0,0.0,0.0,0.0,0.0,0.0,0.0,0.0,0.0,0.0,4.74609,-14.0127,0.0129973,0.143496,IncreaseQuarterPeriod,seated
7.77297,387,0.0,0.0,0.0,0.0,0.0,0.0,0.0,0.0,0.0,0.0,4.39453,-15.7642,0.0129973,0.143496,IncreaseQuarterPeriod,seated
7.79304,388,0.0,0.0,0.0,0.0,0.0,0.0,0.0,0.0,0.0,0.0,4.04297,-15.7642,0.0129973,0.143496,IncreaseQuarterPeriod,seated
7.81311,389,0.0,0.0,0.0,0.0,0.0,0.0,0.0,0.0,0.0,0.0,3.69141,-15.7645,0.0129973,0.143496,IncreaseQuarterPeriod,seated
7.83318,390,0.0,0.0,0.0,0.0,0.0,0.0,0.0,0.0,0.0,0.0,3.33984,-15.7645,0.0129973,0.143496,IncreaseQuarterPeriod,seated
7.85325,391,0.0,0.0,0.0,0.0,0.0,0.0,0.0,0.0,0.0,0.0,2.8125,-19.2692,0.0129973,0.143496,IncreaseQuarterPeriod,seated
7.87332,392,0.0,0.0,0.0,0.0,0.0,0.0,0.0,0.0,0.0,0.0,2.46094,-19.2693,0.0129973,0.143496,IncreaseQuarterPeriod,seated
7.89339,393,0.0,0.0,0.0,0.0,0.0,0.0,0.0,0.0,0.0,0.0,2.10938,-19.268,0.0129973,0.143496,IncreaseQuarterPeriod,seated
7.91346,394,0.0,0.0,0.0,0.0,0.0,0.0,0.0,0.0,0.0,0.0,1.75781,-19.268,0.0129973,0.143496,IncreaseQuarterPeriod,seated
7.93354,395,0.0,0.0,0.0,0.0,0.0,0.0,0.0,0.0,0.0,0.0,1.40625,-19.268,0.0129973,0.143496,IncreaseQuarterPeriod,seated
7.95361,396,0.0,0.0,0.0,0.0,0.0,0.0,0.0,0.0,0.0,0.0,0.878906,-19.267,0.0129973,0.143496,IncreaseQuarterPeriod,seated
7.97368,397,0.0,0.0,0.0,0.0,0.0,0.0,0.0,0.0,0.0,0.0,0.527344,-19.2665,0.0129973,0.143496,IncreaseQuarterPeriod,seated
7.99375,398,0.0,0.0,0.0,0.0,0.0,0.0,0.0,0.0,0.0,0.0,0.0,-21.0189,0.0129973,0.143496,IncreaseQuarterPeriod,seated
8.01382,399,0.0,0.0,0.0,0.0,0.0,0.0,0.0,0.0,0.0,0.0,-0.351562,-21.0187,0.0129973,0.143496,IncreaseQuarterPeriod,seated
8.03391,400,0.0,0.0,0.0,0.0,0.0,0.0,0.0,0.0,0.0,0.0,-0.703125,-21.0158,0.0129973,0.143496,IncreaseQuarterPeriod,seated
8.05398,401,0.0,0.0,0.0,0.0,0.0,0.0,0.0,0.0,0.0,0.0,-1.05469,-19.2649,0.0129973,0.143496,IncreaseQuarterPeriod,seated
8.07405,402,0.0,0.0,0.0,0.0,0.0,0.0,0.0,0.0,0.0,0.0,-1.58203,-21.0164,0.0129973,0.143496,IncreaseQuarterPeriod,seated
8.09412,403,0.0,0.0,0.0,0.0,0.0,0.0,0.0,0.0,0.0,0.0,-1.93359,-19.2653,0.0129973,0.143496,IncreaseQuarterPeriod,seated
8.11419,404,0.0,0.0,0.0,0.0,0.0,0.0,0.0,0.0,0.0,0.0,-2.28516,-19.2654,0.0129973,0.143496,IncreaseQuarterPeriod,seated
8.13425,405,0.0,0.0,0.0,0.0,0.0,0.0,0.0,0.0,0.0,0.0,-2.8125,-21.0206,0.0129973,0.143496,IncreaseQuarterPeriod,seated
8.15433,406,0.0,0.0,0.0,0.0,0.0,0.0,0.0,0.0,0.0,0.0,-3.16406,-21.0204,0.0129973,0.143496,IncreaseQuarterPeriod,seated
8.17439,407,0.0,0.0,0.0,0.0,0.0,0.0,0.0,0.0,0.0,0.0,-3.51562,-19.2689,0.0129973,0.143496,IncreaseQuarterPeriod,seated
8.19447,408,0.0,0.0,0.0,0.0,0.0,0.0,0.0,0.0,0.0,0.0,-3.86719,-19.2687,0.0129973,0.143496,IncreaseQuarterPeriod,seated
8.21454,409,0.0,0.0,0.0,0.0,0.0,0.0,0.0,0.0,0.0,0.0,-4.21875,-19.2683,0.0129973,0.143496,IncreaseQuarterPeriod,seated
8.23461,410,0.0,0.0,0.0,0.0,0.0,0.0,0.0,0.0,0.0,0.0,-4.57031,-17.5162,0.0129973,0.143496,IncreaseQuarterPeriod,seated
8.25468,411,0.0,0.0,0.0,0.0,0.0,0.0,0.0,0.0,0.0,0.0,-4.92188,-17.5167,0.0129973,0.143496,IncreaseQuarterPeriod,seated
8.27474,412,0.0,0.0,0.0,0.0,0.0,0.0,0.0,0.0,0.0,0.0,-5.27344,-17.5168,0.0129973,0.143496,IncreaseQuarterPeriod,seated
8.29481,413,0.0,0.0,0.0,0.0,0.0,0.0,0.0,0.0,0.0,0.0,-5.625,-17.5171,0.0129973,0.143496,IncreaseQuarterPeriod,seated
8.31489,414,0.0,0.0,0.0,0.0,0.0,0.0,0.0,0.0,0.0,0.0,-5.97656,-17.5173,0.0129973,0.143496,IncreaseQuarterPeriod,seated
8.33496,415,0.0,0.0,0.0,0.0,0.0,0.0,0.0,0.0,0.0,0.0,-6.32812,-17.5173,0.0129973,0.143496,IncreaseQuarterPeriod,seated
8.35502,416,0.0,0.0,0.0,0.0,0.0,0.0,0.0,0.0,0.0,0.0,-6.50391,-15.7656,0.0129973,0.143496,IncreaseQuarterPeriod,seated
8.37509,417,0.0,0.0,0.0,0.0,0.0,0.0,0.0,0.0,0.0,0.0,-6.67969,-14.0136,0.0129973,0.143496,IncreaseQuarterPeriod,seated
8.39517,418,0.0,0.0,0.0,0.0,0.0,0.0,0.0,0.0,0.0,0.0,-7.03125,-14.0132,0.0129973,0.143496,IncreaseQuarterPeriod,seated
8.41523,419,0.0,0.0,0.0,0.0,0.0,0.0,0.0,0.0,0.0,0.0,-7.20703,-12.2621,0.0129973,0.143496,IncreaseQuarterPeriod,seated
8.43531,420,0.0,0.0,0.0,0.0,0.0,0.0,0.0,0.0,0.0,0.0,-7.55859,-12.2609,0.0129973,0.143496,IncreaseQuarterPeriod,seated
8.45538,421,0.0,0.0,0.0,0.0,0.0,0.0,0.0,0.0,0.0,0.0,-7.73438,-12.261,0.0129973,0.143496,IncreaseQuarterPeriod,seated
8.47545,422,0.0,0.0,0.0,0.0,0.0,0.0,0.0,0.0,0.0,0.0,-7.91016,-12.261,0.0129973,0.143496,IncreaseQuarterPeriod,seated
8.49552,423,0.0,0.0,0.0,0.0,0.0,0.0,0.0,0.0,0.0,0.0,-8.08594,-10.5096,0.0129973,0.143496,IncreaseQuarterPeriod,seated
8.51559,424,0.0,0.0,0.0,0.0,0.0,0.0,0.0,0.0,0.0,0.0,-8.26172,-10.5092,0.0129973,0.143496,IncreaseQuarterPeriod,seated
8.53566,425,0.0,0.0,0.0,0.0,0.0,0.0,0.0,0.0,0.0,0.0,-8.4375,-8.75844,0.0129973,0.143496,IncreaseQuarterPeriod,seated
8.55573,426,0.0,0.0,0.0,0.0,0.0,0.0,0.0,0.0,0.0,0.0,-8.4375,-7.00662,0.0129973,0.143496,IncreaseQuarterPeriod,seated
8.5758,427,0.0,0.0,0.0,0.0,0.0,0.0,0.0,0.0,0.0,0.0,-8.4375,-5.25491,0.0129973,0.143496,IncreaseQuarterPeriod,seated
8.59587,428,0.0,0.0,0.0,0.0,0.0,0.0,0.0,0.0,0.0,0.0,-8.61328,-5.25491,0.0129973,0.143496,IncreaseQuarterPeriod,seated
8.61595,429,0.0,0.0,0.0,0.0,0.0,0.0,0.0,0.0,0.0,0.0,-8.61328,-3.5031,0.0129973,0.143496,IncreaseQuarterPeriod,seated
8.63602,430,0.0,0.0,0.0,0.0,0.0,0.0,0.0,0.0,0.0,0.0,-8.61328,-1.75154,0.0129973,0.143496,IncreaseQuarterPeriod,seated
8.65609,431,0.0,0.0,0.0,0.0,0.0,0.0,0.0,0.0,0.0,0.0,-8.61328,-1.75152,0.0129973,0.143496,IncreaseQuarterPeriod,seated
8.67617,432,0.0,0.0,0.0,0.0,0.0,0.0,0.0,0.0,0.0,0.0,-8.61328,-1.75145,0.0129973,0.143496,IncreaseQuarterPeriod,seated
8.69624,433,0.0,0.0,0.0,0.0,0.0,0.0,0.0,0.0,0.0,0.0,-8.61328,0.0,0.0129973,0.143496,IncreaseQuarterPeriod,seated
8.71631,434,0.0,0.0,0.0,0.0,0.0,0.0,0.0,0.0,0.0,0.0,-8.61328,0.0,0.0129973,0.143496,IncreaseQuarterPeriod,seated
8.73638,435,0.0,0.0,0.0,0.0,0.0,0.0,0.0,0.0,0.0,0.0,-8.4375,1.75148,0.0129973,0.143496,IncreaseQuarterPeriod,seated
8.75645,436,0.0,0.0,0.0,0.0,0.0,0.0,0.0,0.0,0.0,0.0,-8.4375,1.7515,0.0129973,0.143496,IncreaseQuarterPeriod,seated
8.77652,437,0.0,0.0,0.0,0.0,0.0,0.0,0.0,0.0,0.0,0.0,-8.26172,3.50324,0.0129973,0.143496,IncreaseQuarterPeriod,seated
8.79659,438,0.0,0.0,0.0,0.0,0.0,0.0,0.0,0.0,0.0,0.0,-8.08594,5.25486,0.0129973,0.143496,IncreaseQuarterPeriod,seated
8.81666,439,0.0,0.0,0.0,0.0,0.0,0.0,0.0,0.0,0.0,0.0,-7.91016,7.00668,0.0129973,0.143496,IncreaseQuarterPeriod,seated
8.90426,440,0.0,0.0,0.0,0.0,0.0,0.0,0.0,0.0,0.0,0.0,-7.03125,8.37635,0.0129973,0.143496,IncreaseQuarterPeriod,seated
8.92435,441,0.0,0.0,0.0,0.0,0.0,0.0,0.0,0.0,0.0,0.0,-6.85547,9.4225,0.0129973,0.143496,IncreaseQuarterPeriod,seated
8.94442,442,0.0,0.0,0.0,0.0,0.0,0.0,0.0,0.0,0.0,0.0,-6.50391,10.4695,0.0129973,0.143496,IncreaseQuarterPeriod,seated
8.96449,443,0.0,0.0,0.0,0.0,0.0,0.0,0.0,0.0,0.0,0.0,-6.32812,10.4695,0.0129973,0.143496,IncreaseQuarterPeriod,seated
8.98456,444,0.0,0.0,0.0,0.0,0.0,0.0,0.0,0.0,0.0,0.0,-5.97656,11.5166,0.0129973,0.143496,IncreaseQuarterPeriod,seated
9.00463,445,0.0,0.0,0.0,0.0,0.0,0.0,0.0,0.0,0.0,0.0,-5.625,14.012,0.0129973,0.143496,IncreaseQuarterPeriod,seated
9.02469,446,0.0,0.0,0.0,0.0,0.0,0.0,0.0,0.0,0.0,0.0,-5.44922,14.0141,0.0129973,0.143496,IncreaseQuarterPeriod,seated
9.04476,447,0.0,0.0,0.0,0.0,0.0,0.0,0.0,0.0,0.0,0.0,-5.09766,14.0141,0.0129973,0.143496,IncreaseQuarterPeriod,seated
9.06483,448,0.0,0.0,0.0,0.0,0.0,0.0,0.0,0.0,0.0,0.0,-4.74609,15.7662,0.0129973,0.143496,IncreaseQuarterPeriod,seated
9.0849,449,0.0,0.0,0.0,0.0,0.0,0.0,0.0,0.0,0.0,0.0,-4.39453,15.7659,0.0129973,0.143496,IncreaseQuarterPeriod,seated
9.10497,450,0.0,0.0,0.0,0.0,0.0,0.0,0.0,0.0,0.0,0.0,-4.04297,15.7658,0.0129973,0.143496,IncreaseQuarterPeriod,seated
9.12504,451,0.0,0.0,0.0,0.0,0.0,0.0,0.0,0.0,0.0,0.0,-3.69141,17.5181,0.0129973,0.143496,IncreaseQuarterPeriod,seated
9.14511,452,0.0,0.0,0.0,0.0,0.0,0.0,0.0,0.0,0.0,0.0,-3.16406,19.2698,0.0129973,0.143496,IncreaseQuarterPeriod,seated
9.16518,453,0.0,0.0,0.0,0.0,0.0,0.0,0.0,0.0,0.0,0.0,-2.8125,19.2692,0.0129973,0.143496,IncreaseQuarterPeriod,seated
9.18525,454,0.0,0.0,0.0,0.0,0.0,0.0,0.0,0.0,0.0,0.0,-2.46094,19.2692,0.0129973,0.143496,IncreaseQuarterPeriod,seated
9.20532,455,0.0,0.0,0.0,0.0,0.0,0.0,0.0,0.0,0.0,0.0,-2.10938,19.2692,0.0129973,0.143496,IncreaseQuarterPeriod,seated
9.22539,456,0.0,0.0,0.0,0.0,0.0,0.0,0.0,0.0,0.0,0.0,-1.58203,21.0198,0.0129973,0.143496,IncreaseQuarterPeriod,seated
9.24545,457,0.0,0.0,0.0,0.0,0.0,0.0,0.0,0.0,0.0,0.0,-1.23047,19.2691,0.0129973,0.143496,IncreaseQuarterPeriod,seated
9.26552,458,0.0,0.0,0.0,0.0,0.0,0.0,0.0,0.0,0.0,0.0,-0.878906,19.2701,0.0129973,0.143496,IncreaseQuarterPeriod,seated
9.28559,459,0.0,0.0,0.0,0.0,0.0,0.0,0.0,0.0,0.0,0.0,-0.351562,21.0217,0.0129973,0.143496,IncreaseQuarterPeriod,seated
9.30566,460,0.0,0.0,0.0,0.0,0.0,0.0,0.0,0.0,0.0,0.0,0.0,21.0213,0.0129973,0.143496,IncreaseQuarterPeriod,seated
9.32574,461,0.0,0.0,0.0,0.0,0.0,0.0,0.0,0.0,0.0,0.0,0.351562,19.2674,0.0129973,0.143496,IncreaseQuarterPeriod,seated
9.34581,462,0.0,0.0,0.0,0.0,0.0,0.0,0.0,0.0,0.0,0.0,0.703125,19.2667,0.0129973,0.143496,IncreaseQuarterPeriod,seated
9.36588,463,0.0,0.0,0.0,0.0,0.0,0.0,0.0,0.0,0.0,0.0,1.23047,21.0185,0.0129973,0.143496,IncreaseQuarterPeriod,seated
9.38595,464,0.0,0.0,0.0,0.0,0.0,0.0,0.0,0.0,0.0,0.0,1.58203,19.266,0.0129973,0.143496,IncreaseQuarterPeriod,seated
9.40602,465,0.0,0.0,0.0,0.0,0.0,0.0,0.0,0.0,0.0,0.0,1.93359,19.2659,0.0129973,0.143496,IncreaseQuarterPeriod,seated
9.42609,466,0.0,0.0,0.0,0.0,0.0,0.0,0.0,0.0,0.0,0.0,2.46094,21.0207,0.0129973,0.143496,IncreaseQuarterPeriod,seated
9.44611,467,0.0,0.0,0.0,0.0,0.0,0.0,0.0,0.0,0.0,0.0,2.8125,21.0314,0.0129973,0.143496,IncreaseQuarterPeriod,seated
9.46618,468,0.0,0.0,0.0,0.0,0.0,0.0,0.0,0.0,0.0,0.0,3.16406,19.2787,0.0129973,0.143496,IncreaseQuarterPeriod,seated
9.48624,469,0.0,0.0,0.0,0.0,0.0,0.0,0.0,0.0,0.0,0.0,3.51562,19.2806,0.0129973,0.143496,IncreaseQuarterPeriod,seated
9.50631,470,0.0,0.0,0.0,0.0,0.0,0.0,0.0,0.0,0.0,0.0,3.86719,19.2808,0.0129973,0.143496,IncreaseQuarterPeriod,seated
9.52638,471,0.0,0.0,0.0,0.0,0.0,0.0,0.0,0.0,0.0,0.0,4.21875,17.5272,0.0129973,0.143496,IncreaseQuarterPeriod,seated
9.54645,472,0.0,0.0,0.0,0.0,0.0,0.0,0.0,0.0,0.0,0.0,4.57031,17.5178,0.0129973,0.143496,IncreaseQuarterPeriod,seated
9.56652,473,0.0,0.0,0.0,0.0,0.0,0.0,0.0,0.0,0.0,0.0,4.92188,17.5177,0.0129973,0.143496,IncreaseQuarterPeriod,seated
9.58659,474,0.0,0.0,0.0,0.0,0.0,0.0,0.0,0.0,0.0,0.0,5.09766,15.7658,0.0129973,0.143496,IncreaseQuarterPeriod,seated
9.60666,475,0.0,0.0,0.0,0.0,0.0,0.0,0.0,0.0,0.0,0.0,5.44922,15.765,0.0129973,0.143496,IncreaseQuarterPeriod,seated
9.62673,476,0.0,0.0,0.0,0.0,0.0,0.0,0.0,0.0,0.0,0.0,5.625,14.0137,0.0129973,0.143496,IncreaseQuarterPeriod,seated
9.6468,477,0.0,0.0,0.0,0.0,0.0,0.0,0.0,0.0,0.0,0.0,5.97656,14.0138,0.0129973,0.143496,IncreaseQuarterPeriod,seated
9.66687,478,0.0,0.0,0.0,0.0,0.0,0.0,0.0,0.0,0.0,0.0,6.32812,14.0133,0.0129973,0.143496,IncreaseQuarterPeriod,seated
9.68695,479,0.0,0.0,0.0,0.0,0.0,0.0,0.0,0.0,0.0,0.0,6.50391,14.0119,0.0129973,0.143496,IncreaseQuarterPeriod,seated
9.70702,480,0.0,0.0,0.0,0.0,0.0,0.0,0.0,0.0,0.0,0.0,6.67969,12.2611,0.0129973,0.143496,IncreaseQuarterPeriod,seated
9.72709,481,0.0,0.0,0.0,0.0,0.0,0.0,0.0,0.0,0.0,0.0,6.85547,12.2602,0.0129973,0.143496,IncreaseQuarterPeriod,seated
9.74711,482,0.0,0.0,0.0,0.0,0.0,0.0,0.0,0.0,0.0,0.0,7.03125,10.5145,0.0129973,0.143496,IncreaseQuarterPeriod,seated
9.76717,483,0.0,0.0,0.0,0.0,0.0,0.0,0.0,0.0,0.0,0.0,7.20703,8.76252,0.0129973,0.143496,IncreaseQuarterPeriod,seated
9.78724,484,0.0,0.0,0.0,0.0,0.0,0.0,0.0,0.0,0.0,0.0,7.38281,8.7631,0.0129973,0.143496,IncreaseQuarterPeriod,seated
9.80731,485,0.0,0.0,0.0,0.0,0.0,0.0,0.0,0.0,0.0,0.0,7.55859,8.76312,0.0129973,0.143496,IncreaseQuarterPeriod,seated
9.82738,486,0.0,0.0,0.0,0.0,0.0,0.0,0.0,0.0,0.0,0.0,7.55859,7.01096,0.0129973,0.143496,IncreaseQuarterPeriod,seated
9.84745,487,0.0,0.0,0.0,0.0,0.0,0.0,0.0,0.0,0.0,0.0,7.73438,7.0071,0.0129973,0.143496,IncreaseQuarterPeriod,seated
9.86752,488,0.0,0.0,0.0,0.0,0.0,0.0,0.0,0.0,0.0,0.0,7.73438,5.25509,0.0129973,0.143496,IncreaseQuarterPeriod,seated
9.88759,489,0.0,0.0,0.0,0.0,0.0,0.0,0.0,0.0,0.0,0.0,7.73438,3.50342,0.0129973,0.143496,IncreaseQuarterPeriod,seated
9.90766,490,0.0,0.0,0.0,0.0,0.0,0.0,0.0,0.0,0.0,0.0,7.91016,3.5035,0.0129973,0.143496,IncreaseQuarterPeriod,seated
9.92773,491,0.0,0.0,0.0,0.0,0.0,0.0,0.0,0.0,0.0,0.0,7.91016,3.50354,0.0129973,0.143496,IncreaseQuarterPeriod,seated
9.9478,492,0.0,0.0,0.0,0.0,0.0,0.0,0.0,0.0,0.0,0.0,7.91016,1.75179,0.0129973,0.143496,IncreaseQuarterPeriod,seated
9.96787,493,0.0,0.0,0.0,0.0,0.0,0.0,0.0,0.0,0.0,0.0,7.73438,0.0,0.0129973,0.143496,IncreaseQuarterPeriod,seated
9.98794,494,0.0,0.0,0.0,0.0,0.0,0.0,0.0,0.0,0.0,0.0,7.73438,0.0,0.0129973,0.143496,IncreaseQuarterPeriod,seated
10.008,495,0.0,0.0,0.0,0.0,0.0,0.0,0.0,0.0,0.0,0.0,7.73438,-1.75176,0.0129973,0.143496,IncreaseQuarterPeriod,seated
10.0281,496,0.0,0.0,0.0,0.0,0.0,0.0,0.0,0.0,0.0,0.0,7.55859,-3.50325,0.0129973,0.143496,IncreaseQuarterPeriod,seated
10.0481,497,0.0,0.0,0.0,0.0,0.0,0.0,0.0,0.0,0.0,0.0,7.55859,-3.50458,0.0129973,0.143496,IncreaseQuarterPeriod,seated
10.0682,498,0.0,0.0,0.0,0.0,0.0,0.0,0.0,0.0,0.0,0.0,7.38281,-3.50476,0.0129973,0.143496,IncreaseQuarterPeriod,seated
10.0882,499,0.0,0.0,0.0,0.0,0.0,0.0,0.0,0.0,0.0,0.0,7.20703,-5.25719,0.0129973,0.143496,IncreaseQuarterPeriod,seated
10.1083,500,0.0,0.0,0.0,0.0,0.0,0.0,0.0,0.0,0.0,0.0,7.03125,-7.00938,0.0129973,0.143496,IncreaseQuarterPeriod,seated
10.1284,501,0.0,0.0,0.0,0.0,0.0,0.0,0.0,0.0,0.0,0.0,6.85547,-7.00938,0.0129973,0.143496,IncreaseQuarterPeriod,seated
10.1485,502,0.0,0.0,0.0,0.0,0.0,0.0,0.0,0.0,0.0,0.0,6.67969,-8.75831,0.0129973,0.143496,IncreaseQuarterPeriod,seated
10.1685,503,0.0,0.0,0.0,0.0,0.0,0.0,0.0,0.0,0.0,0.0,6.32812,-10.5094,0.0129973,0.143496,IncreaseQuarterPeriod,seated
10.1886,504,0.0,0.0,0.0,0.0,0.0,0.0,0.0,0.0,0.0,0.0,6.15234,-10.5095,0.0129973,0.143496,IncreaseQuarterPeriod,seated
10.2087,505,0.0,0.0,0.0,0.0,0.0,0.0,0.0,0.0,0.0,0.0,5.97656,-10.5099,0.0129973,0.143496,IncreaseQuarterPeriod,seated
10.3051,506,0.0,0.0,0.0,0.0,0.0,0.0,0.0,0.0,0.0,0.0,4.57031,-12.9287,0.0178673,0.140658,IncreaseQuarterPeriod,extended
10.3252,507,0.0,0.0,0.0,0.0,0.0,0.0,0.0,0.0,0.0,0.0,4.21875,-13.9222,0.0178673,0.140658,IncreaseQuarterPeriod,extended
10.3453,508,0.0,0.0,0.0,0.0,0.0,0.0,0.0,0.0,0.0,0.0,3.86719,-13.9216,0.0178673,0.140658,IncreaseQuarterPeriod,extended
10.3654,509,0.0,0.0,0.0,0.0,0.0,0.0,0.0,0.0,0.0,0.0,3.51562,-14.9161,0.0178673,0.140658,IncreaseQuarterPeriod,extended
10.3854,510,0.0,0.0,0.0,0.0,0.0,0.0,0.0,0.0,0.0,0.0,2.98828,-16.9048,0.0178673,0.140658,IncreaseQuarterPeriod,extended
10.4055,511,0.0,0.0,0.0,0.0,0.0,0.0,0.0,0.0,0.0,0.0,2.63672,-19.2662,0.0178673,0.140658,IncreaseQuarterPeriod,extended
10.4256,512,0.0,0.0,0.0,0.0,0.0,0.0,0.0,0.0,0.0,0.0,2.28516,-19.2685,0.0178673,0.140658,IncreaseQuarterPeriod,extended
10.4457,513,0.0,0.0,0.0,0.0,0.0,0.0,0.0,0.0,0.0,0.0,1.93359,-19.2693,0.0178673,0.140658,IncreaseQuarterPeriod,extended
10.4657,514,0.0,0.0,0.0,0.0,0.0,0.0,0.0,0.0,0.0,0.0,1.40625,-21.0201,0.0178673,0.140658,IncreaseQuarterPeriod,extended
10.4858,515,0.0,0.0,0.0,0.0,0.0,0.0,0.0,0.0,0.0,0.0,1.05469,-19.2681,0.0178673,0.140658,IncreaseQuarterPeriod,extended
10.5059,516,0.0,0.0,0.0,0.0,0.0,0.0,0.0,0.0,0.0,0.0,0.527344,-21.0192,0.0178673,0.140658,IncreaseQuarterPeriod,extended
10.5259,517,0.0,0.0,0.0,0.0,0.0,0.0,0.0,0.0,0.0,0.0,0.175781,-21.019,0.0178673,0.140658,IncreaseQuarterPeriod,extended
10.546,518,0.0,0.0,0.0,0.0,0.0,0.0,0.0,0.0,0.0,0.0,-0.175781,-21.02,0.0178673,0.140658,IncreaseQuarterPeriod,extended
10.5661,519,0.0,0.0,0.0,0.0,0.0,0.0,0.0,0.0,0.0,0.0,-0.527344,-19.2633,0.0178673,0.140658,IncreaseQuarterPeriod,extended
10.5862,520,0.0,0.0,0.0,0.0,0.0,0.0,0.0,0.0,0.0,0.0,-1.05469,-21.0148,0.0178673,0.140658,IncreaseQuarterPeriod,extended
10.6062,521,0.0,0.0,0.0,0.0,0.0,0.0,0.0,0.0,0.0,0.0,-1.40625,-19.2638,0.0178673,0.140658,IncreaseQuarterPeriod,extended
10.6263,522,0.0,0.0,0.0,0.0,0.0,0.0,0.0,0.0,0.0,0.0,-1.75781,-19.2626,0.0178673,0.140658,IncreaseQuarterPeriod,extended
10.6464,523,0.0,0.0,0.0,0.0,0.0,0.0,0.0,0.0,0.0,0.0,-2.10938,-19.2628,0.0178673,0.140658,IncreaseQuarterPeriod,extended
10.6665,524,0.0,0.0,0.0,0.0,0.0,0.0,0.0,0.0,0.0,0.0,-2.46094,-19.2674,0.0178673,0.140658,IncreaseQuarterPeriod,extended
10.6865,525,0.0,0.0,0.0,0.0,0.0,0.0,0.0,0.0,0.0,0.0,-2.98828,-19.2662,0.0178673,0.140658,IncreaseQuarterPeriod,extended
10.7066,526,0.0,0.0,0.0,0.0,0.0,0.0,0.0,0.0,0.0,0.0,-3.33984,-19.2644,0.0178673,0.140658,IncreaseQuarterPeriod,extended
10.7267,527,0.0,0.0,0.0,0.0,0.0,0.0,0.0,0.0,0.0,0.0,-3.69141,-19.2649,0.0178673,0.140658,IncreaseQuarterPeriod,extended
10.7468,528,0.0,0.0,0.0,0.0,0.0,0.0,0.0,0.0,0.0,0.0,-4.04297,-19.2645,0.0178673,0.140658,IncreaseQuarterPeriod,extended
10.7668,529,0.0,0.0,0.0,0.0,0.0,0.0,0.0,0.0,0.0,0.0,-4.39453,-19.2655,0.0178673,0.140658,IncreaseQuarterPeriod,extended
10.7869,530,0.0,0.0,0.0,0.0,0.0,0.0,0.0,0.0,0.0,0.0,-4.74609,-17.5142,0.0178673,0.140658,IncreaseQuarterPeriod,extended
10.807,531,0.0,0.0,0.0,0.0,0.0,0.0,0.0,0.0,0.0,0.0,-5.09766,-17.515,0.0178673,0.140658,IncreaseQuarterPeriod,extended
10.827,532,0.0,0.0,0.0,0.0,0.0,0.0,0.0,0.0,0.0,0.0,-5.44922,-17.5159,0.0178673,0.140658,IncreaseQuarterPeriod,extended
10.8471,533,0.0,0.0,0.0,0.0,0.0,0.0,0.0,0.0,0.0,0.0,-5.80078,-17.5148,0.0178673,0.140658,IncreaseQuarterPeriod,extended
10.8672,534,0.0,0.0,0.0,0.0,0.0,0.0,0.0,0.0,0.0,0.0,-5.97656,-15.7632,0.0178673,0.140658,IncreaseQuarterPeriod,extended
10.8873,535,0.0,0.0,0.0,0.0,0.0,0.0,0.0,0.0,0.0,0.0,-6.32812,-15.7641,0.0178673,0.140658,IncreaseQuarterPeriod,extended
10.9073,536,0.0,0.0,0.0,0.0,0.0,0.0,0.0,0.0,0.0,0.0,-6.67969,-15.7641,0.0178673,0.140658,IncreaseQuarterPeriod,extended
10.9274,537,0.0,0.0,0.0,0.0,0.0,0.0,0.0,0.0,0.0,0.0,-6.85547,-14.0124,0.0178673,0.140658,IncreaseQuarterPeriod,extended
10.9475,538,0.0,0.0,0.0,0.0,0.0,0.0,0.0,0.0,0.0,0.0,-7.03125,-12.2616,0.0178673,0.140658,IncreaseQuarterPeriod,extended
10.9675,539,0.0,0.0,0.0,0.0,0.0,0.0,0.0,0.0,0.0,0.0,-7.38281,-14.013,0.0178673,0.140658,IncreaseQuarterPeriod,extended
10.9876,540,0.0,0.0,0.0,0.0,0.0,0.0,0.0,0.0,0.0,0.0,-7.55859,-12.2611,0.0178673,0.140658,IncreaseQuarterPeriod,extended
11.0077,541,0.0,0.0,0.0,0.0,0.0,0.0,0.0,0.0,0.0,0.0,-7.73438,-10.5099,0.0178673,0.140658,IncreaseQuarterPeriod,extended
11.0277,542,0.0,0.0,0.0,0.0,0.0,0.0,0.0,0.0,0.0,0.0,-8.08594,-12.2621,0.0178673,0.140658,IncreaseQuarterPeriod,extended
11.0478,543,0.0,0.0,0.0,0.0,0.0,0.0,0.0,0.0,0.0,0.0,-8.08594,-10.5104,0.0178673,0.140658,IncreaseQuarterPeriod,extended
