0.00085187,0,0.0,0.0,0.0,0.0,0.0,0.0,0.0,0.0,0.0,0.0,0.175781,0.0,0.0129973,0.143496,None,seated
0.0981638,1,0.0,0.0,0.0,0.0,0.0,0.0,0.0,0.0,0.0,0.0,0.175781,0.0,0.0178673,0.140658,Start,extended
0.186402,2,0.0,0.0,0.0,0.0,0.0,0.0,0.0,0.0,0.0,0.0,-0.175781,0.0,0.0178673,0.140658,Start,extended
0.206484,3,0.0,0.0,0.0,0.0,0.0,0.0,0.0,0.0,0.0,0.0,-0.351562,0.0,0.0178673,0.140658,Start,extended
0.226564,4,0.0,0.0,0.0,0.0,0.0,0.0,0.0,0.0,0.0,0.0,-0.703125,0.0,0.0178673,0.140658,Start,extended
0.246652,5,0.0,0.0,0.0,0.0,0.0,0.0,0.0,0.0,0.0,0.0,-0.878906,-4.29084,0.0178673,0.140658,Start,extended
0.266734,6,0.0,0.0,0.0,0.0,0.0,0.0,0.0,0.0,0.0,0.0,-1.05469,-7.29945,0.0178673,0.140658,Start,extended
0.286815,7,0.0,0.0,0.0,0.0,0.0,0.0,0.0,0.0,0.0,0.0,-1.23047,-10.5035,0.0178673,0.140658,Start,extended
0.306898,8,0.0,0.0,0.0,0.0,0.0,0.0,0.0,0.0,0.0,0.0,-1.23047,-8.75282,0.0178673,0.140658,Start,extended
0.326985,9,0.0,0.0,0.0,0.0,0.0,0.0,0.0,0.0,0.0,0.0,-1.05469,-3.50089,0.0178673,0.140658,Start,extended
0.347065,10,0.0,0.0,0.0,0.0,0.0,0.0,0.0,0.0,0.0,0.0,-0.703125,1.75058,0.0178673,0.140658,Start,extended
0.367154,11,0.0,0.0,0.0,0.0,0.0,0.0,0.0,0.0,0.0,0.0,-0.351562,7.00184,0.0178673,0.140658,Start,extended
0.387236,12,0.0,0.0,0.0,0.0,0.0,0.0,0.0,0.0,0.0,0.0,-0.175781,10.5027,0.0178673,0.140658,Start,extended
0.407326,13,0.0,0.0,0.0,0.0,0.0,0.0,0.0,0.0,0.0,0.0,0.0,12.2522,0.0178673,0.140658,Start,extended
0.427411,14,0.0,0.0,0.0,0.0,0.0,0.0,0.0,0.0,0.0,0.0,0.175781,12.2525,0.0178673,0.140658,Start,extended
0.447495,15,0.0,0.0,0.0,0.0,0.0,0.0,0.0,0.0,0.0,0.0,0.175781,8.75143,0.0178673,0.140658,Start,extended
0.467583,16,0.0,0.0,0.0,0.0,0.0,0.0,0.0,0.0,0.0,0.0,0.527344,8.75151,0.0178673,0.140658,Start,extended
0.487668,17,0.0,0.0,0.0,0.0,0.0,0.0,0.0,0.0,0.0,0.0,0.703125,8.75126,0.0178673,0.140658,Start,extended
0.507754,18,0.0,0.0,0.0,0.0,0.0,0.0,0.0,0.0,0.0,0.0,0.878906,8.75162,0.0178673,0.140658,Start,extended
0.527834,19,0.0,0.0,0.0,0.0,0.0,0.0,0.0,0.0,0.0,0.0,1.23047,10.5024,0.0178673,0.140658,Start,extended
0.54792,20,0.0,0.0,0.0,0.0,0.0,0.0,0.0,0.0,0.0,0.0,1.23047,10.5022,0.0178673,0.140658,Start,extended
0.568005,21,0.0,0.0,0.0,0.0,0.0,0.0,0.0,0.0,0.0,0.0,1.40625,8.75214,0.0178673,0.140658,Start,extended
0.588081,22,0.0,0.0,0.0,0.0,0.0,0.0,0.0,0.0,0.0,0.0,1.58203,8.75291,0.0178673,0.140658,Start,extended
0.608163,23,0.0,0.0,0.0,0.0,0.0,0.0,0.0,0.0,0.0,0.0,1.58203,7.00261,0.0178673,0.140658,Start,extended
0.628243,24,0.0,0.0,0.0,0.0,0.0,0.0,0.0,0.0,0.0,0.0,1.58203,3.5013,0.0178673,0.140658,Start,extended
0.648326,25,0.0,0.0,0.0,0.0,0.0,0.0,0.0,0.0,0.0,0.0,1.40625,1.75071,0.0178673,0.140658,Start,extended
0.66841,26,0.0,0.0,0.0,0.0,0.0,0.0,0.0,0.0,0.0,0.0,1.23047,-1.75072,0.0178673,0.140658,Start,extended
0.688496,27,0.0,0.0,0.0,0.0,0.0,0.0,0.0,0.0,0.0,0.0,1.23047,-3.5011,0.0178673,0.140658,Start,extended
0.708584,28,0.0,0.0,0.0,0.0,0.0,0.0,0.0,0.0,0.0,0.0,0.878906,-7.00178,0.0178673,0.140658,Start,extended
0.728666,29,0.0,0.0,0.0,0.0,0.0,0.0,0.0,0.0,0.0,0.0,0.703125,-8.75205,0.0178673,0.140658,Start,extended
0.819159,30,0.0,0.0,0.0,0.0,0.0,0.0,0.0,0.0,0.0,0.0,-0.878906,-13.3766,0.0129973,0.143496,Start,seated
0.839245,31,0.0,0.0,0.0,0.0,0.0,0.0,0.0,0.0,0.0,0.0,-1.05469,-13.3764,0.0129973,0.143496,Start,seated
0.859329,32,0.0,0.0,0.0,0.0,0.0,0.0,0.0,0.0,0.0,0.0,-1.40625,-15.4345,0.0129973,0.143496,Start,seated
0.879411,33,0.0,0.0,0.0,0.0,0.0,0.0,0.0,0.0,0.0,0.0,-1.58203,-14.406,0.0129973,0.143496,Start,seated
0.899499,34,0.0,0.0,0.0,0.0,0.0,0.0,0.0,0.0,0.0,0.0,-1.58203,-13.3765,0.0129973,0.143496,Start,seated
0.919581,35,0.0,0.0,0.0,0.0,0.0,0.0,0.0,0.0,0.0,0.0,-1.75781,-8.75212,0.0129973,0.143496,Start,seated
0.93966,36,0.0,0.0,0.0,0.0,0.0,0.0,0.0,0.0,0.0,0.0,-1.75781,-7.00219,0.0129973,0.143496,Start,seated
0.959738,37,0.0,0.0,0.0,0.0,0.0,0.0,0.0,0.0,0.0,0.0,-1.93359,-5.25196,0.0129973,0.143496,Start,seated
0.979819,38,0.0,0.0,0.0,0.0,0.0,0.0,0.0,0.0,0.0,0.0,-1.75781,-1.75067,0.0129973,0.143496,Start,seated
0.999903,39,0.0,0.0,0.0,0.0,0.0,0.0,0.0,0.0,0.0,0.0,-1.58203,0.0,0.0129973,0.143496,Start,seated
1.01999,40,0.0,0.0,0.0,0.0,0.0,0.0,0.0,0.0,0.0,0.0,-1.40625,3.50113,0.0129973,0.143496,Start,seated
1.04008,41,0.0,0.0,0.0,0.0,0.0,0.0,0.0,0.0,0.0,0.0,-1.23047,5.25148,0.0129973,0.143496,Start,seated
1.06016,42,0.0,0.0,0.0,0.0,0.0,0.0,0.0,0.0,0.0,0.0,-1.05469,8.75187,0.0129973,0.143496,Start,seated
1.08025,43,0.0,0.0,0.0,0.0,0.0,0.0,0.0,0.0,0.0,0.0,-0.878906,8.7516,0.0129973,0.143496,Start,seated
1.10033,44,0.0,0.0,0.0,0.0,0.0,0.0,0.0,0.0,0.0,0.0,-0.703125,8.75187,0.0129973,0.143496,Start,seated
1.12041,45,0.0,0.0,0.0,0.0,0.0,0.0,0.0,0.0,0.0,0.0,-0.703125,7.00191,0.0129973,0.143496,Start,seated
1.1405,46,0.0,0.0,0.0,0.0,0.0,0.0,0.0,0.0,0.0,0.0,-0.703125,5.25138,0.0129973,0.143496,Start,seated
1.16058,47,0.0,0.0,0.0,0.0,0.0,0.0,0.0,0.0,0.0,0.0,-0.703125,3.50089,0.0129973,0.143496,Start,seated
1.18067,48,0.0,0.0,0.0,0.0,0.0,0.0,0.0,0.0,0.0,0.0,-0.878906,0.0,0.0129973,0.143496,Start,seated
1.20075,49,0.0,0.0,0.0,0.0,0.0,0.0,0.0,0.0,0.0,0.0,-1.05469,-3.50075,0.0129973,0.143496,Start,seated
1.22083,50,0.0,0.0,0.0,0.0,0.0,0.0,0.0,0.0,0.0,0.0,-1.23047,-5.25154,0.0129973,0.143496,Start,seated
1.24091,51,0.0,0.0,0.0,0.0,0.0,0.0,0.0,0.0,0.0,0.0,-1.23047,-5.25154,0.0129973,0.143496,Start,seated
1.261,52,0.0,0.0,0.0,0.0,0.0,0.0,0.0,0.0,0.0,0.0,-1.23047,-5.25154,0.0129973,0.143496,Start,seated
1.28108,53,0.0,0.0,0.0,0.0,0.0,0.0,0.0,0.0,0.0,0.0,-1.40625,-5.25169,0.0129973,0.143496,Start,seated
1.30116,54,0.0,0.0,0.0,0.0,0.0,0.0,0.0,0.0,0.0,0.0,-1.40625,-3.50127,0.0129973,0.143496,Start,seated
1.32125,55,0.0,0.0,0.0,0.0,0.0,0.0,0.0,0.0,0.0,0.0,-1.40625,-1.75049,0.0129973,0.143496,Start,seated
1.34133,56,0.0,0.0,0.0,0.0,0.0,0.0,0.0,0.0,0.0,0.0,-1.40625,-1.75058,0.0129973,0.143496,Start,seated
1.36141,57,0.0,0.0,0.0,0.0,0.0,0.0,0.0,0.0,0.0,0.0,-1.58203,-3.50127,0.0129973,0.143496,Start,seated
1.3815,58,0.0,0.0,0.0,0.0,0.0,0.0,0.0,0.0,0.0,0.0,-1.58203,-1.75055,0.0129973,0.143496,Start,seated
1.40158,59,0.0,0.0,0.0,0.0,0.0,0.0,0.0,0.0,0.0,0.0,-1.58203,-1.75056,0.0129973,0.143496,Start,seated
1.42166,60,0.0,0.0,0.0,0.0,0.0,0.0,0.0,0.0,0.0,0.0,-1.58203,-1.75053,0.0129973,0.143496,Start,seated
1.44174,61,0.0,0.0,0.0,0.0,0.0,0.0,0.0,0.0,0.0,0.0,-1.58203,-1.75053,0.0129973,0.143496,Start,seated
1.46183,62,0.0,0.0,0.0,0.0,0.0,0.0,0.0,0.0,0.0,0.0,-1.58203,0.0,0.0129973,0.143496,Start,seated
1.48191,63,0.0,0.0,0.0,0.0,0.0,0.0,0.0,0.0,0.0,0.0,-1.40625,1.75065,0.0129973,0.143496,Start,seated
1.50199,64,0.0,0.0,0.0,0.0,0.0,0.0,0.0,0.0,0.0,0.0,-1.40625,1.75055,0.0129973,0.143496,Start,seated
1.52208,65,0.0,0.0,0.0,0.0,0.0,0.0,0.0,0.0,0.0,0.0,-1.23047,3.5012,0.0129973,0.143496,Start,seated
1.54215,66,0.0,0.0,0.0,0.0,0.0,0.0,0.0,0.0,0.0,0.0,-1.23047,3.50124,0.0129973,0.143496,Start,seated
1.56224,67,0.0,0.0,0.0,0.0,0.0,0.0,0.0,0.0,0.0,0.0,-1.05469,5.25191,0.0129973,0.143496,Start,seated
1.58232,68,0.0,0.0,0.0,0.0,0.0,0.0,0.0,0.0,0.0,0.0,-0.878906,5.25179,0.0129973,0.143496,Start,seated
1.60241,69,0.0,0.0,0.0,0.0,0.0,0.0,0.0,0.0,0.0,0.0,-0.878906,5.25154,0.0129973,0.143496,Start,seated
1.62249,70,0.0,0.0,0.0,0.0,0.0,0.0,0.0,0.0,0.0,0.0,-0.703125,5.25159,0.0129973,0.143496,Start,seated
1.64258,71,0.0,0.0,0.0,0.0,0.0,0.0,0.0,0.0,0.0,0.0,-0.703125,5.25127,0.0129973,0.143496,Start,seated
1.66266,72,0.0,0.0,0.0,0.0,0.0,0.0,0.0,0.0,0.0,0.0,-0.527344,5.25112,0.0129973,0.143496,Start,seated
1.68274,73,0.0,0.0,0.0,0.0,0.0,0.0,0.0,0.0,0.0,0.0,-0.527344,3.50089,0.0129973,0.143496,Start,seated
1.70282,74,0.0,0.0,0.0,0.0,0.0,0.0,0.0,0.0,0.0,0.0,-0.351562,5.25159,0.0129973,0.143496,Start,seated
1.72291,75,0.0,0.0,0.0,0.0,0.0,0.0,0.0,0.0,0.0,0.0,-0.175781,5.25174,0.0129973,0.143496,Start,seated
1.74299,76,0.0,0.0,0.0,0.0,0.0,0.0,0.0,0.0,0.0,0.0,-0.175781,5.25154,0.0129973,0.143496,Start,seated
1.76308,77,0.0,0.0,0.0,0.0,0.0,0.0,0.0,0.0,0.0,0.0,-0.175781,3.50113,0.0129973,0.143496,Start,seated
1.78316,78,0.0,0.0,0.0,0.0,0.0,0.0,0.0,0.0,0.0,0.0,0.0,5.25138,0.0129973,0.143496,Start,seated
1.80325,79,0.0,0.0,0.0,0.0,0.0,0.0,0.0,0.0,0.0,0.0,0.0,3.50078,0.0129973,0.143496,Start,seated
1.82333,80,0.0,0.0,0.0,0.0,0.0,0.0,0.0,0.0,0.0,0.0,0.0,1.75032,0.0129973,0.143496,Start,seated
1.84342,81,0.0,0.0,0.0,0.0,0.0,0.0,0.0,0.0,0.0,0.0,0.175781,3.50075,0.0129973,0.143496,Start,seated
1.8635,82,0.0,0.0,0.0,0.0,0.0,0.0,0.0,0.0,0.0,0.0,0.175781,3.50071,0.0129973,0.143496,Start,seated
1.88359,83,0.0,0.0,0.0,0.0,0.0,0.0,0.0,0.0,0.0,0.0,0.175781,1.75036,0.0129973,0.143496,Start,seated
1.90367,84,0.0,0.0,0.0,0.0,0.0,0.0,0.0,0.0,0.0,0.0,0.175781,1.75046,0.0129973,0.143496,Start,seated
1.92375,85,0.0,0.0,0.0,0.0,0.0,0.0,0.0,0.0,0.0,0.0,0.351562,3.501,0.0129973,0.143496,Start,seated
1.94383,86,0.0,0.0,0.0,0.0,0.0,0.0,0.0,0.0,0.0,0.0,0.527344,3.5011,0.0129973,0.143496,Start,seated
1.96391,87,0.0,0.0,0.0,0.0,0.0,0.0,0.0,0.0,0.0,0.0,0.527344,3.5013,0.0129973,0.143496,Start,seated
1.98399,88,0.0,0.0,0.0,0.0,0.0,0.0,0.0,0.0,0.0,0.0,0.703125,5.25212,0.0129973,0.143496,Start,seated
2.07216,89,0.0,0.0,0.0,0.0,0.0,0.0,0.0,0.0,0.0,0.0,1.58203,8.34614,0.0178673,0.140658,Start,extended
2.09224,90,0.0,0.0,0.0,0.0,0.0,0.0,0.0,0.0,0.0,0.0,1.75781,8.34614,0.0178673,0.140658,Start,extended
2.11232,91,0.0,0.0,0.0,0.0,0.0,0.0,0.0,0.0,0.0,0.0,2.10938,9.38952,0.0178673,0.140658,Start,extended
2.1324,92,0.0,0.0,0.0,0.0,0.0,0.0,0.0,0.0,0.0,0.0,2.28516,10.4326,0.0178673,0.140658,Start,extended
2.15248,93,0.0,0.0,0.0,0.0,0.0,0.0,0.0,0.0,0.0,0.0,2.63672,11.4758,0.0178673,0.140658,Start,extended
2.17257,94,0.0,0.0,0.0,0.0,0.0,0.0,0.0,0.0,0.0,0.0,2.63672,10.5033,0.0178673,0.140658,Start,extended
2.19266,95,0.0,0.0,0.0,0.0,0.0,0.0,0.0,0.0,0.0,0.0,2.8125,10.503,0.0178673,0.140658,Start,extended
2.21274,96,0.0,0.0,0.0,0.0,0.0,0.0,0.0,0.0,0.0,0.0,2.98828,8.75255,0.0178673,0.140658,Start,extended
2.23282,97,0.0,0.0,0.0,0.0,0.0,0.0,0.0,0.0,0.0,0.0,2.98828,7.00191,0.0178673,0.140658,Start,extended
2.2529,98,0.0,0.0,0.0,0.0,0.0,0.0,0.0,0.0,0.0,0.0,3.33984,7.00198,0.0178673,0.140658,Start,extended
2.27299,99,0.0,0.0,0.0,0.0,0.0,0.0,0.0,0.0,0.0,0.0,3.51562,8.75301,0.0178673,0.140658,Start,extended
2.29307,100,0.0,0.0,0.0,0.0,0.0,0.0,0.0,0.0,0.0,0.0,3.86719,10.5036,0.0178673,0.140658,Start,extended
2.31316,101,0.0,0.0,0.0,0.0,0.0,0.0,0.0,0.0,0.0,0.0,4.21875,12.2535,0.0178673,0.140658,Start,extended
2.33324,102,0.0,0.0,0.0,0.0,0.0,0.0,0.0,0.0,0.0,0.0,4.74609,17.505,0.0178673,0.140658,Start,extended
2.35333,103,0.0,0.0,0.0,0.0,0.0,0.0,0.0,0.0,0.0,0.0,5.44922,21.0045,0.0178673,0.140658,Start,extended
2.37342,104,0.0,0.0,0.0,0.0,0.0,0.0,0.0,0.0,0.0,0.0,6.15234,26.254,0.0178673,0.140658,Start,extended
2.39349,105,0.0,0.0,0.0,0.0,0.0,0.0,0.0,0.0,0.0,0.0,6.67969,28.0068,0.0178673,0.140658,Start,extended
2.41358,106,0.0,0.0,0.0,0.0,0.0,0.0,0.0,0.0,0.0,0.0,7.20703,29.7569,0.0178673,0.140658,Start,extended
2.43367,107,0.0,0.0,0.0,0.0,0.0,0.0,0.0,0.0,0.0,0.0,7.91016,31.5063,0.0178673,0.140658,Start,extended
2.45374,108,0.0,0.0,0.0,0.0,0.0,0.0,0.0,0.0,0.0,0.0,8.4375,29.7587,0.0178673,0.140658,Start,extended
2.47383,109,0.0,0.0,0.0,0.0,0.0,0.0,0.0,0.0,0.0,0.0,8.78906,26.2593,0.0178673,0.140658,Start,extended
2.49391,110,0.0,0.0,0.0,0.0,0.0,0.0,0.0,0.0,0.0,0.0,9.31641,26.2574,0.0178673,0.140658,Start,extended
2.514,111,0.0,0.0,0.0,0.0,0.0,0.0,0.0,0.0,0.0,0.0,9.84375,26.2572,0.0178673,0.140658,Start,extended
2.53409,112,0.0,0.0,0.0,0.0,0.0,0.0,0.0,0.0,0.0,0.0,10.1953,22.7558,0.0178673,0.140658,Start,extended
2.55417,113,0.0,0.0,0.0,0.0,0.0,0.0,0.0,0.0,0.0,0.0,10.5469,21.0047,0.0178673,0.140658,Start,extended
2.57425,114,0.0,0.0,0.0,0.0,0.0,0.0,0.0,0.0,0.0,0.0,10.7227,19.2543,0.0178673,0.140658,Start,extended
2.59434,115,0.0,0.0,0.0,0.0,0.0,0.0,0.0,0.0,0.0,0.0,10.7227,14.0033,0.0178673,0.140658,Start,extended
2.61442,116,0.0,0.0,0.0,0.0,0.0,0.0,0.0,0.0,0.0,0.0,10.5469,7.00206,0.0178673,0.140658,Start,extended
2.6345,117,0.0,0.0,0.0,0.0,0.0,0.0,0.0,0.0,0.0,0.0,10.5469,3.5012,0.0178673,0.140658,Start,extended
2.65459,118,0.0,0.0,0.0,0.0,0.0,0.0,0.0,0.0,0.0,0.0,10.3711,-1.7505,0.0178673,0.140658,Start,extended
2.67467,119,0.0,0.0,0.0,0.0,0.0,0.0,0.0,0.0,0.0,0.0,10.0195,-7.00198,0.0178673,0.140658,Start,extended
2.69475,120,0.0,0.0,0.0,0.0,0.0,0.0,0.0,0.0,0.0,0.0,9.84375,-8.75239,0.0178673,0.140658,Start,extended
2.71484,121,0.0,0.0,0.0,0.0,0.0,0.0,0.0,0.0,0.0,0.0,9.49219,-10.5028,0.0178673,0.140658,Start,extended
2.73492,122,0.0,0.0,0.0,0.0,0.0,0.0,0.0,0.0,0.0,0.0,9.14062,-14.0034,0.0178673,0.140658,Start,extended
2.755,123,0.0,0.0,0.0,0.0,0.0,0.0,0.0,0.0,0.0,0.0,8.78906,-15.7544,0.0178673,0.140658,Start,extended
2.77508,124,0.0,0.0,0.0,0.0,0.0,0.0,0.0,0.0,0.0,0.0,8.4375,-15.7556,0.0178673,0.140658,Start,extended
2.79517,125,0.0,0.0,0.0,0.0,0.0,0.0,0.0,0.0,0.0,0.0,8.08594,-17.506,0.0178673,0.140658,Start,extended
2.81525,126,0.0,0.0,0.0,0.0,0.0,0.0,0.0,0.0,0.0,0.0,7.73438,-17.5065,0.0178673,0.140658,Start,extended
2.83533,127,0.0,0.0,0.0,0.0,0.0,0.0,0.0,0.0,0.0,0.0,7.55859,-15.7553,0.0178673,0.140658,Start,extended
2.85541,128,0.0,0.0,0.0,0.0,0.0,0.0,0.0,0.0,0.0,0.0,7.20703,-15.7557,0.0178673,0.140658,Start,extended
2.8755,129,0.0,0.0,0.0,0.0,0.0,0.0,0.0,0.0,0.0,0.0,7.03125,-14.0037,0.0178673,0.140658,Start,extended
2.89559,130,0.0,0.0,0.0,0.0,0.0,0.0,0.0,0.0,0.0,0.0,6.85547,-12.2529,0.0178673,0.140658,Start,extended
2.91567,131,0.0,0.0,0.0,0.0,0.0,0.0,0.0,0.0,0.0,0.0,6.67969,-10.5019,0.0178673,0.140658,Start,extended
2.93576,132,0.0,0.0,0.0,0.0,0.0,0.0,0.0,0.0,0.0,0.0,6.50391,-10.502,0.0178673,0.140658,Start,extended
2.95584,133,0.0,0.0,0.0,0.0,0.0,0.0,0.0,0.0,0.0,0.0,6.50391,-7.00134,0.0178673,0.140658,Start,extended
2.97592,134,0.0,0.0,0.0,0.0,0.0,0.0,0.0,0.0,0.0,0.0,6.32812,-7.00163,0.0178673,0.140658,Start,extended
2.996,135,0.0,0.0,0.0,0.0,0.0,0.0,0.0,0.0,0.0,0.0,6.32812,-5.25196,0.0178673,0.140658,Start,extended
3.01607,136,0.0,0.0,0.0,0.0,0.0,0.0,0.0,0.0,0.0,0.0,6.32812,-3.50159,0.0178673,0.140658,Start,extended
3.03616,137,0.0,0.0,0.0,0.0,0.0,0.0,0.0,0.0,0.0,0.0,6.15234,-3.50162,0.0178673,0.140658,Start,extended
3.05624,138,0.0,0.0,0.0,0.0,0.0,0.0,0.0,0.0,0.0,0.0,6.15234,-3.50169,0.0178673,0.140658,Start,extended
3.07632,139,0.0,0.0,0.0,0.0,0.0,0.0,0.0,0.0,0.0,0.0,6.15234,-1.75085,0.0178673,0.140658,Start,extended
3.09641,140,0.0,0.0,0.0,0.0,0.0,0.0,0.0,0.0,0.0,0.0,6.15234,-1.75064,0.0178673,0.140658,Start,extended
3.11649,141,0.0,0.0,0.0,0.0,0.0,0.0,0.0,0.0,0.0,0.0,5.97656,-3.50116,0.0178673,0.140658,Start,extended
3.13658,142,0.0,0.0,0.0,0.0,0.0,0.0,0.0,0.0,0.0,0.0,5.80078,-3.50106,0.0178673,0.140658,Start,extended
3.15666,143,0.0,0.0,0.0,0.0,0.0,0.0,0.0,0.0,0.0,0.0,5.625,-5.25138,0.0178673,0.140658,Start,extended
3.17674,144,0.0,0.0,0.0,0.0,0.0,0.0,0.0,0.0,0.0,0.0,5.44922,-7.00169,0.0178673,0.140658,Start,extended
3.19683,145,0.0,0.0,0.0,0.0,0.0,0.0,0.0,0.0,0.0,0.0,5.09766,-10.5029,0.0178673,0.140658,Start,extended
3.21691,146,0.0,0.0,0.0,0.0,0.0,0.0,0.0,0.0,0.0,0.0,4.74609,-12.2528,0.0178673,0.140658,Start,extended
3.23701,147,0.0,0.0,0.0,0.0,0.0,0.0,0.0,0.0,0.0,0.0,4.39453,-14.0016,0.0178673,0.140658,Start,extended
3.33017,148,0.0,0.0,0.0,0.0,0.0,0.0,0.0,0.0,0.0,0.0,1.93359,-21.2749,0.0129973,0.143496,Start,seated
3.35025,149,0.0,0.0,0.0,0.0,0.0,0.0,0.0,0.0,0.0,0.0,1.40625,-23.3017,0.0129973,0.143496,Start,seated
3.37033,150,0.0,0.0,0.0,0.0,0.0,0.0,0.0,0.0,0.0,0.0,0.703125,-25.3277,0.0129973,0.143496,Start,seated
3.39041,151,0.0,0.0,0.0,0.0,0.0,0.0,0.0,0.0,0.0,0.0,0.175781,-26.3414,0.0129973,0.143496,Start,seated
3.4105,152,0.0,0.0,0.0,0.0,0.0,0.0,0.0,0.0,0.0,0.0,-0.527344,-28.3699,0.0129973,0.143496,Start,seated
3.43059,153,0.0,0.0,0.0,0.0,0.0,0.0,0.0,0.0,0.0,0.0,-1.05469,-29.759,0.0129973,0.143496,Start,seated
3.45067,154,0.0,0.0,0.0,0.0,0.0,0.0,0.0,0.0,0.0,0.0,-1.58203,-29.7582,0.0129973,0.143496,Start,seated
3.47076,155,0.0,0.0,0.0,0.0,0.0,0.0,0.0,0.0,0.0,0.0,-2.10938,-28.0068,0.0129973,0.143496,Start,seated
3.49084,156,0.0,0.0,0.0,0.0,0.0,0.0,0.0,0.0,0.0,0.0,-2.63672,-28.0054,0.0129973,0.143496,Start,seated
3.51093,157,0.0,0.0,0.0,0.0,0.0,0.0,0.0,0.0,0.0,0.0,-3.16406,-26.2554,0.0129973,0.143496,Start,seated
3.531,158,0.0,0.0,0.0,0.0,0.0,0.0,0.0,0.0,0.0,0.0,-3.51562,-24.5067,0.0129973,0.143496,Start,seated
3.55109,159,0.0,0.0,0.0,0.0,0.0,0.0,0.0,0.0,0.0,0.0,-4.04297,-24.5057,0.0129973,0.143496,Start,seated
3.57118,160,0.0,0.0,0.0,0.0,0.0,0.0,0.0,0.0,0.0,0.0,-4.57031,-24.505,0.0129973,0.143496,Start,seated
3.59126,161,0.0,0.0,0.0,0.0,0.0,0.0,0.0,0.0,0.0,0.0,-4.92188,-22.7558,0.0129973,0.143496,Start,seated
3.61134,162,0.0,0.0,0.0,0.0,0.0,0.0,0.0,0.0,0.0,0.0,-5.44922,-22.7573,0.0129973,0.143496,Start,seated
3.63142,163,0.0,0.0,0.0,0.0,0.0,0.0,0.0,0.0,0.0,0.0,-5.80078,-22.7569,0.0129973,0.143496,Start,seated
3.65152,164,0.0,0.0,0.0,0.0,0.0,0.0,0.0,0.0,0.0,0.0,-6.15234,-21.0047,0.0129973,0.143496,Start,seated
3.6716,165,0.0,0.0,0.0,0.0,0.0,0.0,0.0,0.0,0.0,0.0,-6.67969,-21.0057,0.0129973,0.143496,Start,seated
3.69168,166,0.0,0.0,0.0,0.0,0.0,0.0,0.0,0.0,0.0,0.0,-7.20703,-22.7564,0.0129973,0.143496,Start,seated
3.71177,167,0.0,0.0,0.0,0.0,0.0,0.0,0.0,0.0,0.0,0.0,-7.73438,-22.7542,0.0129973,0.143496,Start,seated
3.73185,168,0.0,0.0,0.0,0.0,0.0,0.0,0.0,0.0,0.0,0.0,-8.26172,-24.5032,0.0129973,0.143496,Start,seated
3.75194,169,0.0,0.0,0.0,0.0,0.0,0.0,0.0,0.0,0.0,0.0,-8.96484,-28.0074,0.0129973,0.143496,Start,seated
3.77202,170,0.0,0.0,0.0,0.0,0.0,0.0,0.0,0.0,0.0,0.0,-9.49219,-28.0071,0.0129973,0.143496,Start,seated
3.7921,171,0.0,0.0,0.0,0.0,0.0,0.0,0.0,0.0,0.0,0.0,-9.84375,-26.2569,0.0129973,0.143496,Start,seated
3.81219,172,0.0,0.0,0.0,0.0,0.0,0.0,0.0,0.0,0.0,0.0,-10.1953,-24.5071,0.0129973,0.143496,Start,seated
3.83227,173,0.0,0.0,0.0,0.0,0.0,0.0,0.0,0.0,0.0,0.0,-10.3711,-21.0066,0.0129973,0.143496,Start,seated
3.85236,174,0.0,0.0,0.0,0.0,0.0,0.0,0.0,0.0,0.0,0.0,-10.5469,-15.7543,0.0129973,0.143496,Start,seated
3.87244,175,0.0,0.0,0.0,0.0,0.0,0.0,0.0,0.0,0.0,0.0,-10.7227,-12.2537,0.0129973,0.143496,Start,seated
3.89252,176,0.0,0.0,0.0,0.0,0.0,0.0,0.0,0.0,0.0,0.0,-10.8984,-10.5026,0.0129973,0.143496,Start,seated
3.9126,177,0.0,0.0,0.0,0.0,0.0,0.0,0.0,0.0,0.0,0.0,-10.8984,-7.00206,0.0129973,0.143496,Start,seated
3.93269,178,0.0,0.0,0.0,0.0,0.0,0.0,0.0,0.0,0.0,0.0,-10.7227,-3.50103,0.0129973,0.143496,Start,seated
3.95278,179,0.0,0.0,0.0,0.0,0.0,0.0,0.0,0.0,0.0,0.0,-10.7227,-1.75046,0.0129973,0.143496,Start,seated
3.97286,180,0.0,0.0,0.0,0.0,0.0,0.0,0.0,0.0,0.0,0.0,-10.5469,1.75048,0.0129973,0.143496,Start,seated
3.99295,181,0.0,0.0,0.0,0.0,0.0,0.0,0.0,0.0,0.0,0.0,-10.1953,7.00163,0.0129973,0.143496,Start,seated
4.01302,182,0.0,0.0,0.0,0.0,0.0,0.0,0.0,0.0,0.0,0.0,-10.0195,8.75214,0.0129973,0.143496,Start,seated
4.0331,183,0.0,0.0,0.0,0.0,0.0,0.0,0.0,0.0,0.0,0.0,-9.66797,10.5031,0.0129973,0.143496,Start,seated
4.05319,184,0.0,0.0,0.0,0.0,0.0,0.0,0.0,0.0,0.0,0.0,-9.49219,12.2542,0.0129973,0.143496,Start,seated
4.07327,185,0.0,0.0,0.0,0.0,0.0,0.0,0.0,0.0,0.0,0.0,-9.31641,12.2541,0.0129973,0.143496,Start,seated
4.09336,186,0.0,0.0,0.0,0.0,0.0,0.0,0.0,0.0,0.0,0.0,-8.96484,12.2546,0.0129973,0.143496,Start,seated
4.11344,187,0.0,0.0,0.0,0.0,0.0,0.0,0.0,0.0,0.0,0.0,-8.61328,14.0045,0.0129973,0.143496,Start,seated
4.13352,188,0.0,0.0,0.0,0.0,0.0,0.0,0.0,0.0,0.0,0.0,-8.26172,14.0045,0.0129973,0.143496,Start,seated
4.1536,189,0.0,0.0,0.0,0.0,0.0,0.0,0.0,0.0,0.0,0.0,-7.91016,15.7546,0.0129973,0.143496,Start,seated
4.17369,190,0.0,0.0,0.0,0.0,0.0,0.0,0.0,0.0,0.0,0.0,-7.73438,15.7547,0.0129973,0.143496,Start,seated
4.19377,191,0.0,0.0,0.0,0.0,0.0,0.0,0.0,0.0,0.0,0.0,-7.38281,15.7548,0.0129973,0.143496,Start,seated
4.21386,192,0.0,0.0,0.0,0.0,0.0,0.0,0.0,0.0,0.0,0.0,-7.20703,14.0041,0.0129973,0.143496,Start,seated
4.23394,193,0.0,0.0,0.0,0.0,0.0,0.0,0.0,0.0,0.0,0.0,-7.03125,12.253,0.0129973,0.143496,Start,seated
4.254,194,0.0,0.0,0.0,0.0,0.0,0.0,0.0,0.0,0.0,0.0,-6.85547,10.5048,0.0129973,0.143496,Start,seated
4.27408,195,0.0,0.0,0.0,0.0,0.0,0.0,0.0,0.0,0.0,0.0,-6.67969,10.5054,0.0129973,0.143496,Start,seated
4.29417,196,0.0,0.0,0.0,0.0,0.0,0.0,0.0,0.0,0.0,0.0,-6.50391,8.75422,0.0129973,0.143496,Start,seated
4.31425,197,0.0,0.0,0.0,0.0,0.0,0.0,0.0,0.0,0.0,0.0,-6.50391,7.00344,0.0129973,0.143496,Start,seated
4.33433,198,0.0,0.0,0.0,0.0,0.0,0.0,0.0,0.0,0.0,0.0,-6.32812,7.00367,0.0129973,0.143496,Start,seated
4.35442,199,0.0,0.0,0.0,0.0,0.0,0.0,0.0,0.0,0.0,0.0,-6.32812,5.25154,0.0129973,0.143496,Start,seated
4.3745,200,0.0,0.0,0.0,0.0,0.0,0.0,0.0,0.0,0.0,0.0,-6.32812,3.501,0.0129973,0.143496,Start,seated
4.39459,201,0.0,0.0,0.0,0.0,0.0,0.0,0.0,0.0,0.0,0.0,-6.15234,3.50103,0.0129973,0.143496,Start,seated
4.41467,202,0.0,0.0,0.0,0.0,0.0,0.0,0.0,0.0,0.0,0.0,-5.80078,7.00219,0.0129973,0.143496,Start,seated
4.43476,203,0.0,0.0,0.0,0.0,0.0,0.0,0.0,0.0,0.0,0.0,-5.625,7.00164,0.0129973,0.143496,Start,seated
4.45483,204,0.0,0.0,0.0,0.0,0.0,0.0,0.0,0.0,0.0,0.0,-5.44922,8.7528,0.0129973,0.143496,Start,seated
4.47491,205,0.0,0.0,0.0,0.0,0.0,0.0,0.0,0.0,0.0,0.0,-5.09766,12.2541,0.0129973,0.143496,Start,seated
4.495,206,0.0,0.0,0.0,0.0,0.0,0.0,0.0,0.0,0.0,0.0,-4.92188,12.2543,0.0129973,0.143496,Start,seated
4.58166,207,0.0,0.0,0.0,0.0,0.0,0.0,0.0,0.0,0.0,0.0,-3.69141,12.6314,0.0178673,0.140658,Start,extended
4.60175,208,0.0,0.0,0.0,0.0,0.0,0.0,0.0,0.0,0.0,0.0,-3.16406,14.7368,0.0178673,0.140658,Start,extended
4.62183,209,0.0,0.0,0.0,0.0,0.0,0.0,0.0,0.0,0.0,0.0,-2.63672,16.8416,0.0178673,0.140658,Start,extended
4.64191,210,0.0,0.0,0.0,0.0,0.0,0.0,0.0,0.0,0.0,0.0,-2.10938,17.8938,0.0178673,0.140658,Start,extended
4.662,211,0.0,0.0,0.0,0.0,0.0,0.0,0.0,0.0,0.0,0.0,-1.58203,19.9988,0.0178673,0.140658,Start,extended
4.68208,212,0.0,0.0,0.0,0.0,0.0,0.0,0.0,0.0,0.0,0.0,-1.23047,24.5065,0.0178673,0.140658,Start,extended
4.70217,213,0.0,0.0,0.0,0.0,0.0,0.0,0.0,0.0,0.0,0.0,-0.878906,22.7558,0.0178673,0.140658,Start,extended
4.72225,214,0.0,0.0,0.0,0.0,0.0,0.0,0.0,0.0,0.0,0.0,-0.351562,22.7558,0.0178673,0.140658,Start,extended
4.74234,215,0.0,0.0,0.0,0.0,0.0,0.0,0.0,0.0,0.0,0.0,0.175781,22.7542,0.0178673,0.140658,Start,extended
4.76242,216,0.0,0.0,0.0,0.0,0.0,0.0,0.0,0.0,0.0,0.0,0.703125,22.7548,0.0178673,0.140658,Start,extended
4.78251,217,0.0,0.0,0.0,0.0,0.0,0.0,0.0,0.0,0.0,0.0,1.23047,24.5051,0.0178673,0.140658,Start,extended
4.80259,218,0.0,0.0,0.0,0.0,0.0,0.0,0.0,0.0,0.0,0.0,1.93359,28.0066,0.0178673,0.140658,Start,extended
4.82267,219,0.0,0.0,0.0,0.0,0.0,0.0,0.0,0.0,0.0,0.0,2.63672,29.7578,0.0178673,0.140658,Start,extended
4.84275,220,0.0,0.0,0.0,0.0,0.0,0.0,0.0,0.0,0.0,0.0,3.51562,33.2621,0.0178673,0.140658,Start,extended
4.86284,221,0.0,0.0,0.0,0.0,0.0,0.0,0.0,0.0,0.0,0.0,4.21875,35.0114,0.0178673,0.140658,Start,extended
4.88292,222,0.0,0.0,0.0,0.0,0.0,0.0,0.0,0.0,0.0,0.0,5.09766,38.5151,0.0178673,0.140658,Start,extended
4.90301,223,0.0,0.0,0.0,0.0,0.0,0.0,0.0,0.0,0.0,0.0,5.97656,40.2626,0.0178673,0.140658,Start,extended
4.92309,224,0.0,0.0,0.0,0.0,0.0,0.0,0.0,0.0,0.0,0.0,6.67969,40.2626,0.0178673,0.140658,Start,extended
4.94316,225,0.0,0.0,0.0,0.0,0.0,0.0,0.0,0.0,0.0,0.0,7.38281,38.5132,0.0178673,0.140658,Start,extended
4.96325,226,0.0,0.0,0.0,0.0,0.0,0.0,0.0,0.0,0.0,0.0,8.08594,38.5139,0.0178673,0.140658,Start,extended
4.98333,227,0.0,0.0,0.0,0.0,0.0,0.0,0.0,0.0,0.0,0.0,8.61328,35.0124,0.0178673,0.140658,Start,extended
5.00342,228,0.0,0.0,0.0,0.0,0.0,0.0,0.0,0.0,0.0,0.0,9.14062,31.5117,0.0178673,0.140658,Start,extended
5.0235,229,0.0,0.0,0.0,0.0,0.0,0.0,0.0,0.0,0.0,0.0,9.49219,28.0094,0.0178673,0.140658,Start,extended
5.04358,230,0.0,0.0,0.0,0.0,0.0,0.0,0.0,0.0,0.0,0.0,9.84375,24.5062,0.0178673,0.140658,Start,extended
5.06367,231,0.0,0.0,0.0,0.0,0.0,0.0,0.0,0.0,0.0,0.0,10.1953,21.0054,0.0178673,0.140658,Start,extended
5.08375,232,0.0,0.0,0.0,0.0,0.0,0.0,0.0,0.0,0.0,0.0,10.3711,17.5044,0.0178673,0.140658,Start,extended
5.10383,233,0.0,0.0,0.0,0.0,0.0,0.0,0.0,0.0,0.0,0.0,10.3711,12.2537,0.0178673,0.140658,Start,extended
5.12391,234,0.0,0.0,0.0,0.0,0.0,0.0,0.0,0.0,0.0,0.0,10.5469,10.5034,0.0178673,0.140658,Start,extended
5.144,235,0.0,0.0,0.0,0.0,0.0,0.0,0.0,0.0,0.0,0.0,10.3711,5.25179,0.0178673,0.140658,Start,extended
5.16408,236,0.0,0.0,0.0,0.0,0.0,0.0,0.0,0.0,0.0,0.0,10.1953,0.0,0.0178673,0.140658,Start,extended
5.18416,237,0.0,0.0,0.0,0.0,0.0,0.0,0.0,0.0,0.0,0.0,9.84375,-5.25174,0.0178673,0.140658,Start,extended
5.20425,238,0.0,0.0,0.0,0.0,0.0,0.0,0.0,0.0,0.0,0.0,9.66797,-7.00221,0.0178673,0.140658,Start,extended
5.22433,239,0.0,0.0,0.0,0.0,0.0,0.0,0.0,0.0,0.0,0.0,9.14062,-14.0041,0.0178673,0.140658,Start,extended
5.24441,240,0.0,0.0,0.0,0.0,0.0,0.0,0.0,0.0,0.0,0.0,8.96484,-14.0043,0.0178673,0.140658,Start,extended
5.2645,241,0.0,0.0,0.0,0.0,0.0,0.0,0.0,0.0,0.0,0.0,8.61328,-15.7541,0.0178673,0.140658,Start,extended
5.28459,242,0.0,0.0,0.0,0.0,0.0,0.0,0.0,0.0,0.0,0.0,8.26172,-15.7528,0.0178673,0.140658,Start,extended
5.30468,243,0.0,0.0,0.0,0.0,0.0,0.0,0.0,0.0,0.0,0.0,7.91016,-17.5031,0.0178673,0.140658,Start,extended
5.32476,244,0.0,0.0,0.0,0.0,0.0,0.0,0.0,0.0,0.0,0.0,7.55859,-15.7534,0.0178673,0.140658,Start,extended
5.34484,245,0.0,0.0,0.0,0.0,0.0,0.0,0.0,0.0,0.0,0.0,7.03125,-19.2535,0.0178673,0.140658,Start,extended
5.36492,246,0.0,0.0,0.0,0.0,0.0,0.0,0.0,0.0,0.0,0.0,6.67969,-19.2548,0.0178673,0.140658,Start,extended
5.385,247,0.0,0.0,0.0,0.0,0.0,0.0,0.0,0.0,0.0,0.0,6.32812,-19.2564,0.0178673,0.140658,Start,extended
5.40508,248,0.0,0.0,0.0,0.0,0.0,0.0,0.0,0.0,0.0,0.0,6.15234,-17.5074,0.0178673,0.140658,Start,extended
5.42517,249,0.0,0.0,0.0,0.0,0.0,0.0,0.0,0.0,0.0,0.0,5.80078,-17.5066,0.0178673,0.140658,Start,extended
5.44525,250,0.0,0.0,0.0,0.0,0.0,0.0,0.0,0.0,0.0,0.0,5.625,-14.0054,0.0178673,0.140658,Start,extended
5.46533,251,0.0,0.0,0.0,0.0,0.0,0.0,0.0,0.0,0.0,0.0,5.625,-10.5037,0.0178673,0.140658,Start,extended
5.48542,252,0.0,0.0,0.0,0.0,0.0,0.0,0.0,0.0,0.0,0.0,5.44922,-8.75249,0.0178673,0.140658,Start,extended
5.5055,253,0.0,0.0,0.0,0.0,0.0,0.0,0.0,0.0,0.0,0.0,5.44922,-7.00149,0.0178673,0.140658,Start,extended
5.52559,254,0.0,0.0,0.0,0.0,0.0,0.0,0.0,0.0,0.0,0.0,5.44922,-3.50079,0.0178673,0.140658,Start,extended
5.54567,255,0.0,0.0,0.0,0.0,0.0,0.0,0.0,0.0,0.0,0.0,5.44922,-1.75037,0.0178673,0.140658,Start,extended
5.56576,256,0.0,0.0,0.0,0.0,0.0,0.0,0.0,0.0,0.0,0.0,5.44922,-1.75039,0.0178673,0.140658,Start,extended
5.58584,257,0.0,0.0,0.0,0.0,0.0,0.0,0.0,0.0,0.0,0.0,5.625,1.75039,0.0178673,0.140658,Start,extended
5.60593,258,0.0,0.0,0.0,0.0,0.0,0.0,0.0,0.0,0.0,0.0,5.625,1.75037,0.0178673,0.140658,Start,extended
5.626,259,0.0,0.0,0.0,0.0,0.0,0.0,0.0,0.0,0.0,0.0,5.80078,3.5013,0.0178673,0.140658,Start,extended
5.64608,260,0.0,0.0,0.0,0.0,0.0,0.0,0.0,0.0,0.0,0.0,5.80078,3.50144,0.0178673,0.140658,Start,extended
5.66617,261,0.0,0.0,0.0,0.0,0.0,0.0,0.0,0.0,0.0,0.0,5.97656,5.25174,0.0178673,0.140658,Start,extended
5.68626,262,0.0,0.0,0.0,0.0,0.0,0.0,0.0,0.0,0.0,0.0,5.97656,3.5011,0.0178673,0.140658,Start,extended
5.70634,263,0.0,0.0,0.0,0.0,0.0,0.0,0.0,0.0,0.0,0.0,5.97656,3.50113,0.0178673,0.140658,Start,extended
5.72642,264,0.0,0.0,0.0,0.0,0.0,0.0,0.0,0.0,0.0,0.0,5.97656,1.75038,0.0178673,0.140658,Start,extended
5.74651,265,0.0,0.0,0.0,0.0,0.0,0.0,0.0,0.0,0.0,0.0,5.80078,0.0,0.0178673,0.140658,Start,extended
5.76659,266,0.0,0.0,0.0,0.0,0.0,0.0,0.0,0.0,0.0,0.0,5.80078,-1.75046,0.0178673,0.140658,Start,extended
5.8553,267,0.0,0.0,0.0,0.0,0.0,0.0,0.0,0.0,0.0,0.0,4.21875,-10.3991,0.0129973,0.143496,Start,seated
5.87537,268,0.0,0.0,0.0,0.0,0.0,0.0,0.0,0.0,0.0,0.0,3.69141,-13.5192,0.0129973,0.143496,Start,seated
5.89546,269,0.0,0.0,0.0,0.0,0.0,0.0,0.0,0.0,0.0,0.0,2.98828,-17.6785,0.0129973,0.143496,Start,seated
5.91554,270,0.0,0.0,0.0,0.0,0.0,0.0,0.0,0.0,0.0,0.0,2.28516,-20.7978,0.0129973,0.143496,Start,seated
5.93563,271,0.0,0.0,0.0,0.0,0.0,0.0,0.0,0.0,0.0,0.0,1.58203,-24.9566,0.0129973,0.143496,Start,seated
5.95572,272,0.0,0.0,0.0,0.0,0.0,0.0,0.0,0.0,0.0,0.0,0.703125,-35.0072,0.0129973,0.143496,Start,seated
5.9758,273,0.0,0.0,0.0,0.0,0.0,0.0,0.0,0.0,0.0,0.0,0.0,-36.7578,0.0129973,0.143496,Start,seated
5.99588,274,0.0,0.0,0.0,0.0,0.0,0.0,0.0,0.0,0.0,0.0,-0.703125,-36.7594,0.0129973,0.143496,Start,seated
6.01596,275,0.0,0.0,0.0,0.0,0.0,0.0,0.0,0.0,0.0,0.0,-1.40625,-36.7623,0.0129973,0.143496,Start,seated
6.03601,276,0.0,0.0,0.0,0.0,0.0,0.0,0.0,0.0,0.0,0.0,-2.10938,-36.7768,0.0129973,0.143496,Start,seated
6.05608,277,0.0,0.0,0.0,0.0,0.0,0.0,0.0,0.0,0.0,0.0,-2.8125,-35.0291,0.0129973,0.143496,Start,seated
6.07617,278,0.0,0.0,0.0,0.0,0.0,0.0,0.0,0.0,0.0,0.0,-3.33984,-33.2752,0.0129973,0.143496,Start,seated
6.09626,279,0.0,0.0,0.0,0.0,0.0,0.0,0.0,0.0,0.0,0.0,-4.04297,-33.2715,0.0129973,0.143496,Start,seated
6.11635,280,0.0,0.0,0.0,0.0,0.0,0.0,0.0,0.0,0.0,0.0,-4.74609,-33.2693,0.0129973,0.143496,Start,seated
6.13643,281,0.0,0.0,0.0,0.0,0.0,0.0,0.0,0.0,0.0,0.0,-5.44922,-33.2574,0.0129973,0.143496,Start,seated
6.15651,282,0.0,0.0,0.0,0.0,0.0,0.0,0.0,0.0,0.0,0.0,-5.97656,-31.5051,0.0129973,0.143496,Start,seated
6.17659,283,0.0,0.0,0.0,0.0,0.0,0.0,0.0,0.0,0.0,0.0,-6.50391,-31.5071,0.0129973,0.143496,Start,seated
6.19668,284,0.0,0.0,0.0,0.0,0.0,0.0,0.0,0.0,0.0,0.0,-7.20703,-31.5096,0.0129973,0.143496,Start,seated
6.21676,285,0.0,0.0,0.0,0.0,0.0,0.0,0.0,0.0,0.0,0.0,-7.91016,-31.5111,0.0129973,0.143496,Start,seated
6.23685,286,0.0,0.0,0.0,0.0,0.0,0.0,0.0,0.0,0.0,0.0,-8.61328,-31.5098,0.0129973,0.143496,Start,seated
6.25693,287,0.0,0.0,0.0,0.0,0.0,0.0,0.0,0.0,0.0,0.0,-9.14062,-31.509,0.0129973,0.143496,Start,seated
6.277,288,0.0,0.0,0.0,0.0,0.0,0.0,0.0,0.0,0.0,0.0,-9.66797,-31.513,0.0129973,0.143496,Start,seated
6.29708,289,0.0,0.0,0.0,0.0,0.0,0.0,0.0,0.0,0.0,0.0,-10.0195,-28.0119,0.0129973,0.143496,Start,seated
6.31716,290,0.0,0.0,0.0,0.0,0.0,0.0,0.0,0.0,0.0,0.0,-10.1953,-22.7587,0.0129973,0.143496,Start,seated
6.33724,291,0.0,0.0,0.0,0.0,0.0,0.0,0.0,0.0,0.0,0.0,-10.3711,-17.5083,0.0129973,0.143496,Start,seated
6.35733,292,0.0,0.0,0.0,0.0,0.0,0.0,0.0,0.0,0.0,0.0,-10.5469,-14.0069,0.0129973,0.143496,Start,seated
6.37741,293,0.0,0.0,0.0,0.0,0.0,0.0,0.0,0.0,0.0,0.0,-10.5469,-8.75332,0.0129973,0.143496,Start,seated
6.39749,294,0.0,0.0,0.0,0.0,0.0,0.0,0.0,0.0,0.0,0.0,-10.5469,-5.25207,0.0129973,0.143496,Start,seated
6.41757,295,0.0,0.0,0.0,0.0,0.0,0.0,0.0,0.0,0.0,0.0,-10.5469,-3.50141,0.0129973,0.143496,Start,seated
6.43765,296,0.0,0.0,0.0,0.0,0.0,0.0,0.0,0.0,0.0,0.0,-10.1953,1.75064,0.0129973,0.143496,Start,seated
6.45773,297,0.0,0.0,0.0,0.0,0.0,0.0,0.0,0.0,0.0,0.0,-10.0195,5.25217,0.0129973,0.143496,Start,seated
6.47781,298,0.0,0.0,0.0,0.0,0.0,0.0,0.0,0.0,0.0,0.0,-9.66797,8.75328,0.0129973,0.143496,Start,seated
6.4979,299,0.0,0.0,0.0,0.0,0.0,0.0,0.0,0.0,0.0,0.0,-9.31641,12.2543,0.0129973,0.143496,Start,seated
6.51799,300,0.0,0.0,0.0,0.0,0.0,0.0,0.0,0.0,0.0,0.0,-9.14062,14.0039,0.0129973,0.143496,Start,seated
6.53807,301,0.0,0.0,0.0,0.0,0.0,0.0,0.0,0.0,0.0,0.0,-8.96484,12.2536,0.0129973,0.143496,Start,seated
6.55815,302,0.0,0.0,0.0,0.0,0.0,0.0,0.0,0.0,0.0,0.0,-8.61328,14.0044,0.0129973,0.143496,Start,seated
6.57823,303,0.0,0.0,0.0,0.0,0.0,0.0,0.0,0.0,0.0,0.0,-8.4375,12.254,0.0129973,0.143496,Start,seated
6.59831,304,0.0,0.0,0.0,0.0,0.0,0.0,0.0,0.0,0.0,0.0,-8.26172,10.5036,0.0129973,0.143496,Start,seated
6.6184,305,0.0,0.0,0.0,0.0,0.0,0.0,0.0,0.0,0.0,0.0,-7.91016,12.2545,0.0129973,0.143496,Start,seated
6.63849,306,0.0,0.0,0.0,0.0,0.0,0.0,0.0,0.0,0.0,0.0,-7.73438,12.2539,0.0129973,0.143496,Start,seated
6.65857,307,0.0,0.0,0.0,0.0,0.0,0.0,0.0,0.0,0.0,0.0,-7.55859,10.5025,0.0129973,0.143496,Start,seated
6.67865,308,0.0,0.0,0.0,0.0,0.0,0.0,0.0,0.0,0.0,0.0,-7.38281,10.5025,0.0129973,0.143496,Start,seated
6.69874,309,0.0,0.0,0.0,0.0,0.0,0.0,0.0,0.0,0.0,0.0,-7.20703,10.5023,0.0129973,0.143496,Start,seated
6.71882,310,0.0,0.0,0.0,0.0,0.0,0.0,0.0,0.0,0.0,0.0,-7.03125,8.75237,0.0129973,0.143496,Start,seated
6.7389,311,0.0,0.0,0.0,0.0,0.0,0.0,0.0,0.0,0.0,0.0,-6.85547,8.75282,0.0129973,0.143496,Start,seated
6.75899,312,0.0,0.0,0.0,0.0,0.0,0.0,0.0,0.0,0.0,0.0,-6.85547,7.00201,0.0129973,0.143496,Start,seated
6.77907,313,0.0,0.0,0.0,0.0,0.0,0.0,0.0,0.0,0.0,0.0,-6.85547,5.25159,0.0129973,0.143496,Start,seated
6.79915,314,0.0,0.0,0.0,0.0,0.0,0.0,0.0,0.0,0.0,0.0,-7.03125,1.75061,0.0129973,0.143496,Start,seated
6.81923,315,0.0,0.0,0.0,0.0,0.0,0.0,0.0,0.0,0.0,0.0,-7.03125,0.0,0.0129973,0.143496,Start,seated
6.83931,316,0.0,0.0,0.0,0.0,0.0,0.0,0.0,0.0,0.0,0.0,-7.20703,-3.50114,0.0129973,0.143496,Start,seated
6.85939,317,0.0,0.0,0.0,0.0,0.0,0.0,0.0,0.0,0.0,0.0,-7.20703,-3.50144,0.0129973,0.143496,Start,seated
6.87948,318,0.0,0.0,0.0,0.0,0.0,0.0,0.0,0.0,0.0,0.0,-7.20703,-3.50128,0.0129973,0.143496,Start,seated
6.89957,319,0.0,0.0,0.0,0.0,0.0,0.0,0.0,0.0,0.0,0.0,-7.20703,-1.75047,0.0129973,0.143496,Start,seated
6.91965,320,0.0,0.0,0.0,0.0,0.0,0.0,0.0,0.0,0.0,0.0,-7.03125,0.0,0.0129973,0.143496,Start,seated
6.93973,321,0.0,0.0,0.0,0.0,0.0,0.0,0.0,0.0,0.0,0.0,-7.03125,1.75051,0.0129973,0.143496,Start,seated
6.95982,322,0.0,0.0,0.0,0.0,0.0,0.0,0.0,0.0,0.0,0.0,-6.85547,3.50068,0.0129973,0.143496,Start,seated
6.9799,323,0.0,0.0,0.0,0.0,0.0,0.0,0.0,0.0,0.0,0.0,-6.50391,7.00154,0.0129973,0.143496,Start,seated
6.99999,324,0.0,0.0,0.0,0.0,0.0,0.0,0.0,0.0,0.0,0.0,-6.50391,7.00176,0.0129973,0.143496,Start,seated
7.02007,325,0.0,0.0,0.0,0.0,0.0,0.0,0.0,0.0,0.0,0.0,-6.32812,7.00131,0.0129973,0.143496,Start,seated
7.11679,326,0.0,0.0,0.0,0.0,0.0,0.0,0.0,0.0,0.0,0.0,-4.57031,13.899,0.0178673,0.140658,Start,extended
7.13687,327,0.0,0.0,0.0,0.0,0.0,0.0,0.0,0.0,0.0,0.0,-4.04297,15.8854,0.0178673,0.140658,Start,extended
7.15695,328,0.0,0.0,0.0,0.0,0.0,0.0,0.0,0.0,0.0,0.0,-3.33984,17.871,0.0178673,0.140658,Start,extended
7.17703,329,0.0,0.0,0.0,0.0,0.0,0.0,0.0,0.0,0.0,0.0,-2.63672,21.8426,0.0178673,0.140658,Start,extended
7.19712,330,0.0,0.0,0.0,0.0,0.0,0.0,0.0,0.0,0.0,0.0,-2.10938,23.8292,0.0178673,0.140658,Start,extended
7.2172,331,0.0,0.0,0.0,0.0,0.0,0.0,0.0,0.0,0.0,0.0,-1.40625,31.5102,0.0178673,0.140658,Start,extended
7.2373,332,0.0,0.0,0.0,0.0,0.0,0.0,0.0,0.0,0.0,0.0,-0.703125,33.2568,0.0178673,0.140658,Start,extended
7.25738,333,0.0,0.0,0.0,0.0,0.0,0.0,0.0,0.0,0.0,0.0,-0.175781,31.5054,0.0178673,0.140658,Start,extended
7.27746,334,0.0,0.0,0.0,0.0,0.0,0.0,0.0,0.0,0.0,0.0,0.351562,29.7554,0.0178673,0.140658,Start,extended
7.29755,335,0.0,0.0,0.0,0.0,0.0,0.0,0.0,0.0,0.0,0.0,0.878906,29.7537,0.0178673,0.140658,Start,extended
7.31764,336,0.0,0.0,0.0,0.0,0.0,0.0,0.0,0.0,0.0,0.0,1.40625,28.0038,0.0178673,0.140658,Start,extended
7.33772,337,0.0,0.0,0.0,0.0,0.0,0.0,0.0,0.0,0.0,0.0,1.93359,26.2551,0.0178673,0.140658,Start,extended
7.35781,338,0.0,0.0,0.0,0.0,0.0,0.0,0.0,0.0,0.0,0.0,2.46094,26.2546,0.0178673,0.140658,Start,extended
7.37789,339,0.0,0.0,0.0,0.0,0.0,0.0,0.0,0.0,0.0,0.0,2.98828,26.2554,0.0178673,0.140658,Start,extended
7.39798,340,0.0,0.0,0.0,0.0,0.0,0.0,0.0,0.0,0.0,0.0,3.86719,29.7541,0.0178673,0.140658,Start,extended
7.41807,341,0.0,0.0,0.0,0.0,0.0,0.0,0.0,0.0,0.0,0.0,4.92188,35.0061,0.0178673,0.140658,Start,extended
7.43815,342,0.0,0.0,0.0,0.0,0.0,0.0,0.0,0.0,0.0,0.0,5.80078,38.5089,0.0178673,0.140658,Start,extended
7.45823,343,0.0,0.0,0.0,0.0,0.0,0.0,0.0,0.0,0.0,0.0,6.67969,42.0124,0.0178673,0.140658,Start,extended
7.47831,344,0.0,0.0,0.0,0.0,0.0,0.0,0.0,0.0,0.0,0.0,7.38281,43.7596,0.0178673,0.140658,Start,extended
7.49839,345,0.0,0.0,0.0,0.0,0.0,0.0,0.0,0.0,0.0,0.0,8.08594,42.0151,0.0178673,0.140658,Start,extended
7.51847,346,0.0,0.0,0.0,0.0,0.0,0.0,0.0,0.0,0.0,0.0,8.61328,36.7641,0.0178673,0.140658,Start,extended
7.53856,347,0.0,0.0,0.0,0.0,0.0,0.0,0.0,0.0,0.0,0.0,9.14062,33.2613,0.0178673,0.140658,Start,extended
7.55864,348,0.0,0.0,0.0,0.0,0.0,0.0,0.0,0.0,0.0,0.0,9.49219,28.0088,0.0178673,0.140658,Start,extended
7.57872,349,0.0,0.0,0.0,0.0,0.0,0.0,0.0,0.0,0.0,0.0,9.84375,24.5084,0.0178673,0.140658,Start,extended
7.59881,350,0.0,0.0,0.0,0.0,0.0,0.0,0.0,0.0,0.0,0.0,10.1953,21.0056,0.0178673,0.140658,Start,extended
7.61889,351,0.0,0.0,0.0,0.0,0.0,0.0,0.0,0.0,0.0,0.0,10.3711,17.5047,0.0178673,0.140658,Start,extended
7.63898,352,0.0,0.0,0.0,0.0,0.0,0.0,0.0,0.0,0.0,0.0,10.3711,12.2525,0.0178673,0.140658,Start,extended
7.65907,353,0.0,0.0,0.0,0.0,0.0,0.0,0.0,0.0,0.0,0.0,10.3711,8.75187,0.0178673,0.140658,Start,extended
7.67915,354,0.0,0.0,0.0,0.0,0.0,0.0,0.0,0.0,0.0,0.0,10.3711,5.25112,0.0178673,0.140658,Start,extended
7.69923,355,0.0,0.0,0.0,0.0,0.0,0.0,0.0,0.0,0.0,0.0,10.0195,-1.75048,0.0178673,0.140658,Start,extended
7.71932,356,0.0,0.0,0.0,0.0,0.0,0.0,0.0,0.0,0.0,0.0,9.84375,-5.2509,0.0178673,0.140658,Start,extended
7.73941,357,0.0,0.0,0.0,0.0,0.0,0.0,0.0,0.0,0.0,0.0,9.49219,-8.75193,0.0178673,0.140658,Start,extended
7.75949,358,0.0,0.0,0.0,0.0,0.0,0.0,0.0,0.0,0.0,0.0,9.14062,-12.2528,0.0178673,0.140658,Start,extended
7.77957,359,0.0,0.0,0.0,0.0,0.0,0.0,0.0,0.0,0.0,0.0,8.61328,-17.5047,0.0178673,0.140658,Start,extended
7.79965,360,0.0,0.0,0.0,0.0,0.0,0.0,0.0,0.0,0.0,0.0,8.4375,-15.7543,0.0178673,0.140658,Start,extended
7.81973,361,0.0,0.0,0.0,0.0,0.0,0.0,0.0,0.0,0.0,0.0,8.08594,-17.5059,0.0178673,0.140658,Start,extended
7.83982,362,0.0,0.0,0.0,0.0,0.0,0.0,0.0,0.0,0.0,0.0,7.73438,-17.506,0.0178673,0.140658,Start,extended
7.85991,363,0.0,0.0,0.0,0.0,0.0,0.0,0.0,0.0,0.0,0.0,7.55859,-15.7549,0.0178673,0.140658,Start,extended
7.87999,364,0.0,0.0,0.0,0.0,0.0,0.0,0.0,0.0,0.0,0.0,7.20703,-14.0031,0.0178673,0.140658,Start,extended
7.90008,365,0.0,0.0,0.0,0.0,0.0,0.0,0.0,0.0,0.0,0.0,6.85547,-15.7529,0.0178673,0.140658,Start,extended
7.92017,366,0.0,0.0,0.0,0.0,0.0,0.0,0.0,0.0,0.0,0.0,6.50391,-15.7525,0.0178673,0.140658,Start,extended
7.94025,367,0.0,0.0,0.0,0.0,0.0,0.0,0.0,0.0,0.0,0.0,6.15234,-15.7527,0.0178673,0.140658,Start,extended
7.96032,368,0.0,0.0,0.0,0.0,0.0,0.0,0.0,0.0,0.0,0.0,6.15234,-14.004,0.0178673,0.140658,Start,extended
7.98041,369,0.0,0.0,0.0,0.0,0.0,0.0,0.0,0.0,0.0,0.0,5.97656,-12.2538,0.0178673,0.140658,Start,extended
8.00049,370,0.0,0.0,0.0,0.0,0.0,0.0,0.0,0.0,0.0,0.0,5.80078,-10.5035,0.0178673,0.140658,Start,extended
8.02058,371,0.0,0.0,0.0,0.0,0.0,0.0,0.0,0.0,0.0,0.0,5.80078,-7.00234,0.0178673,0.140658,Start,extended
8.04066,372,0.0,0.0,0.0,0.0,0.0,0.0,0.0,0.0,0.0,0.0,5.80078,-3.50117,0.0178673,0.140658,Start,extended
8.06075,373,0.0,0.0,0.0,0.0,0.0,0.0,0.0,0.0,0.0,0.0,5.80078,-3.50078,0.0178673,0.140658,Start,extended
8.08083,374,0.0,0.0,0.0,0.0,0.0,0.0,0.0,0.0,0.0,0.0,5.80078,-1.75046,0.0178673,0.140658,Start,extended
8.10091,375,0.0,0.0,0.0,0.0,0.0,0.0,0.0,0.0,0.0,0.0,5.97656,1.75043,0.0178673,0.140658,Start,extended
8.121,376,0.0,0.0,0.0,0.0,0.0,0.0,0.0,0.0,0.0,0.0,6.15234,3.50083,0.0178673,0.140658,Start,extended
8.14108,377,0.0,0.0,0.0,0.0,0.0,0.0,0.0,0.0,0.0,0.0,6.15234,3.50102,0.0178673,0.140658,Start,extended
8.16116,378,0.0,0.0,0.0,0.0,0.0,0.0,0.0,0.0,0.0,0.0,6.32812,5.25182,0.0178673,0.140658,Start,extended
8.18124,379,0.0,0.0,0.0,0.0,0.0,0.0,0.0,0.0,0.0,0.0,6.32812,5.25189,0.0178673,0.140658,Start,extended
8.20132,380,0.0,0.0,0.0,0.0,0.0,0.0,0.0,0.0,0.0,0.0,6.32812,3.50141,0.0178673,0.140658,Start,extended
8.22141,381,0.0,0.0,0.0,0.0,0.0,0.0,0.0,0.0,0.0,0.0,6.32812,1.75075,0.0178673,0.140658,Start,extended
8.24149,382,0.0,0.0,0.0,0.0,0.0,0.0,0.0,0.0,0.0,0.0,6.32812,1.75067,0.0178673,0.140658,Start,extended
8.26158,383,0.0,0.0,0.0,0.0,0.0,0.0,0.0,0.0,0.0,0.0,6.32812,0.0,0.0178673,0.140658,Start,extended
8.28166,384,0.0,0.0,0.0,0.0,0.0,0.0,0.0,0.0,0.0,0.0,6.15234,-1.75046,0.0178673,0.140658,Start,extended
8.36955,385,0.0,0.0,0.0,0.0,0.0,0.0,0.0,0.0,0.0,0.0,4.74609,-9.40396,0.0129973,0.143496,Start,seated
8.38964,386,0.0,0.0,0.0,0.0,0.0,0.0,0.0,0.0,0.0,0.0,4.21875,-12.5386,0.0129973,0.143496,Start,seated
8.40972,387,0.0,0.0,0.0,0.0,0.0,0.0,0.0,0.0,0.0,0.0,3.69141,-15.673,0.0129973,0.143496,Start,seated
8.4298,388,0.0,0.0,0.0,0.0,0.0,0.0,0.0,0.0,0.0,0.0,2.98828,-19.8531,0.0129973,0.143496,Start,seated
8.44989,389,0.0,0.0,0.0,0.0,0.0,0.0,0.0,0.0,0.0,0.0,2.28516,-22.9868,0.0129973,0.143496,Start,seated
8.46999,390,0.0,0.0,0.0,0.0,0.0,0.0,0.0,0.0,0.0,0.0,1.58203,-31.5032,0.0129973,0.143496,Start,seated
8.49007,391,0.0,0.0,0.0,0.0,0.0,0.0,0.0,0.0,0.0,0.0,0.703125,-35.0054,0.0129973,0.143496,Start,seated
8.51015,392,0.0,0.0,0.0,0.0,0.0,0.0,0.0,0.0,0.0,0.0,0.0,-36.757,0.0129973,0.143496,Start,seated
8.53023,393,0.0,0.0,0.0,0.0,0.0,0.0,0.0,0.0,0.0,0.0,-0.703125,-36.7571,0.0129973,0.143496,Start,seated
8.55031,394,0.0,0.0,0.0,0.0,0.0,0.0,0.0,0.0,0.0,0.0,-1.40625,-36.7593,0.0129973,0.143496,Start,seated
8.5704,395,0.0,0.0,0.0,0.0,0.0,0.0,0.0,0.0,0.0,0.0,-2.10938,-36.763,0.0129973,0.143496,Start,seated
8.59048,396,0.0,0.0,0.0,0.0,0.0,0.0,0.0,0.0,0.0,0.0,-2.63672,-33.2613,0.0129973,0.143496,Start,seated
8.61057,397,0.0,0.0,0.0,0.0,0.0,0.0,0.0,0.0,0.0,0.0,-3.33984,-33.2595,0.0129973,0.143496,Start,seated
8.63065,398,0.0,0.0,0.0,0.0,0.0,0.0,0.0,0.0,0.0,0.0,-4.04297,-33.2599,0.0129973,0.143496,Start,seated
8.65073,399,0.0,0.0,0.0,0.0,0.0,0.0,0.0,0.0,0.0,0.0,-4.74609,-33.2588,0.0129973,0.143496,Start,seated
8.67082,400,0.0,0.0,0.0,0.0,0.0,0.0,0.0,0.0,0.0,0.0,-5.27344,-31.5078,0.0129973,0.143496,Start,seated
8.6909,401,0.0,0.0,0.0,0.0,0.0,0.0,0.0,0.0,0.0,0.0,-5.80078,-31.5083,0.0129973,0.143496,Start,seated
8.71099,402,0.0,0.0,0.0,0.0,0.0,0.0,0.0,0.0,0.0,0.0,-6.32812,-29.7567,0.0129973,0.143496,Start,seated
8.73108,403,0.0,0.0,0.0,0.0,0.0,0.0,0.0,0.0,0.0,0.0,-7.20703,-31.506,0.0129973,0.143496,Start,seated
8.75116,404,0.0,0.0,0.0,0.0,0.0,0.0,0.0,0.0,0.0,0.0,-7.91016,-31.5051,0.0129973,0.143496,Start,seated
8.77125,405,0.0,0.0,0.0,0.0,0.0,0.0,0.0,0.0,0.0,0.0,-8.61328,-33.2565,0.0129973,0.143496,Start,seated
8.79133,406,0.0,0.0,0.0,0.0,0.0,0.0,0.0,0.0,0.0,0.0,-9.31641,-35.0051,0.0129973,0.143496,Start,seated
8.81141,407,0.0,0.0,0.0,0.0,0.0,0.0,0.0,0.0,0.0,0.0,-9.66797,-33.2591,0.0129973,0.143496,Start,seated
8.83149,408,0.0,0.0,0.0,0.0,0.0,0.0,0.0,0.0,0.0,0.0,-10.0195,-28.0083,0.0129973,0.143496,Start,seated
8.85158,409,0.0,0.0,0.0,0.0,0.0,0.0,0.0,0.0,0.0,0.0,-10.3711,-24.5083,0.0129973,0.143496,Start,seated
8.87165,410,0.0,0.0,0.0,0.0,0.0,0.0,0.0,0.0,0.0,0.0,-10.3711,-17.5067,0.0129973,0.143496,Start,seated
8.89174,411,0.0,0.0,0.0,0.0,0.0,0.0,0.0,0.0,0.0,0.0,-10.5469,-12.2549,0.0129973,0.143496,Start,seated
8.91182,412,0.0,0.0,0.0,0.0,0.0,0.0,0.0,0.0,0.0,0.0,-10.5469,-8.75309,0.0129973,0.143496,Start,seated
8.9319,413,0.0,0.0,0.0,0.0,0.0,0.0,0.0,0.0,0.0,0.0,-10.5469,-5.25199,0.0129973,0.143496,Start,seated
8.952,414,0.0,0.0,0.0,0.0,0.0,0.0,0.0,0.0,0.0,0.0,-10.5469,-1.75042,0.0129973,0.143496,Start,seated
8.97207,415,0.0,0.0,0.0,0.0,0.0,0.0,0.0,0.0,0.0,0.0,-10.1953,1.75042,0.0129973,0.143496,Start,seated
8.99216,416,0.0,0.0,0.0,0.0,0.0,0.0,0.0,0.0,0.0,0.0,-10.0195,5.25123,0.0129973,0.143496,Start,seated
9.01225,417,0.0,0.0,0.0,0.0,0.0,0.0,0.0,0.0,0.0,0.0,-9.66797,8.75183,0.0129973,0.143496,Start,seated
9.03233,418,0.0,0.0,0.0,0.0,0.0,0.0,0.0,0.0,0.0,0.0,-9.31641,12.2521,0.0129973,0.143496,Start,seated
9.05242,419,0.0,0.0,0.0,0.0,0.0,0.0,0.0,0.0,0.0,0.0,-9.14062,14.0037,0.0129973,0.143496,Start,seated
9.0725,420,0.0,0.0,0.0,0.0,0.0,0.0,0.0,0.0,0.0,0.0,-8.78906,14.0025,0.0129973,0.143496,Start,seated
9.09258,421,0.0,0.0,0.0,0.0,0.0,0.0,0.0,0.0,0.0,0.0,-8.61328,14.0031,0.0129973,0.143496,Start,seated
9.11267,422,0.0,0.0,0.0,0.0,0.0,0.0,0.0,0.0,0.0,0.0,-8.26172,14.0036,0.0129973,0.143496,Start,seated
9.13275,423,0.0,0.0,0.0,0.0,0.0,0.0,0.0,0.0,0.0,0.0,-8.08594,12.2531,0.0129973,0.143496,Start,seated
9.15283,424,0.0,0.0,0.0,0.0,0.0,0.0,0.0,0.0,0.0,0.0,-7.73438,14.0042,0.0129973,0.143496,Start,seated
9.17291,425,0.0,0.0,0.0,0.0,0.0,0.0,0.0,0.0,0.0,0.0,-7.55859,12.2546,0.0129973,0.143496,Start,seated
9.193,426,0.0,0.0,0.0,0.0,0.0,0.0,0.0,0.0,0.0,0.0,-7.20703,14.0048,0.0129973,0.143496,Start,seated
9.21308,427,0.0,0.0,0.0,0.0,0.0,0.0,0.0,0.0,0.0,0.0,-7.03125,12.2542,0.0129973,0.143496,Start,seated
9.23318,428,0.0,0.0,0.0,0.0,0.0,0.0,0.0,0.0,0.0,0.0,-7.03125,10.5017,0.0129973,0.143496,Start,seated
9.25326,429,0.0,0.0,0.0,0.0,0.0,0.0,0.0,0.0,0.0,0.0,-6.85547,8.7517,0.0129973,0.143496,Start,seated
9.27334,430,0.0,0.0,0.0,0.0,0.0,0.0,0.0,0.0,0.0,0.0,-6.67969,8.75124,0.0129973,0.143496,Start,seated
9.29342,431,0.0,0.0,0.0,0.0,0.0,0.0,0.0,0.0,0.0,0.0,-6.85547,3.50068,0.0129973,0.143496,Start,seated
9.3135,432,0.0,0.0,0.0,0.0,0.0,0.0,0.0,0.0,0.0,0.0,-6.85547,1.75042,0.0129973,0.143496,Start,seated
9.33359,433,0.0,0.0,0.0,0.0,0.0,0.0,0.0,0.0,0.0,0.0,-6.85547,1.75069,0.0129973,0.143496,Start,seated
9.35367,434,0.0,0.0,0.0,0.0,0.0,0.0,0.0,0.0,0.0,0.0,-7.03125,-1.7507,0.0129973,0.143496,Start,seated
9.37375,435,0.0,0.0,0.0,0.0,0.0,0.0,0.0,0.0,0.0,0.0,-7.03125,-3.50135,0.0129973,0.143496,Start,seated
9.39384,436,0.0,0.0,0.0,0.0,0.0,0.0,0.0,0.0,0.0,0.0,-7.20703,-3.50099,0.0129973,0.143496,Start,seated
9.41393,437,0.0,0.0,0.0,0.0,0.0,0.0,0.0,0.0,0.0,0.0,-7.20703,-3.50073,0.0129973,0.143496,Start,seated
9.434,438,0.0,0.0,0.0,0.0,0.0,0.0,0.0,0.0,0.0,0.0,-7.20703,-3.50123,0.0129973,0.143496,Start,seated
9.45407,439,0.0,0.0,0.0,0.0,0.0,0.0,0.0,0.0,0.0,0.0,-7.03125,0.0,0.0129973,0.143496,Start,seated
9.47415,440,0.0,0.0,0.0,0.0,0.0,0.0,0.0,0.0,0.0,0.0,-7.03125,0.0,0.0129973,0.143496,Start,seated
9.49424,441,0.0,0.0,0.0,0.0,0.0,0.0,0.0,0.0,0.0,0.0,-6.85547,3.50172,0.0129973,0.143496,Start,seated
9.51432,442,0.0,0.0,0.0,0.0,0.0,0.0,0.0,0.0,0.0,0.0,-6.67969,5.2528,0.0129973,0.143496,Start,seated
9.53441,443,0.0,0.0,0.0,0.0,0.0,0.0,0.0,0.0,0.0,0.0,-6.67969,5.25202,0.0129973,0.143496,Start,seated
9.5545,444,0.0,0.0,0.0,0.0,0.0,0.0,0.0,0.0,0.0,0.0,-6.50391,5.25133,0.0129973,0.143496,Start,seated
9.65138,445,0.0,0.0,0.0,0.0,0.0,0.0,0.0,0.0,0.0,0.0,-4.57031,13.8858,0.0178673,0.140658,Start,extended
9.67146,446,0.0,0.0,0.0,0.0,0.0,0.0,0.0,0.0,0.0,0.0,-4.04297,15.8698,0.0178673,0.140658,Start,extended
9.69155,447,0.0,0.0,0.0,0.0,0.0,0.0,0.0,0.0,0.0,0.0,-3.33984,18.8449,0.0178673,0.140658,Start,extended
9.71164,448,0.0,0.0,0.0,0.0,0.0,0.0,0.0,0.0,0.0,0.0,-2.8125,21.8201,0.0178673,0.140658,Start,extended
9.73172,449,0.0,0.0,0.0,0.0,0.0,0.0,0.0,0.0,0.0,0.0,-2.10938,24.7968,0.0178673,0.140658,Start,extended
9.75181,450,0.0,0.0,0.0,0.0,0.0,0.0,0.0,0.0,0.0,0.0,-1.58203,29.7548,0.0178673,0.140658,Start,extended
9.77189,451,0.0,0.0,0.0,0.0,0.0,0.0,0.0,0.0,0.0,0.0,-1.05469,29.7558,0.0178673,0.140658,Start,extended
9.79198,452,0.0,0.0,0.0,0.0,0.0,0.0,0.0,0.0,0.0,0.0,-0.527344,28.0036,0.0178673,0.140658,Start,extended
9.81206,453,0.0,0.0,0.0,0.0,0.0,0.0,0.0,0.0,0.0,0.0,0.0,28.0064,0.0178673,0.140658,Start,extended
9.83214,454,0.0,0.0,0.0,0.0,0.0,0.0,0.0,0.0,0.0,0.0,0.703125,28.0068,0.0178673,0.140658,Start,extended
9.85223,455,0.0,0.0,0.0,0.0,0.0,0.0,0.0,0.0,0.0,0.0,1.23047,28.0072,0.0178673,0.140658,Start,extended
9.87232,456,0.0,0.0,0.0,0.0,0.0,0.0,0.0,0.0,0.0,0.0,1.93359,29.7557,0.0178673,0.140658,Start,extended
9.8924,457,0.0,0.0,0.0,0.0,0.0,0.0,0.0,0.0,0.0,0.0,2.63672,31.5086,0.0178673,0.140658,Start,extended
9.91249,458,0.0,0.0,0.0,0.0,0.0,0.0,0.0,0.0,0.0,0.0,3.33984,33.2566,0.0178673,0.140658,Start,extended
9.93257,459,0.0,0.0,0.0,0.0,0.0,0.0,0.0,0.0,0.0,0.0,4.39453,36.7571,0.0178673,0.140658,Start,extended
9.95266,460,0.0,0.0,0.0,0.0,0.0,0.0,0.0,0.0,0.0,0.0,5.27344,40.2579,0.0178673,0.140658,Start,extended
9.97274,461,0.0,0.0,0.0,0.0,0.0,0.0,0.0,0.0,0.0,0.0,6.15234,42.0096,0.0178673,0.140658,Start,extended
9.99282,462,0.0,0.0,0.0,0.0,0.0,0.0,0.0,0.0,0.0,0.0,6.85547,42.0119,0.0178673,0.140658,Start,extended
10.0129,463,0.0,0.0,0.0,0.0,0.0,0.0,0.0,0.0,0.0,0.0,7.38281,40.2591,0.0178673,0.140658,Start,extended
10.033,464,0.0,0.0,0.0,0.0,0.0,0.0,0.0,0.0,0.0,0.0,8.08594,36.7453,0.0178673,0.140658,Start,extended
10.0531,465,0.0,0.0,0.0,0.0,0.0,0.0,0.0,0.0,0.0,0.0,8.61328,33.2471,0.0178673,0.140658,Start,extended
10.0732,466,0.0,0.0,0.0,0.0,0.0,0.0,0.0,0.0,0.0,0.0,8.96484,27.998,0.0178673,0.140658,Start,extended
10.0933,467,0.0,0.0,0.0,0.0,0.0,0.0,0.0,0.0,0.0,0.0,9.31641,24.4977,0.0178673,0.140658,Start,extended
10.1134,468,0.0,0.0,0.0,0.0,0.0,0.0,0.0,0.0,0.0,0.0,9.66797,22.7499,0.0178673,0.140658,Start,extended
10.1334,469,0.0,0.0,0.0,0.0,0.0,0.0,0.0,0.0,0.0,0.0,9.84375,17.5051,0.0178673,0.140658,Start,extended
10.1535,470,0.0,0.0,0.0,0.0,0.0,0.0,0.0,0.0,0.0,0.0,9.84375,12.254,0.0178673,0.140658,Start,extended
10.1736,471,0.0,0.0,0.0,0.0,0.0,0.0,0.0,0.0,0.0,0.0,10.0195,10.5035,0.0178673,0.140658,Start,extended
10.1937,472,0.0,0.0,0.0,0.0,0.0,0.0,0.0,0.0,0.0,0.0,9.84375,5.25149,0.0178673,0.140658,Start,extended
10.2138,473,0.0,0.0,0.0,0.0,0.0,0.0,0.0,0.0,0.0,0.0,9.66797,0.0,0.0178673,0.140658,Start,extended
10.2339,474,0.0,0.0,0.0,0.0,0.0,0.0,0.0,0.0,0.0,0.0,9.49219,-3.50092,0.0178673,0.140658,Start,extended
10.2539,475,0.0,0.0,0.0,0.0,0.0,0.0,0.0,0.0,0.0,0.0,9.14062,-7.00194,0.0178673,0.140658,Start,extended
10.274,476,0.0,0.0,0.0,0.0,0.0,0.0,0.0,0.0,0.0,0.0,8.78906,-12.2568,0.0178673,0.140658,Start,extended
10.2941,477,0.0,0.0,0.0,0.0,0.0,0.0,0.0,0.0,0.0,0.0,8.4375,-14.0082,0.0178673,0.140658,Start,extended
10.3142,478,0.0,0.0,0.0,0.0,0.0,0.0,0.0,0.0,0.0,0.0,8.08594,-15.7591,0.0178673,0.140658,Start,extended
10.3343,479,0.0,0.0,0.0,0.0,0.0,0.0,0.0,0.0,0.0,0.0,7.91016,-15.7584,0.0178673,0.140658,Start,extended
10.3543,480,0.0,0.0,0.0,0.0,0.0,0.0,0.0,0.0,0.0,0.0,7.55859,-15.7572,0.0178673,0.140658,Start,extended
10.3744,481,0.0,0.0,0.0,0.0,0.0,0.0,0.0,0.0,0.0,0.0,7.38281,-14.0022,0.0178673,0.140658,Start,extended
10.3945,482,0.0,0.0,0.0,0.0,0.0,0.0,0.0,0.0,0.0,0.0,7.03125,-14.001,0.0178673,0.140658,Start,extended
10.4146,483,0.0,0.0,0.0,0.0,0.0,0.0,0.0,0.0,0.0,0.0,6.67969,-14.0008,0.0178673,0.140658,Start,extended
10.4347,484,0.0,0.0,0.0,0.0,0.0,0.0,0.0,0.0,0.0,0.0,6.32812,-15.7526,0.0178673,0.140658,Start,extended
10.4548,485,0.0,0.0,0.0,0.0,0.0,0.0,0.0,0.0,0.0,0.0,6.15234,-14.0025,0.0178673,0.140658,Start,extended
10.4749,486,0.0,0.0,0.0,0.0,0.0,0.0,0.0,0.0,0.0,0.0,5.80078,-15.7527,0.0178673,0.140658,Start,extended
10.4949,487,0.0,0.0,0.0,0.0,0.0,0.0,0.0,0.0,0.0,0.0,5.80078,-12.2531,0.0178673,0.140658,Start,extended
10.515,488,0.0,0.0,0.0,0.0,0.0,0.0,0.0,0.0,0.0,0.0,5.625,-10.503,0.0178673,0.140658,Start,extended
10.5351,489,0.0,0.0,0.0,0.0,0.0,0.0,0.0,0.0,0.0,0.0,5.625,-7.00154,0.0178673,0.140658,Start,extended
10.5552,490,0.0,0.0,0.0,0.0,0.0,0.0,0.0,0.0,0.0,0.0,5.625,-5.25118,0.0178673,0.140658,Start,extended
10.5753,491,0.0,0.0,0.0,0.0,0.0,0.0,0.0,0.0,0.0,0.0,5.625,-1.75041,0.0178673,0.140658,Start,extended
10.5954,492,0.0,0.0,0.0,0.0,0.0,0.0,0.0,0.0,0.0,0.0,5.625,-1.75046,0.0178673,0.140658,Start,extended
10.6154,493,0.0,0.0,0.0,0.0,0.0,0.0,0.0,0.0,0.0,0.0,5.80078,1.7504,0.0178673,0.140658,Start,extended
10.6355,494,0.0,0.0,0.0,0.0,0.0,0.0,0.0,0.0,0.0,0.0,5.97656,3.50101,0.0178673,0.140658,Start,extended
10.6556,495,0.0,0.0,0.0,0.0,0.0,0.0,0.0,0.0,0.0,0.0,6.15234,5.25164,0.0178673,0.140658,Start,extended
10.6757,496,0.0,0.0,0.0,0.0,0.0,0.0,0.0,0.0,0.0,0.0,6.32812,7.00221,0.0178673,0.140658,Start,extended
10.6958,497,0.0,0.0,0.0,0.0,0.0,0.0,0.0,0.0,0.0,0.0,6.50391,8.75282,0.0178673,0.140658,Start,extended
10.7159,498,0.0,0.0,0.0,0.0,0.0,0.0,0.0,0.0,0.0,0.0,6.50391,7.00208,0.0178673,0.140658,Start,extended
10.7359,499,0.0,0.0,0.0,0.0,0.0,0.0,0.0,0.0,0.0,0.0,6.67969,7.00203,0.0178673,0.140658,Start,extended
10.756,500,0.0,0.0,0.0,0.0,0.0,0.0,0.0,0.0,0.0,0.0,6.67969,5.2529,0.0178673,0.140658,Start,extended
10.7761,501,0.0,0.0,0.0,0.0,0.0,0.0,0.0,0.0,0.0,0.0,6.67969,3.50219,0.0178673,0.140658,Start,extended
10.7962,502,0.0,0.0,0.0,0.0,0.0,0.0,0.0,0.0,0.0,0.0,6.50391,0.0,0.0178673,0.140658,Start,extended
10.8163,503,0.0,0.0,0.0,0.0,0.0,0.0,0.0,0.0,0.0,0.0,6.50391,0.0,0.0178673,0.140658,Start,extended
10.9021,504,0.0,0.0,0.0,0.0,0.0,0.0,0.0,0.0,0.0,0.0,5.09766,-9.52296,0.0129973,0.143496,Start,seated
10.9222,505,0.0,0.0,0.0,0.0,0.0,0.0,0.0,0.0,0.0,0.0,4.74609,-11.6375,0.0129973,0.143496,Start,seated
10.9422,506,0.0,0.0,0.0,0.0,0.0,0.0,0.0,0.0,0.0,0.0,4.04297,-15.8685,0.0129973,0.143496,Start,seated
10.9623,507,0.0,0.0,0.0,0.0,0.0,0.0,0.0,0.0,0.0,0.0,3.51562,-17.9845,0.0129973,0.143496,Start,seated
10.9824,508,0.0,0.0,0.0,0.0,0.0,0.0,0.0,0.0,0.0,0.0,2.8125,-22.2161,0.0129973,0.143496,Start,seated
11.0025,509,0.0,0.0,0.0,0.0,0.0,0.0,0.0,0.0,0.0,0.0,2.10938,-29.7561,0.0129973,0.143496,Start,seated
11.0903,510,0.0,0.0,0.0,0.0,0.0,0.0,0.0,0.0,0.0,0.0,-1.23047,-35.5474,0.0178673,0.140658,IncreaseAngularVelocity,extended
11.1857,511,0.0,0.0,0.0,0.0,0.0,0.0,0.0,0.0,0.0,0.0,-4.74609,-36.1039,0.0178673,0.140658,IncreaseAngularVelocity,extended
11.2058,512,0.0,0.0,0.0,0.0,0.0,0.0,0.0,0.0,0.0,0.0,-5.80078,-38.2697,0.0178673,0.140658,IncreaseAngularVelocity,extended
11.2258,513,0.0,0.0,0.0,0.0,0.0,0.0,0.0,0.0,0.0,0.0,-6.85547,-39.7145,0.0178673,0.140658,IncreaseAngularVelocity,extended
11.2459,514,0.0,0.0,0.0,0.0,0.0,0.0,0.0,0.0,0.0,0.0,-7.55859,-39.7144,0.0178673,0.140658,IncreaseAngularVelocity,extended
11.266,515,0.0,0.0,0.0,0.0,0.0,0.0,0.0,0.0,0.0,0.0,-8.26172,-40.0081,0.0178673,0.140658,IncreaseAngularVelocity,extended
11.2861,516,0.0,0.0,0.0,0.0,0.0,0.0,0.0,0.0,0.0,0.0,-8.96484,-42.0042,0.0178673,0.140658,IncreaseAngularVelocity,extended
11.3062,517,0.0,0.0,0.0,0.0,0.0,0.0,0.0,0.0,0.0,0.0,-9.31641,-35.004,0.0178673,0.140658,IncreaseAngularVelocity,extended
11.3263,518,0.0,0.0,0.0,0.0,0.0,0.0,0.0,0.0,0.0,0.0,-9.84375,-29.7559,0.0178673,0.140658,IncreaseAngularVelocity,extended
11.3464,519,0.0,0.0,0.0,0.0,0.0,0.0,0.0,0.0,0.0,0.0,-10.1953,-26.2563,0.0178673,0.140658,IncreaseAngularVelocity,extended
11.3664,520,0.0,0.0,0.0,0.0,0.0,0.0,0.0,0.0,0.0,0.0,-10.5469,-22.757,0.0178673,0.140658,IncreaseAngularVelocity,extended
11.3865,521,0.0,0.0,0.0,0.0,0.0,0.0,0.0,0.0,0.0,0.0,-10.7227,-17.5054,0.0178673,0.140658,IncreaseAngularVelocity,extended
11.4066,522,0.0,0.0,0.0,0.0,0.0,0.0,0.0,0.0,0.0,0.0,-10.8984,-15.7556,0.0178673,0.140658,IncreaseAngularVelocity,extended
11.4267,523,0.0,0.0,0.0,0.0,0.0,0.0,0.0,0.0,0.0,0.0,-10.7227,-8.75282,0.0178673,0.140658,IncreaseAngularVelocity,extended
11.5171,524,0.0,0.0,0.0,0.0,0.0,0.0,0.0,0.0,0.0,0.0,-9.14062,6.17844,0.0129973,0.143496,IncreaseAngularVelocity,seated
11.5994,525,0.0,0.0,0.0,0.0,0.0,0.0,0.0,0.0,0.0,0.0,-7.38281,13.5833,0.0129973,0.143496,IncreaseAngularVelocity,seated
11.679,526,0.0,0.0,0.0,0.0,0.0,0.0,0.0,0.0,0.0,0.0,-5.97656,16.2259,0.0129973,0.143496,IncreaseAngularVelocity,seated
11.7659,527,0.0,0.0,0.0,0.0,0.0,0.0,0.0,0.0,0.0,0.0,-5.44922,15.1654,0.0129973,0.143496,IncreaseAngularVelocity,seated
11.8524,528,0.0,0.0,0.0,0.0,0.0,0.0,0.0,0.0,0.0,0.0,-5.09766,13.2138,0.0129973,0.143496,IncreaseAngularVelocity,seated
11.9361,529,0.0,0.0,0.0,0.0,0.0,0.0,0.0,0.0,0.0,0.0,-6.15234,7.13197,0.0129973,0.143496,IncreaseAngularVelocity,seated
11.9561,530,0.0,0.0,0.0,0.0,0.0,0.0,0.0,0.0,0.0,0.0,-6.67969,1.97084,0.0129973,0.143496,IncreaseAngularVelocity,seated
11.9762,531,0.0,0.0,0.0,0.0,0.0,0.0,0.0,0.0,0.0,0.0,-7.38281,-4.73169,0.0129973,0.143496,IncreaseAngularVelocity,seated
11.9963,532,0.0,0.0,0.0,0.0,0.0,0.0,0.0,0.0,0.0,0.0,-7.91016,-10.6818,0.0129973,0.143496,IncreaseAngularVelocity,seated
12.0164,533,0.0,0.0,0.0,0.0,0.0,0.0,0.0,0.0,0.0,0.0,-8.26172,-19.2902,0.0129973,0.143496,IncreaseAngularVelocity,seated
12.0365,534,0.0,0.0,0.0,0.0,0.0,0.0,0.0,0.0,0.0,0.0,-8.26172,-21.0032,0.0129973,0.143496,IncreaseAngularVelocity,seated
12.0566,535,0.0,0.0,0.0,0.0,0.0,0.0,0.0,0.0,0.0,0.0,-8.26172,-15.7532,0.0129973,0.143496,IncreaseAngularVelocity,seated
12.0767,536,0.0,0.0,0.0,0.0,0.0,0.0,0.0,0.0,0.0,0.0,-8.08594,-7.00176,0.0129973,0.143496,IncreaseAngularVelocity,seated
12.1658,537,0.0,0.0,0.0,0.0,0.0,0.0,0.0,0.0,0.0,0.0,-7.91016,0.0,0.0129973,0.143496,IncreaseAngularVelocity,seated
12.2461,538,0.0,0.0,0.0,0.0,0.0,0.0,0.0,0.0,0.0,0.0,-5.80078,10.7125,0.0129973,0.143496,IncreaseAngularVelocity,seated
12.3331,539,0.0,0.0,0.0,0.0,0.0,0.0,0.0,0.0,0.0,0.0,-2.10938,20.7446,0.0129973,0.143496,IncreaseAngularVelocity,seated
12.4143,540,0.0,0.0,0.0,0.0,0.0,0.0,0.0,0.0,0.0,0.0,2.46094,29.9748,0.0129973,0.143496,IncreaseAngularVelocity,seated
12.4963,541,0.0,0.0,0.0,0.0,0.0,0.0,0.0,0.0,0.0,0.0,5.97656,33.51,0.0129973,0.143496,IncreaseAngularVelocity,seated
12.5164,542,0.0,0.0,0.0,0.0,0.0,0.0,0.0,0.0,0.0,0.0,6.67969,41.6158,0.0129973,0.143496,IncreaseAngularVelocity,seated
12.5365,543,0.0,0.0,0.0,0.0,0.0,0.0,0.0,0.0,0.0,0.0,7.38281,45.4082,0.0129973,0.143496,IncreaseAngularVelocity,seated
12.5566,544,0.0,0.0,0.0,0.0,0.0,0.0,0.0,0.0,0.0,0.0,7.91016,44.8329,0.0129973,0.143496,IncreaseAngularVelocity,seated
12.5766,545,0.0,0.0,0.0,0.0,0.0,0.0,0.0,0.0,0.0,0.0,8.4375,36.8145,0.0129973,0.143496,IncreaseAngularVelocity,seated
12.5967,546,0.0,0.0,0.0,0.0,0.0,0.0,0.0,0.0,0.0,0.0,8.96484,29.758,0.0129973,0.143496,IncreaseAngularVelocity,seated
12.6168,547,0.0,0.0,0.0,0.0,0.0,0.0,0.0,0.0,0.0,0.0,9.31641,26.2564,0.0129973,0.143496,IncreaseAngularVelocity,seated
12.6369,548,0.0,0.0,0.0,0.0,0.0,0.0,0.0,0.0,0.0,0.0,9.66797,22.7545,0.0129973,0.143496,IncreaseAngularVelocity,seated
12.657,549,0.0,0.0,0.0,0.0,0.0,0.0,0.0,0.0,0.0,0.0,10.0195,21.0024,0.0129973,0.143496,IncreaseAngularVelocity,seated
12.6771,550,0.0,0.0,0.0,0.0,0.0,0.0,0.0,0.0,0.0,0.0,10.0195,15.7517,0.0129973,0.143496,IncreaseAngularVelocity,seated
12.6972,551,0.0,0.0,0.0,0.0,0.0,0.0,0.0,0.0,0.0,0.0,10.0195,10.501,0.0129973,0.143496,IncreaseAngularVelocity,seated
12.7172,552,0.0,0.0,0.0,0.0,0.0,0.0,0.0,0.0,0.0,0.0,10.0195,7.0008,0.0129973,0.143496,IncreaseAngularVelocity,seated
12.7373,553,0.0,0.0,0.0,0.0,0.0,0.0,0.0,0.0,0.0,0.0,9.84375,1.75007,0.0129973,0.143496,IncreaseAngularVelocity,seated
12.8196,554,0.0,0.0,0.0,0.0,0.0,0.0,0.0,0.0,0.0,0.0,8.08594,-11.8936,0.0178673,0.140658,IncreaseAngularVelocity,extended
12.9091,555,0.0,0.0,0.0,0.0,0.0,0.0,0.0,0.0,0.0,0.0,7.03125,-12.8816,0.0178673,0.140658,IncreaseAngularVelocity,extended
13.0287,556,0.0,0.0,0.0,0.0,0.0,0.0,0.0,0.0,0.0,0.0,4.74609,-15.9068,0.0178673,0.140658,IncreaseAngularVelocity,extended
13.1164,557,0.0,0.0,0.0,0.0,0.0,0.0,0.0,0.0,0.0,0.0,4.57031,-13.651,0.0178673,0.140658,IncreaseAngularVelocity,extended
13.2044,558,0.0,0.0,0.0,0.0,0.0,0.0,0.0,0.0,0.0,0.0,4.74609,-10.9145,0.0178673,0.140658,IncreaseAngularVelocity,extended
13.2245,559,0.0,0.0,0.0,0.0,0.0,0.0,0.0,0.0,0.0,0.0,5.27344,-6.9459,0.0178673,0.140658,IncreaseAngularVelocity,extended
13.2446,560,0.0,0.0,0.0,0.0,0.0,0.0,0.0,0.0,0.0,0.0,5.625,-4.19142,0.0178673,0.140658,IncreaseAngularVelocity,extended
13.2646,561,0.0,0.0,0.0,0.0,0.0,0.0,0.0,0.0,0.0,0.0,6.15234,5.95964,0.0178673,0.140658,IncreaseAngularVelocity,extended
13.2847,562,0.0,0.0,0.0,0.0,0.0,0.0,0.0,0.0,0.0,0.0,6.67969,12.5331,0.0178673,0.140658,IncreaseAngularVelocity,extended
13.3048,563,0.0,0.0,0.0,0.0,0.0,0.0,0.0,0.0,0.0,0.0,6.85547,21.0048,0.0178673,0.140658,IncreaseAngularVelocity,extended
13.3249,564,0.0,0.0,0.0,0.0,0.0,0.0,0.0,0.0,0.0,0.0,7.20703,19.2554,0.0178673,0.140658,IncreaseAngularVelocity,extended
13.345,565,0.0,0.0,0.0,0.0,0.0,0.0,0.0,0.0,0.0,0.0,7.38281,17.5041,0.0178673,0.140658,IncreaseAngularVelocity,extended
13.3651,566,0.0,0.0,0.0,0.0,0.0,0.0,0.0,0.0,0.0,0.0,7.38281,12.2522,0.0178673,0.140658,IncreaseAngularVelocity,extended
13.3851,567,0.0,0.0,0.0,0.0,0.0,0.0,0.0,0.0,0.0,0.0,7.55859,8.75266,0.0178673,0.140658,IncreaseAngularVelocity,extended
13.4052,568,0.0,0.0,0.0,0.0,0.0,0.0,0.0,0.0,0.0,0.0,7.55859,7.00208,0.0178673,0.140658,IncreaseAngularVelocity,extended
13.4253,569,0.0,0.0,0.0,0.0,0.0,0.0,0.0,0.0,0.0,0.0,7.38281,1.75044,0.0178673,0.140658,IncreaseAngularVelocity,extended
13.5083,570,0.0,0.0,0.0,0.0,0.0,0.0,0.0,0.0,0.0,0.0,5.80078,-9.6873,0.0178673,0.140658,IncreaseAngularVelocity,extended
13.5871,571,0.0,0.0,0.0,0.0,0.0,0.0,0.0,0.0,0.0,0.0,2.98828,-19.7954,0.0178673,0.140658,IncreaseAngularVelocity,extended
13.6663,572,0.0,0.0,0.0,0.0,0.0,0.0,0.0,0.0,0.0,0.0,-0.878906,-30.0107,0.0178673,0.140658,IncreaseAngularVelocity,extended
13.7518,573,0.0,0.0,0.0,0.0,0.0,0.0,0.0,0.0,0.0,0.0,-5.44922,-37.5307,0.0178673,0.140658,IncreaseAngularVelocity,extended
13.7719,574,0.0,0.0,0.0,0.0,0.0,0.0,0.0,0.0,0.0,0.0,-6.32812,-39.5599,0.0178673,0.140658,IncreaseAngularVelocity,extended
13.792,575,0.0,0.0,0.0,0.0,0.0,0.0,0.0,0.0,0.0,0.0,-7.20703,-45.8508,0.0178673,0.140658,IncreaseAngularVelocity,extended
13.8121,576,0.0,0.0,0.0,0.0,0.0,0.0,0.0,0.0,0.0,0.0,-8.08594,-49.2178,0.0178673,0.140658,IncreaseAngularVelocity,extended
13.8322,577,0.0,0.0,0.0,0.0,0.0,0.0,0.0,0.0,0.0,0.0,-8.96484,-48.7522,0.0178673,0.140658,IncreaseAngularVelocity,extended
13.8522,578,0.0,0.0,0.0,0.0,0.0,0.0,0.0,0.0,0.0,0.0,-9.66797,-42.015,0.0178673,0.140658,IncreaseAngularVelocity,extended
13.8723,579,0.0,0.0,0.0,0.0,0.0,0.0,0.0,0.0,0.0,0.0,-10.1953,-38.5125,0.0178673,0.140658,IncreaseAngularVelocity,extended
13.8924,580,0.0,0.0,0.0,0.0,0.0,0.0,0.0,0.0,0.0,0.0,-10.5469,-33.2628,0.0178673,0.140658,IncreaseAngularVelocity,extended
13.9125,581,0.0,0.0,0.0,0.0,0.0,0.0,0.0,0.0,0.0,0.0,-11.0742,-29.7602,0.0178673,0.140658,IncreaseAngularVelocity,extended
13.9326,582,0.0,0.0,0.0,0.0,0.0,0.0,0.0,0.0,0.0,0.0,-11.25,-22.7567,0.0178673,0.140658,IncreaseAngularVelocity,extended
13.9527,583,0.0,0.0,0.0,0.0,0.0,0.0,0.0,0.0,0.0,0.0,-11.4258,-17.5039,0.0178673,0.140658,IncreaseAngularVelocity,extended
13.9727,584,0.0,0.0,0.0,0.0,0.0,0.0,0.0,0.0,0.0,0.0,-11.6016,-14.0026,0.0178673,0.140658,IncreaseAngularVelocity,extended
13.9928,585,0.0,0.0,0.0,0.0,0.0,0.0,0.0,0.0,0.0,0.0,-11.6016,-10.5019,0.0178673,0.140658,IncreaseAngularVelocity,extended
14.0129,586,0.0,0.0,0.0,0.0,0.0,0.0,0.0,0.0,0.0,0.0,-11.6016,-5.25113,0.0178673,0.140658,IncreaseAngularVelocity,extended
14.033,587,0.0,0.0,0.0,0.0,0.0,0.0,0.0,0.0,0.0,0.0,-11.4258,-1.75033,0.0178673,0.140658,IncreaseAngularVelocity,extended
14.1209,588,0.0,0.0,0.0,0.0,0.0,0.0,0.0,0.0,0.0,0.0,-9.66797,10.4462,0.0129973,0.143496,IncreaseAngularVelocity,seated
14.2054,589,0.0,0.0,0.0,0.0,0.0,0.0,0.0,0.0,0.0,0.0,-7.55859,17.3786,0.0129973,0.143496,IncreaseAngularVelocity,seated
14.2882,590,0.0,0.0,0.0,0.0,0.0,0.0,0.0,0.0,0.0,0.0,-5.80078,19.6407,0.0129973,0.143496,IncreaseAngularVelocity,seated
14.3689,591,0.0,0.0,0.0,0.0,0.0,0.0,0.0,0.0,0.0,0.0,-5.09766,18.2677,0.0129973,0.143496,IncreaseAngularVelocity,seated
14.4648,592,0.0,0.0,0.0,0.0,0.0,0.0,0.0,0.0,0.0,0.0,-4.39453,16.2832,0.0129973,0.143496,IncreaseAngularVelocity,seated
14.5484,593,0.0,0.0,0.0,0.0,0.0,0.0,0.0,0.0,0.0,0.0,-5.09766,10.6907,0.0129973,0.143496,IncreaseAngularVelocity,seated
14.5685,594,0.0,0.0,0.0,0.0,0.0,0.0,0.0,0.0,0.0,0.0,-5.44922,5.80883,0.0129973,0.143496,IncreaseAngularVelocity,seated
14.5886,595,0.0,0.0,0.0,0.0,0.0,0.0,0.0,0.0,0.0,0.0,-5.44922,1.1702,0.0129973,0.143496,IncreaseAngularVelocity,seated
14.6087,596,0.0,0.0,0.0,0.0,0.0,0.0,0.0,0.0,0.0,0.0,-5.44922,-1.46642,0.0129973,0.143496,IncreaseAngularVelocity,seated
14.6288,597,0.0,0.0,0.0,0.0,0.0,0.0,0.0,0.0,0.0,0.0,-5.44922,-6.43269,0.0129973,0.143496,IncreaseAngularVelocity,seated
14.6488,598,0.0,0.0,0.0,0.0,0.0,0.0,0.0,0.0,0.0,0.0,-5.44922,-3.50105,0.0129973,0.143496,IncreaseAngularVelocity,seated
14.6689,599,0.0,0.0,0.0,0.0,0.0,0.0,0.0,0.0,0.0,0.0,-5.44922,0.0,0.0129973,0.143496,IncreaseAngularVelocity,seated
14.689,600,0.0,0.0,0.0,0.0,0.0,0.0,0.0,0.0,0.0,0.0,-5.44922,0.0,0.0129973,0.143496,IncreaseAngularVelocity,seated
14.7091,601,0.0,0.0,0.0,0.0,0.0,0.0,0.0,0.0,0.0,0.0,-4.74609,7.00189,0.0129973,0.143496,IncreaseAngularVelocity,seated
14.8042,602,0.0,0.0,0.0,0.0,0.0,0.0,0.0,0.0,0.0,0.0,-1.05469,25.0502,0.0129973,0.143496,IncreaseAngularVelocity,seated
14.9086,603,0.0,0.0,0.0,0.0,0.0,0.0,0.0,0.0,0.0,0.0,4.92188,39.9315,0.0129973,0.143496,IncreaseAngularVelocity,seated
15.0017,604,0.0,0.0,0.0,0.0,0.0,0.0,0.0,0.0,0.0,0.0,8.26172,41.2049,0.0129973,0.143496,IncreaseAngularVelocity,seated
15.0218,605,0.0,0.0,0.0,0.0,0.0,0.0,0.0,0.0,0.0,0.0,8.61328,42.2616,0.0129973,0.143496,IncreaseAngularVelocity,seated
15.0419,606,0.0,0.0,0.0,0.0,0.0,0.0,0.0,0.0,0.0,0.0,8.96484,41.2051,0.0129973,0.143496,IncreaseAngularVelocity,seated
15.0619,607,0.0,0.0,0.0,0.0,0.0,0.0,0.0,0.0,0.0,0.0,9.31641,40.2385,0.0129973,0.143496,IncreaseAngularVelocity,seated
15.082,608,0.0,0.0,0.0,0.0,0.0,0.0,0.0,0.0,0.0,0.0,9.66797,27.3655,0.0129973,0.143496,IncreaseAngularVelocity,seated
15.1021,609,0.0,0.0,0.0,0.0,0.0,0.0,0.0,0.0,0.0,0.0,9.84375,15.7567,0.0129973,0.143496,IncreaseAngularVelocity,seated
15.1222,610,0.0,0.0,0.0,0.0,0.0,0.0,0.0,0.0,0.0,0.0,10.0195,14.0057,0.0129973,0.143496,IncreaseAngularVelocity,seated
15.1423,611,0.0,0.0,0.0,0.0,0.0,0.0,0.0,0.0,0.0,0.0,10.3711,14.0056,0.0129973,0.143496,IncreaseAngularVelocity,seated
15.1623,612,0.0,0.0,0.0,0.0,0.0,0.0,0.0,0.0,0.0,0.0,10.3711,10.5042,0.0129973,0.143496,IncreaseAngularVelocity,seated
15.1824,613,0.0,0.0,0.0,0.0,0.0,0.0,0.0,0.0,0.0,0.0,10.1953,5.25116,0.0129973,0.143496,IncreaseAngularVelocity,seated
15.2654,614,0.0,0.0,0.0,0.0,0.0,0.0,0.0,0.0,0.0,0.0,8.96484,-5.38051,0.0178673,0.140658,IncreaseAngularVelocity,extended
15.3482,615,0.0,0.0,0.0,0.0,0.0,0.0,0.0,0.0,0.0,0.0,7.55859,-10.8878,0.0178673,0.140658,IncreaseAngularVelocity,extended
15.4366,616,0.0,0.0,0.0,0.0,0.0,0.0,0.0,0.0,0.0,0.0,5.80078,-15.529,0.0178673,0.140658,IncreaseAngularVelocity,extended
15.5201,617,0.0,0.0,0.0,0.0,0.0,0.0,0.0,0.0,0.0,0.0,4.57031,-16.2159,0.0178673,0.140658,IncreaseAngularVelocity,extended
15.6087,618,0.0,0.0,0.0,0.0,0.0,0.0,0.0,0.0,0.0,0.0,4.57031,-13.1963,0.0178673,0.140658,IncreaseAngularVelocity,extended
15.6288,619,0.0,0.0,0.0,0.0,0.0,0.0,0.0,0.0,0.0,0.0,4.74609,-11.6113,0.0178673,0.140658,IncreaseAngularVelocity,extended
15.6489,620,0.0,0.0,0.0,0.0,0.0,0.0,0.0,0.0,0.0,0.0,4.74609,-9.35314,0.0178673,0.140658,IncreaseAngularVelocity,extended
15.669,621,0.0,0.0,0.0,0.0,0.0,0.0,0.0,0.0,0.0,0.0,4.74609,-4.53776,0.0178673,0.140658,IncreaseAngularVelocity,extended
15.6891,622,0.0,0.0,0.0,0.0,0.0,0.0,0.0,0.0,0.0,0.0,4.74609,1.04008,0.0178673,0.140658,IncreaseAngularVelocity,extended
15.7092,623,0.0,0.0,0.0,0.0,0.0,0.0,0.0,0.0,0.0,0.0,4.74609,1.74953,0.0178673,0.140658,IncreaseAngularVelocity,extended
15.7292,624,0.0,0.0,0.0,0.0,0.0,0.0,0.0,0.0,0.0,0.0,4.57031,-1.74957,0.0178673,0.140658,IncreaseAngularVelocity,extended
15.8259,625,0.0,0.0,0.0,0.0,0.0,0.0,0.0,0.0,0.0,0.0,2.63672,-11.9148,0.0178673,0.140658,IncreaseAngularVelocity,extended
15.9087,626,0.0,0.0,0.0,0.0,0.0,0.0,0.0,0.0,0.0,0.0,0.0,-19.8005,0.0178673,0.140658,IncreaseAngularVelocity,extended
15.9988,627,0.0,0.0,0.0,0.0,0.0,0.0,0.0,0.0,0.0,0.0,-2.98828,-24.9703,0.0178673,0.140658,IncreaseAngularVelocity,extended
16.0821,628,0.0,0.0,0.0,0.0,0.0,0.0,0.0,0.0,0.0,0.0,-5.44922,-27.3399,0.0178673,0.140658,IncreaseAngularVelocity,extended
16.1021,629,0.0,0.0,0.0,0.0,0.0,0.0,0.0,0.0,0.0,0.0,-5.80078,-27.8113,0.0178673,0.140658,IncreaseAngularVelocity,extended
16.1222,630,0.0,0.0,0.0,0.0,0.0,0.0,0.0,0.0,0.0,0.0,-6.15234,-29.6637,0.0178673,0.140658,IncreaseAngularVelocity,extended
16.1423,631,0.0,0.0,0.0,0.0,0.0,0.0,0.0,0.0,0.0,0.0,-6.50391,-27.8393,0.0178673,0.140658,IncreaseAngularVelocity,extended
16.1624,632,0.0,0.0,0.0,0.0,0.0,0.0,0.0,0.0,0.0,0.0,-6.85547,-23.6408,0.0178673,0.140658,IncreaseAngularVelocity,extended
16.1825,633,0.0,0.0,0.0,0.0,0.0,0.0,0.0,0.0,0.0,0.0,-7.03125,-15.7552,0.0178673,0.140658,IncreaseAngularVelocity,extended
16.2026,634,0.0,0.0,0.0,0.0,0.0,0.0,0.0,0.0,0.0,0.0,-7.20703,-14.0047,0.0178673,0.140658,IncreaseAngularVelocity,extended
16.2227,635,0.0,0.0,0.0,0.0,0.0,0.0,0.0,0.0,0.0,0.0,-7.20703,-10.5026,0.0178673,0.140658,IncreaseAngularVelocity,extended
16.2427,636,0.0,0.0,0.0,0.0,0.0,0.0,0.0,0.0,0.0,0.0,-7.20703,-7.00138,0.0178673,0.140658,IncreaseAngularVelocity,extended
16.2628,637,0.0,0.0,0.0,0.0,0.0,0.0,0.0,0.0,0.0,0.0,-7.20703,-3.50084,0.0178673,0.140658,IncreaseAngularVelocity,extended
16.2829,638,0.0,0.0,0.0,0.0,0.0,0.0,0.0,0.0,0.0,0.0,-7.20703,-1.75039,0.0178673,0.140658,IncreaseAngularVelocity,extended
16.303,639,0.0,0.0,0.0,0.0,0.0,0.0,0.0,0.0,0.0,0.0,-7.20703,0.0,0.0178673,0.140658,IncreaseAngularVelocity,extended
16.3231,640,0.0,0.0,0.0,0.0,0.0,0.0,0.0,0.0,0.0,0.0,-7.20703,0.0,0.0178673,0.140658,IncreaseAngularVelocity,extended
16.3432,641,0.0,0.0,0.0,0.0,0.0,0.0,0.0,0.0,0.0,0.0,-7.03125,1.75041,0.0178673,0.140658,IncreaseAngularVelocity,extended
16.4278,642,0.0,0.0,0.0,0.0,0.0,0.0,0.0,0.0,0.0,0.0,-6.67969,3.19609,0.0129973,0.143496,IncreaseAngularVelocity,seated
16.5063,643,0.0,0.0,0.0,0.0,0.0,0.0,0.0,0.0,0.0,0.0,-6.50391,3.14742,0.0129973,0.143496,IncreaseAngularVelocity,seated
16.5829,644,0.0,0.0,0.0,0.0,0.0,0.0,0.0,0.0,0.0,0.0,-6.15234,3.76754,0.0129973,0.143496,IncreaseAngularVelocity,seated
16.6679,645,0.0,0.0,0.0,0.0,0.0,0.0,0.0,0.0,0.0,0.0,-5.97656,3.56808,0.0129973,0.143496,IncreaseAngularVelocity,seated
16.7686,646,0.0,0.0,0.0,0.0,0.0,0.0,0.0,0.0,0.0,0.0,-5.44922,3.71884,0.0129973,0.143496,IncreaseAngularVelocity,seated
16.8551,647,0.0,0.0,0.0,0.0,0.0,0.0,0.0,0.0,0.0,0.0,-4.74609,4.52561,0.0129973,0.143496,IncreaseAngularVelocity,seated
16.9429,648,0.0,0.0,0.0,0.0,0.0,0.0,0.0,0.0,0.0,0.0,-3.51562,6.84395,0.0129973,0.143496,IncreaseAngularVelocity,seated
17.0249,649,0.0,0.0,0.0,0.0,0.0,0.0,0.0,0.0,0.0,0.0,-1.23047,11.1353,0.0129973,0.143496,IncreaseAngularVelocity,seated
17.1079,650,0.0,0.0,0.0,0.0,0.0,0.0,0.0,0.0,0.0,0.0,1.75781,17.578,0.0129973,0.143496,IncreaseAngularVelocity,seated
17.1951,651,0.0,0.0,0.0,0.0,0.0,0.0,0.0,0.0,0.0,0.0,4.74609,23.9049,0.0129973,0.143496,IncreaseAngularVelocity,seated
17.2151,652,0.0,0.0,0.0,0.0,0.0,0.0,0.0,0.0,0.0,0.0,5.44922,28.3146,0.0129973,0.143496,IncreaseAngularVelocity,seated
17.2352,653,0.0,0.0,0.0,0.0,0.0,0.0,0.0,0.0,0.0,0.0,5.80078,31.8735,0.0129973,0.143496,IncreaseAngularVelocity,seated
17.2553,654,0.0,0.0,0.0,0.0,0.0,0.0,0.0,0.0,0.0,0.0,6.50391,33.5737,0.0129973,0.143496,IncreaseAngularVelocity,seated
17.2754,655,0.0,0.0,0.0,0.0,0.0,0.0,0.0,0.0,0.0,0.0,6.85547,30.4423,0.0129973,0.143496,IncreaseAngularVelocity,seated
17.2955,656,0.0,0.0,0.0,0.0,0.0,0.0,0.0,0.0,0.0,0.0,7.38281,26.2594,0.0129973,0.143496,IncreaseAngularVelocity,seated
17.3156,657,0.0,0.0,0.0,0.0,0.0,0.0,0.0,0.0,0.0,0.0,7.73438,22.7567,0.0129973,0.143496,IncreaseAngularVelocity,seated
17.3356,658,0.0,0.0,0.0,0.0,0.0,0.0,0.0,0.0,0.0,0.0,8.08594,22.7559,0.0129973,0.143496,IncreaseAngularVelocity,seated
17.3557,659,0.0,0.0,0.0,0.0,0.0,0.0,0.0,0.0,0.0,0.0,8.26172,17.5046,0.0129973,0.143496,IncreaseAngularVelocity,seated
17.3758,660,0.0,0.0,0.0,0.0,0.0,0.0,0.0,0.0,0.0,0.0,8.61328,17.5049,0.0129973,0.143496,IncreaseAngularVelocity,seated
17.3959,661,0.0,0.0,0.0,0.0,0.0,0.0,0.0,0.0,0.0,0.0,8.61328,12.2535,0.0129973,0.143496,IncreaseAngularVelocity,seated
17.416,662,0.0,0.0,0.0,0.0,0.0,0.0,0.0,0.0,0.0,0.0,8.96484,12.2521,0.0129973,0.143496,IncreaseAngularVelocity,seated
17.4361,663,0.0,0.0,0.0,0.0,0.0,0.0,0.0,0.0,0.0,0.0,8.96484,8.75149,0.0129973,0.143496,IncreaseAngularVelocity,seated
17.4562,664,0.0,0.0,0.0,0.0,0.0,0.0,0.0,0.0,0.0,0.0,9.14062,8.75197,0.0129973,0.143496,IncreaseAngularVelocity,seated
17.4762,665,0.0,0.0,0.0,0.0,0.0,0.0,0.0,0.0,0.0,0.0,9.14062,5.25096,0.0129973,0.143496,IncreaseAngularVelocity,seated
17.4963,666,0.0,0.0,0.0,0.0,0.0,0.0,0.0,0.0,0.0,0.0,9.14062,5.25102,0.0129973,0.143496,IncreaseAngularVelocity,seated
17.5164,667,0.0,0.0,0.0,0.0,0.0,0.0,0.0,0.0,0.0,0.0,9.14062,1.75037,0.0129973,0.143496,IncreaseAngularVelocity,seated
17.5365,668,0.0,0.0,0.0,0.0,0.0,0.0,0.0,0.0,0.0,0.0,9.31641,3.50076,0.0129973,0.143496,IncreaseAngularVelocity,seated
17.5566,669,0.0,0.0,0.0,0.0,0.0,0.0,0.0,0.0,0.0,0.0,9.31641,1.75025,0.0129973,0.143496,IncreaseAngularVelocity,seated
17.5767,670,0.0,0.0,0.0,0.0,0.0,0.0,0.0,0.0,0.0,0.0,9.31641,1.75022,0.0129973,0.143496,IncreaseAngularVelocity,seated
17.5968,671,0.0,0.0,0.0,0.0,0.0,0.0,0.0,0.0,0.0,0.0,9.31641,1.7503,0.0129973,0.143496,IncreaseAngularVelocity,seated
17.6168,672,0.0,0.0,0.0,0.0,0.0,0.0,0.0,0.0,0.0,0.0,9.31641,1.75042,0.0129973,0.143496,IncreaseAngularVelocity,seated
17.6369,673,0.0,0.0,0.0,0.0,0.0,0.0,0.0,0.0,0.0,0.0,9.14062,-1.75046,0.0129973,0.143496,IncreaseAngularVelocity,seated
17.7346,674,0.0,0.0,0.0,0.0,0.0,0.0,0.0,0.0,0.0,0.0,8.78906,-2.9628,0.0178673,0.140658,IncreaseAngularVelocity,extended
17.8237,675,0.0,0.0,0.0,0.0,0.0,0.0,0.0,0.0,0.0,0.0,8.26172,-4.2698,0.0178673,0.140658,IncreaseAngularVelocity,extended
17.9078,676,0.0,0.0,0.0,0.0,0.0,0.0,0.0,0.0,0.0,0.0,6.50391,-9.04156,0.0178673,0.140658,IncreaseAngularVelocity,extended
17.9924,677,0.0,0.0,0.0,0.0,0.0,0.0,0.0,0.0,0.0,0.0,4.57031,-12.6374,0.0178673,0.140658,IncreaseAngularVelocity,extended
18.0737,678,0.0,0.0,0.0,0.0,0.0,0.0,0.0,0.0,0.0,0.0,3.33984,-13.2812,0.0178673,0.140658,IncreaseAngularVelocity,extended
18.1554,679,0.0,0.0,0.0,0.0,0.0,0.0,0.0,0.0,0.0,0.0,2.63672,-14.6199,0.0178673,0.140658,IncreaseAngularVelocity,extended
18.236,680,0.0,0.0,0.0,0.0,0.0,0.0,0.0,0.0,0.0,0.0,1.05469,-17.4814,0.0178673,0.140658,IncreaseAngularVelocity,extended
18.3162,681,0.0,0.0,0.0,0.0,0.0,0.0,0.0,0.0,0.0,0.0,-1.05469,-18.5102,0.0178673,0.140658,IncreaseAngularVelocity,extended
18.3996,682,0.0,0.0,0.0,0.0,0.0,0.0,0.0,0.0,0.0,0.0,-4.21875,-21.5857,0.0178673,0.140658,IncreaseAngularVelocity,extended
18.4197,683,0.0,0.0,0.0,0.0,0.0,0.0,0.0,0.0,0.0,0.0,-4.92188,-23.8799,0.0178673,0.140658,IncreaseAngularVelocity,extended
18.4397,684,0.0,0.0,0.0,0.0,0.0,0.0,0.0,0.0,0.0,0.0,-5.80078,-29.6733,0.0178673,0.140658,IncreaseAngularVelocity,extended
18.4598,685,0.0,0.0,0.0,0.0,0.0,0.0,0.0,0.0,0.0,0.0,-6.67969,-34.5491,0.0178673,0.140658,IncreaseAngularVelocity,extended
18.4799,686,0.0,0.0,0.0,0.0,0.0,0.0,0.0,0.0,0.0,0.0,-7.38281,-38.6467,0.0178673,0.140658,IncreaseAngularVelocity,extended
18.5,687,0.0,0.0,0.0,0.0,0.0,0.0,0.0,0.0,0.0,0.0,-8.08594,-38.5085,0.0178673,0.140658,IncreaseAngularVelocity,extended
18.5201,688,0.0,0.0,0.0,0.0,0.0,0.0,0.0,0.0,0.0,0.0,-8.78906,-38.5086,0.0178673,0.140658,IncreaseAngularVelocity,extended
18.5402,689,0.0,0.0,0.0,0.0,0.0,0.0,0.0,0.0,0.0,0.0,-9.31641,-35.0066,0.0178673,0.140658,IncreaseAngularVelocity,extended
18.5602,690,0.0,0.0,0.0,0.0,0.0,0.0,0.0,0.0,0.0,0.0,-10.0195,-33.2551,0.0178673,0.140658,IncreaseAngularVelocity,extended
18.5803,691,0.0,0.0,0.0,0.0,0.0,0.0,0.0,0.0,0.0,0.0,-10.3711,-29.7556,0.0178673,0.140658,IncreaseAngularVelocity,extended
18.6004,692,0.0,0.0,0.0,0.0,0.0,0.0,0.0,0.0,0.0,0.0,-10.8984,-28.0078,0.0178673,0.140658,IncreaseAngularVelocity,extended
18.6205,693,0.0,0.0,0.0,0.0,0.0,0.0,0.0,0.0,0.0,0.0,-11.25,-24.5074,0.0178673,0.140658,IncreaseAngularVelocity,extended
18.6406,694,0.0,0.0,0.0,0.0,0.0,0.0,0.0,0.0,0.0,0.0,-11.6016,-22.7569,0.0178673,0.140658,IncreaseAngularVelocity,extended
18.6607,695,0.0,0.0,0.0,0.0,0.0,0.0,0.0,0.0,0.0,0.0,-11.7773,-17.5052,0.0178673,0.140658,IncreaseAngularVelocity,extended
18.6807,696,0.0,0.0,0.0,0.0,0.0,0.0,0.0,0.0,0.0,0.0,-11.9531,-15.7544,0.0178673,0.140658,IncreaseAngularVelocity,extended
18.7008,697,0.0,0.0,0.0,0.0,0.0,0.0,0.0,0.0,0.0,0.0,-12.1289,-12.253,0.0178673,0.140658,IncreaseAngularVelocity,extended
18.7209,698,0.0,0.0,0.0,0.0,0.0,0.0,0.0,0.0,0.0,0.0,-12.1289,-8.75212,0.0178673,0.140658,IncreaseAngularVelocity,extended
18.741,699,0.0,0.0,0.0,0.0,0.0,0.0,0.0,0.0,0.0,0.0,-12.1289,-5.25134,0.0178673,0.140658,IncreaseAngularVelocity,extended
18.7611,700,0.0,0.0,0.0,0.0,0.0,0.0,0.0,0.0,0.0,0.0,-11.9531,-1.75042,0.0178673,0.140658,IncreaseAngularVelocity,extended
18.8427,701,0.0,0.0,0.0,0.0,0.0,0.0,0.0,0.0,0.0,0.0,-11.0742,5.42739,0.0129973,0.143496,IncreaseAngularVelocity,seated
18.9201,702,0.0,0.0,0.0,0.0,0.0,0.0,0.0,0.0,0.0,0.0,-9.84375,10.4228,0.0129973,0.143496,IncreaseAngularVelocity,seated
19.0052,703,0.0,0.0,0.0,0.0,0.0,0.0,0.0,0.0,0.0,0.0,-8.61328,12.3671,0.0129973,0.143496,IncreaseAngularVelocity,seated
19.0901,704,0.0,0.0,0.0,0.0,0.0,0.0,0.0,0.0,0.0,0.0,-7.91016,12.0857,0.0129973,0.143496,IncreaseAngularVelocity,seated
19.1767,705,0.0,0.0,0.0,0.0,0.0,0.0,0.0,0.0,0.0,0.0,-7.03125,11.8427,0.0129973,0.143496,IncreaseAngularVelocity,seated
19.2666,706,0.0,0.0,0.0,0.0,0.0,0.0,0.0,0.0,0.0,0.0,-7.20703,9.12315,0.0129973,0.143496,IncreaseAngularVelocity,seated
19.2867,707,0.0,0.0,0.0,0.0,0.0,0.0,0.0,0.0,0.0,0.0,-7.38281,6.7132,0.0129973,0.143496,IncreaseAngularVelocity,seated
19.3067,708,0.0,0.0,0.0,0.0,0.0,0.0,0.0,0.0,0.0,0.0,-7.38281,4.08037,0.0129973,0.143496,IncreaseAngularVelocity,seated
19.3268,709,0.0,0.0,0.0,0.0,0.0,0.0,0.0,0.0,0.0,0.0,-7.20703,2.96983,0.0129973,0.143496,IncreaseAngularVelocity,seated
19.4254,710,0.0,0.0,0.0,0.0,0.0,0.0,0.0,0.0,0.0,0.0,-5.44922,6.35983,0.0129973,0.143496,IncreaseAngularVelocity,seated
19.5094,711,0.0,0.0,0.0,0.0,0.0,0.0,0.0,0.0,0.0,0.0,-2.63672,18.8223,0.0129973,0.143496,IncreaseAngularVelocity,seated
19.6048,712,0.0,0.0,0.0,0.0,0.0,0.0,0.0,0.0,0.0,0.0,2.10938,29.835,0.0129973,0.143496,IncreaseAngularVelocity,seated
19.6889,713,0.0,0.0,0.0,0.0,0.0,0.0,0.0,0.0,0.0,0.0,5.80078,34.4945,0.0129973,0.143496,IncreaseAngularVelocity,seated
19.709,714,0.0,0.0,0.0,0.0,0.0,0.0,0.0,0.0,0.0,0.0,6.67969,36.3338,0.0129973,0.143496,IncreaseAngularVelocity,seated
19.7291,715,0.0,0.0,0.0,0.0,0.0,0.0,0.0,0.0,0.0,0.0,7.38281,42.2567,0.0129973,0.143496,IncreaseAngularVelocity,seated
19.7492,716,0.0,0.0,0.0,0.0,0.0,0.0,0.0,0.0,0.0,0.0,8.08594,44.7141,0.0129973,0.143496,IncreaseAngularVelocity,seated
19.7693,717,0.0,0.0,0.0,0.0,0.0,0.0,0.0,0.0,0.0,0.0,8.78906,40.6158,0.0129973,0.143496,IncreaseAngularVelocity,seated
19.7894,718,0.0,0.0,0.0,0.0,0.0,0.0,0.0,0.0,0.0,0.0,9.49219,36.7601,0.0129973,0.143496,IncreaseAngularVelocity,seated
19.8094,719,0.0,0.0,0.0,0.0,0.0,0.0,0.0,0.0,0.0,0.0,9.84375,31.5094,0.0129973,0.143496,IncreaseAngularVelocity,seated
19.8295,720,0.0,0.0,0.0,0.0,0.0,0.0,0.0,0.0,0.0,0.0,10.1953,28.0076,0.0129973,0.143496,IncreaseAngularVelocity,seated
19.8496,721,0.0,0.0,0.0,0.0,0.0,0.0,0.0,0.0,0.0,0.0,10.5469,24.5063,0.0129973,0.143496,IncreaseAngularVelocity,seated
19.8697,722,0.0,0.0,0.0,0.0,0.0,0.0,0.0,0.0,0.0,0.0,10.8984,21.0059,0.0129973,0.143496,IncreaseAngularVelocity,seated
19.8898,723,0.0,0.0,0.0,0.0,0.0,0.0,0.0,0.0,0.0,0.0,10.8984,14.0033,0.0129973,0.143496,IncreaseAngularVelocity,seated
19.9099,724,0.0,0.0,0.0,0.0,0.0,0.0,0.0,0.0,0.0,0.0,11.0742,12.2533,0.0129973,0.143496,IncreaseAngularVelocity,seated
19.9299,725,0.0,0.0,0.0,0.0,0.0,0.0,0.0,0.0,0.0,0.0,10.8984,7.00239,0.0129973,0.143496,IncreaseAngularVelocity,seated
20.0135,726,0.0,0.0,0.0,0.0,0.0,0.0,0.0,0.0,0.0,0.0,10.1953,-2.14485,0.0178673,0.140658,IncreaseAngularVelocity,extended
20.0986,727,0.0,0.0,0.0,0.0,0.0,0.0,0.0,0.0,0.0,0.0,9.49219,-6.14418,0.0178673,0.140658,IncreaseAngularVelocity,extended
20.2193,728,0.0,0.0,0.0,0.0,0.0,0.0,0.0,0.0,0.0,0.0,7.38281,-10.6692,0.0178673,0.140658,IncreaseAngularVelocity,extended
20.3051,729,0.0,0.0,0.0,0.0,0.0,0.0,0.0,0.0,0.0,0.0,7.03125,-10.2296,0.0178673,0.140658,IncreaseAngularVelocity,extended
20.3856,730,0.0,0.0,0.0,0.0,0.0,0.0,0.0,0.0,0.0,0.0,7.55859,-7.33023,0.0178673,0.140658,IncreaseAngularVelocity,extended
20.4056,731,0.0,0.0,0.0,0.0,0.0,0.0,0.0,0.0,0.0,0.0,7.91016,-5.82765,0.0178673,0.140658,IncreaseAngularVelocity,extended
20.4257,732,0.0,0.0,0.0,0.0,0.0,0.0,0.0,0.0,0.0,0.0,8.08594,-4.29828,0.0178673,0.140658,IncreaseAngularVelocity,extended
20.4458,733,0.0,0.0,0.0,0.0,0.0,0.0,0.0,0.0,0.0,0.0,8.4375,4.65591,0.0178673,0.140658,IncreaseAngularVelocity,extended
20.4659,734,0.0,0.0,0.0,0.0,0.0,0.0,0.0,0.0,0.0,0.0,8.61328,9.83712,0.0178673,0.140658,IncreaseAngularVelocity,extended
20.486,735,0.0,0.0,0.0,0.0,0.0,0.0,0.0,0.0,0.0,0.0,8.61328,10.5024,0.0178673,0.140658,IncreaseAngularVelocity,extended
20.5061,736,0.0,0.0,0.0,0.0,0.0,0.0,0.0,0.0,0.0,0.0,8.61328,7.00153,0.0178673,0.140658,IncreaseAngularVelocity,extended
20.5262,737,0.0,0.0,0.0,0.0,0.0,0.0,0.0,0.0,0.0,0.0,8.61328,5.25121,0.0178673,0.140658,IncreaseAngularVelocity,extended
20.5462,738,0.0,0.0,0.0,0.0,0.0,0.0,0.0,0.0,0.0,0.0,8.61328,1.75058,0.0178673,0.140658,IncreaseAngularVelocity,extended
20.5663,739,0.0,0.0,0.0,0.0,0.0,0.0,0.0,0.0,0.0,0.0,8.61328,0.0,0.0178673,0.140658,IncreaseAngularVelocity,extended
20.5864,740,0.0,0.0,0.0,0.0,0.0,0.0,0.0,0.0,0.0,0.0,8.4375,-1.75077,0.0178673,0.140658,IncreaseAngularVelocity,extended
20.6699,741,0.0,0.0,0.0,0.0,0.0,0.0,0.0,0.0,0.0,0.0,6.50391,-12.8719,0.0178673,0.140658,IncreaseAngularVelocity,extended
20.7561,742,0.0,0.0,0.0,0.0,0.0,0.0,0.0,0.0,0.0,0.0,2.8125,-25.2296,0.0178673,0.140658,IncreaseAngularVelocity,extended
20.8452,743,0.0,0.0,0.0,0.0,0.0,0.0,0.0,0.0,0.0,0.0,-2.10938,-35.8664,0.0178673,0.140658,IncreaseAngularVelocity,extended
20.9427,744,0.0,0.0,0.0,0.0,0.0,0.0,0.0,0.0,0.0,0.0,-6.85547,-41.099,0.0178673,0.140658,IncreaseAngularVelocity,extended
20.9628,745,0.0,0.0,0.0,0.0,0.0,0.0,0.0,0.0,0.0,0.0,-7.73438,-42.967,0.0178673,0.140658,IncreaseAngularVelocity,extended
20.9829,746,0.0,0.0,0.0,0.0,0.0,0.0,0.0,0.0,0.0,0.0,-8.61328,-48.3116,0.0178673,0.140658,IncreaseAngularVelocity,extended
21.0029,747,0.0,0.0,0.0,0.0,0.0,0.0,0.0,0.0,0.0,0.0,-9.31641,-49.1321,0.0178673,0.140658,IncreaseAngularVelocity,extended
21.023,748,0.0,0.0,0.0,0.0,0.0,0.0,0.0,0.0,0.0,0.0,-10.0195,-44.4885,0.0178673,0.140658,IncreaseAngularVelocity,extended
21.0431,749,0.0,0.0,0.0,0.0,0.0,0.0,0.0,0.0,0.0,0.0,-10.5469,-36.771,0.0178673,0.140658,IncreaseAngularVelocity,extended
21.0632,750,0.0,0.0,0.0,0.0,0.0,0.0,0.0,0.0,0.0,0.0,-11.0742,-33.2695,0.0178673,0.140658,IncreaseAngularVelocity,extended
21.0832,751,0.0,0.0,0.0,0.0,0.0,0.0,0.0,0.0,0.0,0.0,-11.25,-26.2663,0.0178673,0.140658,IncreaseAngularVelocity,extended
21.1033,752,0.0,0.0,0.0,0.0,0.0,0.0,0.0,0.0,0.0,0.0,-11.4258,-21.014,0.0178673,0.140658,IncreaseAngularVelocity,extended
21.1234,753,0.0,0.0,0.0,0.0,0.0,0.0,0.0,0.0,0.0,0.0,-11.6016,-15.7567,0.0178673,0.140658,IncreaseAngularVelocity,extended
21.1435,754,0.0,0.0,0.0,0.0,0.0,0.0,0.0,0.0,0.0,0.0,-11.7773,-12.2548,0.0178673,0.140658,IncreaseAngularVelocity,extended
21.1636,755,0.0,0.0,0.0,0.0,0.0,0.0,0.0,0.0,0.0,0.0,-11.7773,-7.00274,0.0178673,0.140658,IncreaseAngularVelocity,extended
21.1837,756,0.0,0.0,0.0,0.0,0.0,0.0,0.0,0.0,0.0,0.0,-11.6016,-3.50122,0.0178673,0.140658,IncreaseAngularVelocity,extended
21.2719,757,0.0,0.0,0.0,0.0,0.0,0.0,0.0,0.0,0.0,0.0,-10.3711,6.25465,0.0129973,0.143496,IncreaseAngularVelocity,seated
21.3558,758,0.0,0.0,0.0,0.0,0.0,0.0,0.0,0.0,0.0,0.0,-8.96484,11.345,0.0129973,0.143496,IncreaseAngularVelocity,seated
21.4577,759,0.0,0.0,0.0,0.0,0.0,0.0,0.0,0.0,0.0,0.0,-8.08594,11.7484,0.0129973,0.143496,IncreaseAngularVelocity,seated
21.5412,760,0.0,0.0,0.0,0.0,0.0,0.0,0.0,0.0,0.0,0.0,-7.91016,10.2408,0.0129973,0.143496,IncreaseAngularVelocity,seated
21.6249,761,0.0,0.0,0.0,0.0,0.0,0.0,0.0,0.0,0.0,0.0,-7.91016,8.36507,0.0129973,0.143496,IncreaseAngularVelocity,seated
21.645,762,0.0,0.0,0.0,0.0,0.0,0.0,0.0,0.0,0.0,0.0,-8.26172,5.65436,0.0129973,0.143496,IncreaseAngularVelocity,seated
21.6651,763,0.0,0.0,0.0,0.0,0.0,0.0,0.0,0.0,0.0,0.0,-8.4375,1.70517,0.0129973,0.143496,IncreaseAngularVelocity,seated
21.6852,764,0.0,0.0,0.0,0.0,0.0,0.0,0.0,0.0,0.0,0.0,-8.78906,-3.09106,0.0129973,0.143496,IncreaseAngularVelocity,seated
21.7052,765,0.0,0.0,0.0,0.0,0.0,0.0,0.0,0.0,0.0,0.0,-9.31641,-8.57224,0.0129973,0.143496,IncreaseAngularVelocity,seated
21.7253,766,0.0,0.0,0.0,0.0,0.0,0.0,0.0,0.0,0.0,0.0,-9.84375,-19.2614,0.0129973,0.143496,IncreaseAngularVelocity,seated
21.7454,767,0.0,0.0,0.0,0.0,0.0,0.0,0.0,0.0,0.0,0.0,-10.0195,-17.5054,0.0129973,0.143496,IncreaseAngularVelocity,seated
21.7655,768,0.0,0.0,0.0,0.0,0.0,0.0,0.0,0.0,0.0,0.0,-10.0195,-15.7543,0.0129973,0.143496,IncreaseAngularVelocity,seated
21.7856,769,0.0,0.0,0.0,0.0,0.0,0.0,0.0,0.0,0.0,0.0,-9.84375,-10.5024,0.0129973,0.143496,IncreaseAngularVelocity,seated
21.8692,770,0.0,0.0,0.0,0.0,0.0,0.0,0.0,0.0,0.0,0.0,-9.31641,0.0,0.0129973,0.143496,IncreaseAngularVelocity,seated
21.9584,771,0.0,0.0,0.0,0.0,0.0,0.0,0.0,0.0,0.0,0.0,-6.85547,12.8221,0.0129973,0.143496,IncreaseAngularVelocity,seated
22.0465,772,0.0,0.0,0.0,0.0,0.0,0.0,0.0,0.0,0.0,0.0,-2.8125,23.9404,0.0129973,0.143496,IncreaseAngularVelocity,seated
22.1372,773,0.0,0.0,0.0,0.0,0.0,0.0,0.0,0.0,0.0,0.0,2.63672,34.0495,0.0129973,0.143496,IncreaseAngularVelocity,seated
22.2244,774,0.0,0.0,0.0,0.0,0.0,0.0,0.0,0.0,0.0,0.0,6.50391,37.2543,0.0129973,0.143496,IncreaseAngularVelocity,seated
22.2445,775,0.0,0.0,0.0,0.0,0.0,0.0,0.0,0.0,0.0,0.0,7.38281,44.4981,0.0129973,0.143496,IncreaseAngularVelocity,seated
22.2646,776,0.0,0.0,0.0,0.0,0.0,0.0,0.0,0.0,0.0,0.0,8.08594,48.799,0.0129973,0.143496,IncreaseAngularVelocity,seated
22.2847,777,0.0,0.0,0.0,0.0,0.0,0.0,0.0,0.0,0.0,0.0,8.61328,47.9669,0.0129973,0.143496,IncreaseAngularVelocity,seated
22.3047,778,0.0,0.0,0.0,0.0,0.0,0.0,0.0,0.0,0.0,0.0,9.14062,38.8202,0.0129973,0.143496,IncreaseAngularVelocity,seated
22.3248,779,0.0,0.0,0.0,0.0,0.0,0.0,0.0,0.0,0.0,0.0,9.66797,31.5045,0.0129973,0.143496,IncreaseAngularVelocity,seated
22.3449,780,0.0,0.0,0.0,0.0,0.0,0.0,0.0,0.0,0.0,0.0,10.1953,28.0049,0.0129973,0.143496,IncreaseAngularVelocity,seated
22.365,781,0.0,0.0,0.0,0.0,0.0,0.0,0.0,0.0,0.0,0.0,10.3711,22.754,0.0129973,0.143496,IncreaseAngularVelocity,seated
22.3851,782,0.0,0.0,0.0,0.0,0.0,0.0,0.0,0.0,0.0,0.0,10.7227,21.0051,0.0129973,0.143496,IncreaseAngularVelocity,seated
22.4052,783,0.0,0.0,0.0,0.0,0.0,0.0,0.0,0.0,0.0,0.0,10.8984,17.5043,0.0129973,0.143496,IncreaseAngularVelocity,seated
22.4252,784,0.0,0.0,0.0,0.0,0.0,0.0,0.0,0.0,0.0,0.0,10.7227,10.503,0.0129973,0.143496,IncreaseAngularVelocity,seated
22.5192,785,0.0,0.0,0.0,0.0,0.0,0.0,0.0,0.0,0.0,0.0,9.84375,-2.01703,0.0178673,0.140658,IncreaseAngularVelocity,extended
22.6098,786,0.0,0.0,0.0,0.0,0.0,0.0,0.0,0.0,0.0,0.0,8.78906,-6.46178,0.0178673,0.140658,IncreaseAngularVelocity,extended
22.6976,787,0.0,0.0,0.0,0.0,0.0,0.0,0.0,0.0,0.0,0.0,7.20703,-11.25,0.0178673,0.140658,IncreaseAngularVelocity,extended
22.7814,788,0.0,0.0,0.0,0.0,0.0,0.0,0.0,0.0,0.0,0.0,6.85547,-10.7457,0.0178673,0.140658,IncreaseAngularVelocity,extended
22.8691,789,0.0,0.0,0.0,0.0,0.0,0.0,0.0,0.0,0.0,0.0,6.32812,-9.90126,0.0178673,0.140658,IncreaseAngularVelocity,extended
22.9523,790,0.0,0.0,0.0,0.0,0.0,0.0,0.0,0.0,0.0,0.0,8.4375,-3.24679,0.0178673,0.140658,IncreaseAngularVelocity,extended
22.9724,791,0.0,0.0,0.0,0.0,0.0,0.0,0.0,0.0,0.0,0.0,8.96484,0.484797,0.0178673,0.140658,IncreaseAngularVelocity,extended
22.9925,792,0.0,0.0,0.0,0.0,0.0,0.0,0.0,0.0,0.0,0.0,9.14062,6.55646,0.0178673,0.140658,IncreaseAngularVelocity,extended
23.0126,793,0.0,0.0,0.0,0.0,0.0,0.0,0.0,0.0,0.0,0.0,9.31641,10.6454,0.0178673,0.140658,IncreaseAngularVelocity,extended
23.0326,794,0.0,0.0,0.0,0.0,0.0,0.0,0.0,0.0,0.0,0.0,9.49219,19.3437,0.0178673,0.140658,IncreaseAngularVelocity,extended
23.0527,795,0.0,0.0,0.0,0.0,0.0,0.0,0.0,0.0,0.0,0.0,9.49219,10.5048,0.0178673,0.140658,IncreaseAngularVelocity,extended
23.0728,796,0.0,0.0,0.0,0.0,0.0,0.0,0.0,0.0,0.0,0.0,9.66797,7.00341,0.0178673,0.140658,IncreaseAngularVelocity,extended
23.0929,797,0.0,0.0,0.0,0.0,0.0,0.0,0.0,0.0,0.0,0.0,9.84375,7.00357,0.0178673,0.140658,IncreaseAngularVelocity,extended
23.113,798,0.0,0.0,0.0,0.0,0.0,0.0,0.0,0.0,0.0,0.0,9.66797,3.50125,0.0178673,0.140658,IncreaseAngularVelocity,extended
23.1968,799,0.0,0.0,0.0,0.0,0.0,0.0,0.0,0.0,0.0,0.0,8.08594,-8.56571,0.0178673,0.140658,IncreaseAngularVelocity,extended
23.2793,800,0.0,0.0,0.0,0.0,0.0,0.0,0.0,0.0,0.0,0.0,5.09766,-19.3934,0.0178673,0.140658,IncreaseAngularVelocity,extended
23.3597,801,0.0,0.0,0.0,0.0,0.0,0.0,0.0,0.0,0.0,0.0,0.527344,-31.8607,0.0178673,0.140658,IncreaseAngularVelocity,extended
23.4491,802,0.0,0.0,0.0,0.0,0.0,0.0,0.0,0.0,0.0,0.0,-4.92188,-41.4538,0.0178673,0.140658,IncreaseAngularVelocity,extended
23.5387,803,0.0,0.0,0.0,0.0,0.0,0.0,0.0,0.0,0.0,0.0,-9.14062,-44.1813,0.0178673,0.140658,IncreaseAngularVelocity,extended
23.5588,804,0.0,0.0,0.0,0.0,0.0,0.0,0.0,0.0,0.0,0.0,-9.84375,-49.5355,0.0178673,0.140658,IncreaseAngularVelocity,extended
23.5789,805,0.0,0.0,0.0,0.0,0.0,0.0,0.0,0.0,0.0,0.0,-10.5469,-52.2305,0.0178673,0.140658,IncreaseAngularVelocity,extended
23.5989,806,0.0,0.0,0.0,0.0,0.0,0.0,0.0,0.0,0.0,0.0,-11.0742,-48.4937,0.0178673,0.140658,IncreaseAngularVelocity,extended
23.619,807,0.0,0.0,0.0,0.0,0.0,0.0,0.0,0.0,0.0,0.0,-11.4258,-38.2715,0.0178673,0.140658,IncreaseAngularVelocity,extended
23.6391,808,0.0,0.0,0.0,0.0,0.0,0.0,0.0,0.0,0.0,0.0,-11.7773,-26.2612,0.0178673,0.140658,IncreaseAngularVelocity,extended
23.6592,809,0.0,0.0,0.0,0.0,0.0,0.0,0.0,0.0,0.0,0.0,-12.1289,-22.7603,0.0178673,0.140658,IncreaseAngularVelocity,extended
23.6793,810,0.0,0.0,0.0,0.0,0.0,0.0,0.0,0.0,0.0,0.0,-12.3047,-17.5065,0.0178673,0.140658,IncreaseAngularVelocity,extended
23.6993,811,0.0,0.0,0.0,0.0,0.0,0.0,0.0,0.0,0.0,0.0,-12.3047,-12.2547,0.0178673,0.140658,IncreaseAngularVelocity,extended
23.7194,812,0.0,0.0,0.0,0.0,0.0,0.0,0.0,0.0,0.0,0.0,-12.4805,-10.5044,0.0178673,0.140658,IncreaseAngularVelocity,extended
23.7395,813,0.0,0.0,0.0,0.0,0.0,0.0,0.0,0.0,0.0,0.0,-12.3047,-5.25197,0.0178673,0.140658,IncreaseAngularVelocity,extended
23.8298,814,0.0,0.0,0.0,0.0,0.0,0.0,0.0,0.0,0.0,0.0,-10.5469,9.271,0.0129973,0.143496,IncreaseAngularVelocity,seated
23.9184,815,0.0,0.0,0.0,0.0,0.0,0.0,0.0,0.0,0.0,0.0,-8.96484,13.9664,0.0129973,0.143496,IncreaseAngularVelocity,seated
24.0021,816,0.0,0.0,0.0,0.0,0.0,0.0,0.0,0.0,0.0,0.0,-7.73438,15.0968,0.0129973,0.143496,IncreaseAngularVelocity,seated
24.0926,817,0.0,0.0,0.0,0.0,0.0,0.0,0.0,0.0,0.0,0.0,-7.38281,13.6612,0.0129973,0.143496,IncreaseAngularVelocity,seated
24.1761,818,0.0,0.0,0.0,0.0,0.0,0.0,0.0,0.0,0.0,0.0,-7.03125,12.0792,0.0129973,0.143496,IncreaseAngularVelocity,seated
24.2624,819,0.0,0.0,0.0,0.0,0.0,0.0,0.0,0.0,0.0,0.0,-8.26172,5.28217,0.0129973,0.143496,IncreaseAngularVelocity,seated
24.2825,820,0.0,0.0,0.0,0.0,0.0,0.0,0.0,0.0,0.0,0.0,-8.78906,0.48276,0.0129973,0.143496,IncreaseAngularVelocity,seated
24.3026,821,0.0,0.0,0.0,0.0,0.0,0.0,0.0,0.0,0.0,0.0,-9.31641,-5.26431,0.0129973,0.143496,IncreaseAngularVelocity,seated
24.3227,822,0.0,0.0,0.0,0.0,0.0,0.0,0.0,0.0,0.0,0.0,-9.66797,-9.93063,0.0129973,0.143496,IncreaseAngularVelocity,seated
24.3428,823,0.0,0.0,0.0,0.0,0.0,0.0,0.0,0.0,0.0,0.0,-9.66797,-15.8182,0.0129973,0.143496,IncreaseAngularVelocity,seated
24.3629,824,0.0,0.0,0.0,0.0,0.0,0.0,0.0,0.0,0.0,0.0,-9.66797,-14.0045,0.0129973,0.143496,IncreaseAngularVelocity,seated
24.3829,825,0.0,0.0,0.0,0.0,0.0,0.0,0.0,0.0,0.0,0.0,-9.31641,-5.25136,0.0129973,0.143496,IncreaseAngularVelocity,seated
24.4956,826,0.0,0.0,0.0,0.0,0.0,0.0,0.0,0.0,0.0,0.0,-8.08594,6.37621,0.0129973,0.143496,IncreaseAngularVelocity,seated
24.5732,827,0.0,0.0,0.0,0.0,0.0,0.0,0.0,0.0,0.0,0.0,-5.27344,17.5421,0.0129973,0.143496,IncreaseAngularVelocity,seated
24.6733,828,0.0,0.0,0.0,0.0,0.0,0.0,0.0,0.0,0.0,0.0,0.175781,29.7803,0.0129973,0.143496,IncreaseAngularVelocity,seated
24.7582,829,0.0,0.0,0.0,0.0,0.0,0.0,0.0,0.0,0.0,0.0,4.92188,36.9031,0.0129973,0.143496,IncreaseAngularVelocity,seated
24.7783,830,0.0,0.0,0.0,0.0,0.0,0.0,0.0,0.0,0.0,0.0,5.80078,38.2373,0.0129973,0.143496,IncreaseAngularVelocity,seated
24.7984,831,0.0,0.0,0.0,0.0,0.0,0.0,0.0,0.0,0.0,0.0,6.85547,49.3456,0.0129973,0.143496,IncreaseAngularVelocity,seated
24.8185,832,0.0,0.0,0.0,0.0,0.0,0.0,0.0,0.0,0.0,0.0,7.73438,53.038,0.0129973,0.143496,IncreaseAngularVelocity,seated
24.8385,833,0.0,0.0,0.0,0.0,0.0,0.0,0.0,0.0,0.0,0.0,8.4375,50.0032,0.0129973,0.143496,IncreaseAngularVelocity,seated
24.8586,834,0.0,0.0,0.0,0.0,0.0,0.0,0.0,0.0,0.0,0.0,9.14062,42.0158,0.0129973,0.143496,IncreaseAngularVelocity,seated
24.8787,835,0.0,0.0,0.0,0.0,0.0,0.0,0.0,0.0,0.0,0.0,9.84375,40.265,0.0129973,0.143496,IncreaseAngularVelocity,seated
24.8988,836,0.0,0.0,0.0,0.0,0.0,0.0,0.0,0.0,0.0,0.0,10.3711,35.0128,0.0129973,0.143496,IncreaseAngularVelocity,seated
24.9189,837,0.0,0.0,0.0,0.0,0.0,0.0,0.0,0.0,0.0,0.0,10.8984,31.5126,0.0129973,0.143496,IncreaseAngularVelocity,seated
24.9389,838,0.0,0.0,0.0,0.0,0.0,0.0,0.0,0.0,0.0,0.0,11.25,28.0111,0.0129973,0.143496,IncreaseAngularVelocity,seated
24.959,839,0.0,0.0,0.0,0.0,0.0,0.0,0.0,0.0,0.0,0.0,11.6016,24.5087,0.0129973,0.143496,IncreaseAngularVelocity,seated
24.9791,840,0.0,0.0,0.0,0.0,0.0,0.0,0.0,0.0,0.0,0.0,11.7773,19.258,0.0129973,0.143496,IncreaseAngularVelocity,seated
24.9992,841,0.0,0.0,0.0,0.0,0.0,0.0,0.0,0.0,0.0,0.0,11.9531,15.7562,0.0129973,0.143496,IncreaseAngularVelocity,seated
25.0193,842,0.0,0.0,0.0,0.0,0.0,0.0,0.0,0.0,0.0,0.0,11.9531,10.5034,0.0129973,0.143496,IncreaseAngularVelocity,seated
25.0394,843,0.0,0.0,0.0,0.0,0.0,0.0,0.0,0.0,0.0,0.0,11.7773,5.25191,0.0129973,0.143496,IncreaseAngularVelocity,seated
25.1419,844,0.0,0.0,0.0,0.0,0.0,0.0,0.0,0.0,0.0,0.0,10.0195,-8.64864,0.0178673,0.140658,IncreaseAngularVelocity,extended
25.2581,845,0.0,0.0,0.0,0.0,0.0,0.0,0.0,0.0,0.0,0.0,7.91016,-13.8621,0.0178673,0.140658,IncreaseAngularVelocity,extended
25.341,846,0.0,0.0,0.0,0.0,0.0,0.0,0.0,0.0,0.0,0.0,6.50391,-15.9445,0.0178673,0.140658,IncreaseAngularVelocity,extended
25.4257,847,0.0,0.0,0.0,0.0,0.0,0.0,0.0,0.0,0.0,0.0,5.97656,-14.7054,0.0178673,0.140658,IncreaseAngularVelocity,extended
25.5352,848,0.0,0.0,0.0,0.0,0.0,0.0,0.0,0.0,0.0,0.0,5.97656,-11.6987,0.0178673,0.140658,IncreaseAngularVelocity,extended
25.5553,849,0.0,0.0,0.0,0.0,0.0,0.0,0.0,0.0,0.0,0.0,6.50391,-8.50548,0.0178673,0.140658,IncreaseAngularVelocity,extended
25.5754,850,0.0,0.0,0.0,0.0,0.0,0.0,0.0,0.0,0.0,0.0,7.38281,-1.66203,0.0178673,0.140658,IncreaseAngularVelocity,extended
25.5954,851,0.0,0.0,0.0,0.0,0.0,0.0,0.0,0.0,0.0,0.0,7.91016,5.52567,0.0178673,0.140658,IncreaseAngularVelocity,extended
25.6155,852,0.0,0.0,0.0,0.0,0.0,0.0,0.0,0.0,0.0,0.0,7.91016,10.1858,0.0178673,0.140658,IncreaseAngularVelocity,extended
25.6356,853,0.0,0.0,0.0,0.0,0.0,0.0,0.0,0.0,0.0,0.0,8.08594,21.0076,0.0178673,0.140658,IncreaseAngularVelocity,extended
25.6557,854,0.0,0.0,0.0,0.0,0.0,0.0,0.0,0.0,0.0,0.0,8.26172,17.5052,0.0178673,0.140658,IncreaseAngularVelocity,extended
25.6758,855,0.0,0.0,0.0,0.0,0.0,0.0,0.0,0.0,0.0,0.0,8.26172,8.75309,0.0178673,0.140658,IncreaseAngularVelocity,extended
25.6959,856,0.0,0.0,0.0,0.0,0.0,0.0,0.0,0.0,0.0,0.0,8.26172,3.50102,0.0178673,0.140658,IncreaseAngularVelocity,extended
25.7159,857,0.0,0.0,0.0,0.0,0.0,0.0,0.0,0.0,0.0,0.0,8.4375,5.25156,0.0178673,0.140658,IncreaseAngularVelocity,extended
25.736,858,0.0,0.0,0.0,0.0,0.0,0.0,0.0,0.0,0.0,0.0,8.26172,1.75096,0.0178673,0.140658,IncreaseAngularVelocity,extended
25.8158,859,0.0,0.0,0.0,0.0,0.0,0.0,0.0,0.0,0.0,0.0,6.50391,-10.9777,0.0178673,0.140658,IncreaseAngularVelocity,extended
25.9001,860,0.0,0.0,0.0,0.0,0.0,0.0,0.0,0.0,0.0,0.0,3.33984,-21.9428,0.0178673,0.140658,IncreaseAngularVelocity,extended
25.9948,861,0.0,0.0,0.0,0.0,0.0,0.0,0.0,0.0,0.0,0.0,-2.10938,-34.6913,0.0178673,0.140658,IncreaseAngularVelocity,extended
26.0891,862,0.0,0.0,0.0,0.0,0.0,0.0,0.0,0.0,0.0,0.0,-7.55859,-42.8691,0.0178673,0.140658,IncreaseAngularVelocity,extended
26.1092,863,0.0,0.0,0.0,0.0,0.0,0.0,0.0,0.0,0.0,0.0,-8.26172,-44.28,0.0178673,0.140658,IncreaseAngularVelocity,extended
26.1292,864,0.0,0.0,0.0,0.0,0.0,0.0,0.0,0.0,0.0,0.0,-9.31641,-50.4767,0.0178673,0.140658,IncreaseAngularVelocity,extended
26.1493,865,0.0,0.0,0.0,0.0,0.0,0.0,0.0,0.0,0.0,0.0,-10.3711,-55.0094,0.0178673,0.140658,IncreaseAngularVelocity,extended
26.1694,866,0.0,0.0,0.0,0.0,0.0,0.0,0.0,0.0,0.0,0.0,-11.25,-52.3527,0.0178673,0.140658,IncreaseAngularVelocity,extended
26.1895,867,0.0,0.0,0.0,0.0,0.0,0.0,0.0,0.0,0.0,0.0,-11.7773,-42.0126,0.0178673,0.140658,IncreaseAngularVelocity,extended
26.2096,868,0.0,0.0,0.0,0.0,0.0,0.0,0.0,0.0,0.0,0.0,-12.4805,-42.0137,0.0178673,0.140658,IncreaseAngularVelocity,extended
26.2297,869,0.0,0.0,0.0,0.0,0.0,0.0,0.0,0.0,0.0,0.0,-12.832,-35.014,0.0178673,0.140658,IncreaseAngularVelocity,extended
26.2497,870,0.0,0.0,0.0,0.0,0.0,0.0,0.0,0.0,0.0,0.0,-13.1836,-28.01,0.0178673,0.140658,IncreaseAngularVelocity,extended
26.2698,871,0.0,0.0,0.0,0.0,0.0,0.0,0.0,0.0,0.0,0.0,-13.3594,-21.0082,0.0178673,0.140658,IncreaseAngularVelocity,extended
26.2899,872,0.0,0.0,0.0,0.0,0.0,0.0,0.0,0.0,0.0,0.0,-13.5352,-17.5067,0.0178673,0.140658,IncreaseAngularVelocity,extended
26.31,873,0.0,0.0,0.0,0.0,0.0,0.0,0.0,0.0,0.0,0.0,-13.7109,-12.2537,0.0178673,0.140658,IncreaseAngularVelocity,extended
26.3301,874,0.0,0.0,0.0,0.0,0.0,0.0,0.0,0.0,0.0,0.0,-13.8867,-10.5027,0.0178673,0.140658,IncreaseAngularVelocity,extended
26.3502,875,0.0,0.0,0.0,0.0,0.0,0.0,0.0,0.0,0.0,0.0,-13.7109,-5.25163,0.0178673,0.140658,IncreaseAngularVelocity,extended
26.4446,876,0.0,0.0,0.0,0.0,0.0,0.0,0.0,0.0,0.0,0.0,-11.7773,9.05261,0.0129973,0.143496,IncreaseAngularVelocity,seated
26.5317,877,0.0,0.0,0.0,0.0,0.0,0.0,0.0,0.0,0.0,0.0,-9.31641,17.4476,0.0129973,0.143496,IncreaseAngularVelocity,seated
26.6187,878,0.0,0.0,0.0,0.0,0.0,0.0,0.0,0.0,0.0,0.0,-7.55859,19.9293,0.0129973,0.143496,IncreaseAngularVelocity,seated
26.7088,879,0.0,0.0,0.0,0.0,0.0,0.0,0.0,0.0,0.0,0.0,-6.50391,19.4924,0.0129973,0.143496,IncreaseAngularVelocity,seated
26.802,880,0.0,0.0,0.0,0.0,0.0,0.0,0.0,0.0,0.0,0.0,-5.44922,18.2863,0.0129973,0.143496,IncreaseAngularVelocity,seated
26.8857,881,0.0,0.0,0.0,0.0,0.0,0.0,0.0,0.0,0.0,0.0,-6.15234,12.7518,0.0129973,0.143496,IncreaseAngularVelocity,seated
26.9058,882,0.0,0.0,0.0,0.0,0.0,0.0,0.0,0.0,0.0,0.0,-6.67969,7.04866,0.0129973,0.143496,IncreaseAngularVelocity,seated
26.9259,883,0.0,0.0,0.0,0.0,0.0,0.0,0.0,0.0,0.0,0.0,-7.38281,0.572283,0.0129973,0.143496,IncreaseAngularVelocity,seated
26.9459,884,0.0,0.0,0.0,0.0,0.0,0.0,0.0,0.0,0.0,0.0,-7.55859,-4.44797,0.0129973,0.143496,IncreaseAngularVelocity,seated
26.966,885,0.0,0.0,0.0,0.0,0.0,0.0,0.0,0.0,0.0,0.0,-7.73438,-13.9276,0.0129973,0.143496,IncreaseAngularVelocity,seated
26.9861,886,0.0,0.0,0.0,0.0,0.0,0.0,0.0,0.0,0.0,0.0,-7.55859,-14.0046,0.0129973,0.143496,IncreaseAngularVelocity,seated
27.0793,887,0.0,0.0,0.0,0.0,0.0,0.0,0.0,0.0,0.0,0.0,-7.03125,-2.02576,0.0129973,0.143496,IncreaseAngularVelocity,seated
27.1613,888,0.0,0.0,0.0,0.0,0.0,0.0,0.0,0.0,0.0,0.0,-4.92188,10.4511,0.0129973,0.143496,IncreaseAngularVelocity,seated
27.2552,889,0.0,0.0,0.0,0.0,0.0,0.0,0.0,0.0,0.0,0.0,-1.05469,21.0295,0.0129973,0.143496,IncreaseAngularVelocity,seated
27.3491,890,0.0,0.0,0.0,0.0,0.0,0.0,0.0,0.0,0.0,0.0,4.57031,32.1223,0.0129973,0.143496,IncreaseAngularVelocity,seated
27.5141,891,0.0,0.0,0.0,0.0,0.0,0.0,0.0,0.0,0.0,0.0,11.4258,35.9572,0.0129973,0.143496,IncreaseAngularVelocity,seated
27.5342,892,0.0,0.0,0.0,0.0,0.0,0.0,0.0,0.0,0.0,0.0,11.9531,41.739,0.0129973,0.143496,IncreaseAngularVelocity,seated
27.5542,893,0.0,0.0,0.0,0.0,0.0,0.0,0.0,0.0,0.0,0.0,12.1289,43.3968,0.0129973,0.143496,IncreaseAngularVelocity,seated
27.5743,894,0.0,0.0,0.0,0.0,0.0,0.0,0.0,0.0,0.0,0.0,12.6562,42.9672,0.0129973,0.143496,IncreaseAngularVelocity,seated
27.5944,895,0.0,0.0,0.0,0.0,0.0,0.0,0.0,0.0,0.0,0.0,13.0078,34.3954,0.0129973,0.143496,IncreaseAngularVelocity,seated
27.6145,896,0.0,0.0,0.0,0.0,0.0,0.0,0.0,0.0,0.0,0.0,13.0078,15.7576,0.0129973,0.143496,IncreaseAngularVelocity,seated
27.6346,897,0.0,0.0,0.0,0.0,0.0,0.0,0.0,0.0,0.0,0.0,13.1836,12.2548,0.0129973,0.143496,IncreaseAngularVelocity,seated
27.6546,898,0.0,0.0,0.0,0.0,0.0,0.0,0.0,0.0,0.0,0.0,13.1836,10.5037,0.0129973,0.143496,IncreaseAngularVelocity,seated
