0.000296116,0,-0.00383455,-0.160685,0.0,0.0,0.0,0.0,-12.6593,-4.04396,13.2747,0.791209,0.0,0.0,0.00674,0.13537,None,seated
0.0603659,1,-0.00383455,-0.161643,0.0,0.0,0.0,0.0,-13.0989,-4.04396,13.2747,0.791209,0.0,0.0,0.00674,0.13537,Nothing,seated
0.121656,2,0.00115078,-0.160685,0.0,0.0,0.0,0.0,-13.3626,-4.04396,13.2747,0.791209,0.175781,0.0,0.00674,0.13537,Nothing,seated
0.181729,3,-0.000958268,-0.159534,0.0,0.0,0.0,0.0,-13.5385,-4.04396,13.2747,0.791209,0.175781,0.0,0.00674,0.13537,Nothing,seated
0.244539,4,-0.00191719,-0.161643,0.0,0.0,0.0,0.0,-13.3626,-4.04396,13.2747,0.791209,0.175781,0.0,0.00674,0.13537,Nothing,seated
0.306278,5,-0.00383455,-0.159534,0.0,0.0,0.0,0.0,-13.1868,-4.04396,13.2747,0.703297,0.351562,1.14897,0.00674,0.13537,Nothing,seated
0.366349,6,-0.00287611,-0.161643,0.0,0.0,0.0,0.0,-12.7473,-4.04396,13.2747,0.703297,0.351562,1.14896,0.00674,0.13537,Nothing,seated
0.427645,7,-0.00479347,-0.160685,0.0,0.0,0.0,0.0,-12.1319,-4.04396,13.2747,0.703297,0.527344,1.14894,0.00674,0.13537,Nothing,seated
0.487715,8,-0.00766975,-0.159534,0.0,0.0,0.0,0.0,-11.5165,-4.04396,13.2747,0.791209,0.527344,1.14895,0.00674,0.13537,Nothing,seated
0.547781,9,-0.00383455,-0.155699,0.0,0.0,0.0,0.0,-10.6374,-4.04396,13.2747,0.791209,0.703125,1.73902,0.00674,0.13537,Nothing,seated
0.607953,10,-0.00671083,-0.154741,0.0,0.0,0.0,0.0,-9.84615,-4.04396,13.2747,0.791209,0.703125,1.16537,0.00674,0.13537,Nothing,seated
0.66802,11,-0.00479347,-0.158575,0.0,0.0,0.0,0.0,-9.05494,-4.04396,13.2747,0.791209,0.703125,1.16538,0.00674,0.13537,Nothing,seated
0.730776,12,-0.00479347,-0.164519,0.0,0.0,0.0,0.0,-8.26374,-4.04396,13.2747,0.791209,0.878906,1.15977,0.00674,0.13537,Nothing,seated
0.790847,13,-0.000958268,-0.165287,0.0,0.0,0.0,0.0,-7.56044,-4.04396,13.2747,0.879121,0.878906,1.15977,0.00674,0.13537,Nothing,seated
0.850918,14,-0.0097788,-0.162602,0.0,0.0,0.0,0.0,-7.03297,-4.04396,13.2747,0.879121,0.878906,0.579874,0.00674,0.13537,Nothing,seated
0.910984,15,-0.00479347,-0.163561,0.0,0.0,0.0,0.0,-6.59341,-4.04396,13.2747,0.879121,0.878906,0.580077,0.00674,0.13537,Nothing,seated
0.971055,16,-0.00575239,-0.158575,0.0,0.0,0.0,0.0,-6.59341,-4.04396,13.2747,0.791209,0.878906,0.580069,0.00674,0.13537,Nothing,seated
1.03112,17,-0.013614,-0.158575,0.0,0.0,0.0,0.0,-6.59341,-4.04396,13.1868,0.791209,0.878906,0.0,0.00674,0.13537,Nothing,seated
1.09153,18,-0.013614,-0.161068,0.0,0.0,0.0,0.0,-6.94506,-4.04396,13.1868,1.14286,0.878906,0.0,0.00674,0.13537,Nothing,seated
1.1516,19,0.00115078,-0.146687,0.0,0.0,0.0,0.0,-8.7033,-4.04396,13.0989,1.40659,0.703125,-0.584611,0.00674,0.13537,Nothing,seated
1.21166,20,-0.00479347,-0.150714,0.0,0.0,0.0,0.0,-9.14286,-4.04396,12.9231,1.49451,0.878906,0.0,0.00674,0.13537,Nothing,seated
1.27173,21,-0.0030678,-0.149947,0.0,0.0,0.0,0.0,-10.6374,-4.04396,12.9231,1.40659,0.878906,0.0,0.00674,0.13537,Nothing,seated
1.3318,22,-0.0030678,-0.132497,0.0,0.0,0.0,0.0,-11.6923,-4.04396,12.9231,0.791209,0.878906,0.0,0.00674,0.13537,Nothing,seated
1.39187,23,-0.00230056,-0.10642,0.0,0.0,0.0,0.0,-13.011,-4.04396,13.1868,0.0879121,0.878906,0.0,0.00674,0.13537,Nothing,seated
1.45277,24,-0.00153381,-0.073631,0.0,0.0,0.0,0.0,-14.3297,-4.04396,13.8022,-0.615385,1.23047,1.75097,0.00674,0.13537,Nothing,seated
1.51284,25,0.00210923,-0.0174491,0.0,0.0,0.0,0.0,-15.2088,-4.04396,14.1538,-0.879121,1.58203,2.33458,0.00674,0.13537,Nothing,seated
1.57527,26,0.00268477,0.00536901,0.0,0.0,0.0,0.0,-16.4396,-4.04396,14.5055,-0.967033,2.10938,4.05378,0.00674,0.13537,Nothing,seated
1.63965,27,0.00230139,0.0201333,0.0,0.0,0.0,0.0,-16.4396,-4.04396,14.5055,-1.05495,2.8125,6.28102,0.00674,0.13537,Nothing,seated
1.69972,28,0.00268477,0.0270365,0.0,0.0,0.0,0.0,-15.7363,-4.04396,14.5055,-1.14286,3.51562,8.56498,0.00674,0.13537,Nothing,seated
1.75979,29,0.00306815,0.00191719,0.0,0.0,0.0,0.0,-13.3626,-4.04396,14.4176,-1.14286,4.39453,10.3058,0.00674,0.13537,Nothing,seated
1.82039,30,0.00306815,0.0126551,0.0,0.0,0.0,0.0,-10.4615,-4.04396,14.4176,-1.05495,5.09766,11.4311,0.00674,0.13537,Nothing,seated
1.88114,31,0.00268477,0.0279949,0.0,0.0,0.0,0.0,-6.41758,-4.04396,14.4176,-0.967033,5.97656,12.6432,0.00674,0.13537,Nothing,seated
1.94427,32,-0.00479347,0.0097788,0.0,0.0,0.0,0.0,-2.81319,-4.04396,14.4176,-0.703297,6.85547,13.272,0.00674,0.13537,Nothing,seated
2.00434,33,-0.00671083,-0.0143811,0.0,0.0,0.0,0.0,0.263736,-4.04396,14.5055,-0.703297,7.55859,13.272,0.00674,0.13537,Nothing,seated
2.06478,34,-0.01208,-0.00747841,0.0,0.0,0.0,0.0,4.04396,-4.04396,14.5055,-0.791209,8.4375,13.2559,0.00674,0.13537,Nothing,seated
2.12486,35,-0.0115045,-0.00172585,0.0,0.0,0.0,0.0,7.12088,-4.04396,14.5934,-0.615385,9.14062,13.279,0.00674,0.13537,Nothing,seated
2.18827,36,-0.0128468,-0.00843685,0.0,0.0,0.0,0.0,10.1978,-4.04396,14.5934,-0.175824,9.66797,12.0189,0.00674,0.13537,Nothing,seated
2.2514,37,-0.013614,-0.0210926,0.0,0.0,0.0,0.0,10.9011,-4.04396,14.4176,0.263736,10.0195,10.3021,0.00674,0.13537,Nothing,seated
2.31147,38,-0.0138057,-0.0467865,0.0,0.0,0.0,0.0,10.2857,-4.04396,14.0659,0.527473,10.1953,8.58511,0.00674,0.13537,Nothing,seated
2.37252,39,-0.023393,-0.160685,0.0,0.0,0.0,0.0,8.96703,-4.04396,13.6264,0.615385,10.0195,5.14082,0.00674,0.13537,Nothing,seated
2.4326,40,-0.0155314,-0.167587,0.0,0.0,0.0,0.0,7.20879,-4.04396,13.2747,0.615385,9.66797,1.7136,0.00674,0.13537,Nothing,seated
2.49582,41,-0.0153397,-0.173915,0.0,0.0,0.0,0.0,3.86813,-4.04396,13.3626,0.43956,8.96484,-2.28622,0.00674,0.13537,Nothing,seated
2.5564,42,-0.0143808,-0.176983,0.0,0.0,0.0,0.0,0.527473,-4.04396,13.3626,0.0879121,8.08594,-6.33973,0.00674,0.13537,Nothing,seated
2.61647,43,-0.00862819,-0.137867,0.0,0.0,0.0,0.0,-3.25275,-4.04396,13.4505,-0.43956,7.20703,-9.79774,0.00674,0.13537,Nothing,seated
2.67654,44,-0.00651914,-0.136908,0.0,0.0,0.0,0.0,-7.20879,-4.04396,13.7143,-0.703297,5.97656,-13.2987,0.00674,0.13537,Nothing,seated
2.73678,45,-0.00632745,-0.144578,0.0,0.0,0.0,0.0,-11.6044,-4.04396,13.8022,-0.879121,4.74609,-16.1804,0.00674,0.13537,Nothing,seated
2.79685,46,-0.00594408,-0.158,0.0,0.0,0.0,0.0,-15.9121,-4.04396,13.8901,-0.879121,3.51562,-18.1017,0.00674,0.13537,Nothing,seated
2.85692,47,-0.00517685,-0.176791,0.0,0.0,0.0,0.0,-19.8681,-4.04396,13.8022,-0.791209,2.10938,-19.8869,0.00674,0.13537,Nothing,seated
2.91753,48,-0.0042184,-0.200952,0.0,0.0,0.0,0.0,-23.1209,-4.04396,13.7143,-0.527473,0.703125,-21.6034,0.00674,0.13537,Nothing,seated
2.98187,49,0.00402706,-0.154549,0.0,0.0,0.0,0.0,-25.6703,-4.04396,13.5385,-0.175824,-0.703125,-21.8766,0.00674,0.13537,Nothing,seated
3.04194,50,0.0051772,-0.182161,0.0,0.0,0.0,0.0,-27.2527,-4.04396,13.2747,0.0879121,-2.10938,-22.4652,0.00674,0.13537,Nothing,seated
3.10201,51,0.0051772,-0.212456,0.0,0.0,0.0,0.0,-28.2198,-4.04396,13.0989,0.263736,-3.51562,-23.0414,0.00674,0.13537,Nothing,seated
3.16208,52,0.00556105,-0.234124,0.0,0.0,0.0,0.0,-28.3956,-4.04396,13.0989,0.263736,-4.74609,-22.4653,0.00674,0.13537,TripleIncreaseAngularVelo,seated
3.22215,53,0.00594443,-0.24467,0.0,0.0,0.0,0.0,-28.1319,-4.04396,13.0989,0.175824,-5.80078,-21.3507,0.00674,0.13537,TripleIncreaseAngularVelo,seated
3.28222,54,0.00613612,-0.246971,0.0,0.0,0.0,0.0,-27.0769,-4.04396,13.1868,0.0,-6.85547,-20.484,0.00674,0.13537,TripleIncreaseAngularVelo,seated
3.34229,55,0.00556105,-0.244095,0.0,0.0,0.0,0.0,-25.4945,-4.04396,13.2747,-0.0879121,-7.91016,-19.3137,0.00674,0.13537,TripleIncreaseAngularVelo,seated
3.40236,56,1.74846e-07,-0.145728,0.0,0.0,0.0,0.0,-23.2088,-4.04396,13.2747,-0.0879121,-8.4375,-16.3872,0.00674,0.13537,TripleIncreaseAngularVelo,seated
3.46243,57,-0.00287611,-0.144769,0.0,0.0,0.0,0.0,-20.3956,-4.04396,13.3626,-0.0879121,-8.96484,-14.0463,0.00674,0.13537,TripleIncreaseAngularVelo,seated
3.55674,58,-0.00575239,-0.157617,0.0,0.0,0.0,0.0,-15.033,-4.04396,13.2747,0.175824,-9.31641,-10.5073,0.00674,0.13537,TripleIncreaseAngularVelo,seated
3.69687,59,-0.00191719,-0.173532,0.0,0.0,0.0,0.0,-6.50549,-4.04396,13.0989,0.967033,-8.61328,-4.23927,0.00674,0.13537,TripleIncreaseAngularVelo,seated
3.84381,60,-0.00402624,-0.157425,0.0,0.0,0.0,0.0,1.40659,-4.04396,13.011,0.703297,-7.20703,1.40199,0.00674,0.13537,TripleIncreaseAngularVelo,seated
3.99279,61,-0.00709421,-0.109104,0.0,0.0,0.0,0.0,6.15385,-4.04396,13.1868,-0.175824,-4.74609,6.25202,0.00674,0.13537,TripleIncreaseAngularVelo,seated
4.13987,62,-0.0162981,-0.136333,0.0,0.0,0.0,0.0,5.01099,-4.04396,13.3626,-0.527473,-1.40625,11.1575,0.00674,0.13537,TripleIncreaseAngularVelo,seated
4.3127,63,-0.00479347,-0.163944,0.0,0.0,0.0,0.0,-3.69231,-4.04396,13.2747,-0.351648,2.63672,15.8119,0.00674,0.13537,TripleIncreaseAngularVelo,seated
4.46027,64,-0.00441009,-0.162602,0.0,0.0,0.0,0.0,-12.8352,-4.04396,13.2747,-0.615385,5.625,18.6511,0.00674,0.13537,TripleIncreaseAngularVelo,seated
4.52034,65,-0.000958268,-0.149755,0.0,0.0,0.0,0.0,-16.1758,-4.04396,13.2747,-0.967033,6.67969,20.5263,0.00674,0.13537,TripleIncreaseAngularVelo,seated
4.58041,66,0.00210923,-0.137867,0.0,0.0,0.0,0.0,-19.2527,-4.04396,13.3626,-1.23077,7.55859,20.9398,0.00674,0.13537,TripleIncreaseAngularVelo,seated
4.64106,67,0.00402706,-0.120801,0.0,0.0,0.0,0.0,-21.8901,-4.04396,13.5385,-1.40659,8.4375,19.6411,0.00674,0.13537,TripleIncreaseAngularVelo,seated
4.70327,68,0.00421875,-0.10201,0.0,0.0,0.0,0.0,-24.1758,-4.04396,13.6264,-1.49451,8.96484,16.2022,0.00674,0.13537,TripleIncreaseAngularVelo,seated
4.76334,69,0.00441044,-0.0908887,0.0,0.0,0.0,0.0,-25.4945,-4.04396,13.7143,-1.58242,9.31641,12.1801,0.00674,0.13537,TripleIncreaseAngularVelo,seated
4.82463,70,0.00479382,-0.0878207,0.0,0.0,0.0,0.0,-26.2857,-4.04396,13.7143,-1.49451,9.66797,9.82066,0.00674,0.13537,TripleIncreaseAngularVelo,seated
4.8847,71,0.0051772,-0.0908887,0.0,0.0,0.0,0.0,-26.1978,-4.04396,13.6264,-1.40659,9.66797,6.93226,0.00674,0.13537,TripleIncreaseAngularVelo,seated
4.94477,72,0.00556105,-0.099517,0.0,0.0,0.0,0.0,-25.4066,-4.04396,13.6264,-1.23077,9.49219,3.47267,0.00674,0.13537,TripleIncreaseAngularVelo,seated
5.09106,73,1.74846e-07,-0.141894,0.0,0.0,0.0,0.0,-21.0989,-4.04396,13.5385,-0.967033,8.26172,-1.81315,0.0188,0.1476,TripleIncreaseAngularVelo,extended
5.23057,74,-0.00115043,-0.104311,0.0,0.0,0.0,0.0,-14.6813,-4.04396,14.3297,-2.98901,5.625,-7.90065,0.0188,0.1476,TripleIncreaseAngularVelo,extended
5.37164,75,-0.0180243,-0.346488,0.0,0.0,0.0,0.0,-8.87912,-4.04396,17.8462,1.40659,2.8125,-12.5326,0.0188,0.1476,TripleIncreaseAngularVelo,extended
5.51057,76,-0.00997049,-0.623372,0.0,0.0,0.0,0.0,4.65934,-14.5934,7.20879,1.58242,0.351562,-14.8855,0.0188,0.1476,TripleIncreaseAngularVelo,extended
5.64869,77,-0.00805313,-0.966792,0.0,0.0,0.0,0.0,3.25275,-6.15385,1.23077,5.45055,-1.93359,-16.2316,0.0188,0.1476,TripleIncreaseAngularVelo,extended
5.70876,78,-0.00536853,-1.07014,0.0,0.0,0.0,0.0,-0.351648,-3.6044,0.263736,6.32967,-2.98828,-18.2126,0.0188,0.1476,TripleIncreaseAngularVelo,extended
5.76883,79,-0.00230056,-1.11712,0.0,0.0,0.0,0.0,-1.31868,-2.72527,-0.263736,6.15385,-4.21875,-18.2879,0.0188,0.1476,TripleIncreaseAngularVelo,extended
5.82949,80,0.000383552,-1.09258,0.0,0.0,0.0,0.0,-2.28571,-2.63736,-0.0879121,4.74725,-5.625,-18.4283,0.0188,0.1476,TripleIncreaseAngularVelo,extended
5.9345,81,0.00441044,-1.0201,0.0,0.0,0.0,0.0,-2.63736,-4.65934,3.78022,0.703297,-7.91016,-19.4884,0.0188,0.1476,TripleIncreaseAngularVelo,extended
5.99456,82,0.0051772,-0.924799,0.0,0.0,0.0,0.0,-4.04396,-7.2967,7.82418,-0.791209,-8.78906,-19.8209,0.0188,0.1476,TripleIncreaseAngularVelo,extended
6.05596,83,0.00556105,-0.827966,0.0,0.0,0.0,0.0,-5.89011,-7.2967,10.4615,-1.67033,-9.49219,-18.7327,0.0188,0.1476,TripleIncreaseAngularVelo,extended
6.11603,84,0.00421875,-0.742063,0.0,0.0,0.0,0.0,-8.26374,-7.2967,11.956,-2.28571,-9.84375,-16.2012,0.0188,0.1476,TripleIncreaseAngularVelo,extended
6.1761,85,0.00268477,-0.691442,0.0,0.0,0.0,0.0,-10.989,-7.2967,12.044,-2.63736,-9.84375,-12.1717,0.0188,0.1476,TripleIncreaseAngularVelo,extended
6.23617,86,0.00172585,-0.681854,0.0,0.0,0.0,0.0,-14.2418,-7.2967,11.2527,-2.28571,-9.49219,-5.24423,0.0188,0.1476,TripleIncreaseAngularVelo,extended
6.29624,87,0.000575717,-0.706974,0.0,0.0,0.0,0.0,-16.967,-7.2967,9.93407,-0.527473,-8.61328,0.582681,0.0188,0.1476,TripleIncreaseAngularVelo,extended
6.43157,88,0.00115078,-0.831993,0.0,0.0,0.0,0.0,-20.4835,-7.03297,2.9011,2.54945,-6.50391,7.95583,0.00674,0.13537,TripleIncreaseAngularVelo,seated
6.60005,89,0.0178329,-0.926333,0.0,0.0,0.0,0.0,-20.8352,1.40659,-0.43956,1.31868,-3.33984,13.4371,0.00674,0.13537,TripleIncreaseAngularVelo,seated
6.73789,90,0.0335562,-0.761813,0.0,0.0,0.0,0.0,-17.1429,10.3736,-9.31868,-4.21978,-1.05469,15.6447,0.00674,0.13537,TripleIncreaseAngularVelo,seated
6.89169,91,0.0368158,-0.440636,0.0,0.0,0.0,0.0,-17.6703,3.16484,6.41758,1.93407,2.63672,18.5026,0.00674,0.13537,TripleIncreaseAngularVelo,seated
7.04557,92,0.0283787,-0.0126554,0.0,0.0,0.0,0.0,-4.74725,3.16484,15.2967,1.40659,5.44922,18.7667,0.00674,0.13537,TripleIncreaseAngularVelo,seated
7.18269,93,0.0139977,0.265379,0.0,0.0,0.0,0.0,12.1319,-18.6374,15.1209,-6.76923,6.50391,17.3178,0.00674,0.13537,TripleIncreaseAngularVelo,seated
7.24276,94,0.00862902,0.290881,0.0,0.0,0.0,0.0,9.31868,-21.2747,19.5165,-3.78022,7.73438,17.2306,0.00674,0.13537,TripleIncreaseAngularVelo,seated
7.30474,95,0.00460213,0.276308,0.0,0.0,0.0,0.0,9.84615,-21.978,18.989,-1.23077,8.61328,17.0554,0.00674,0.13537,TripleIncreaseAngularVelo,seated
7.36481,96,-0.000191514,0.180818,0.0,0.0,0.0,0.0,7.47253,-18.7253,14.5055,1.49451,9.31641,14.1183,0.00674,0.13537,TripleIncreaseAngularVelo,seated
7.42488,97,-0.000574891,0.0442937,0.0,0.0,0.0,0.0,-0.703297,-16.8791,11.5165,5.0989,10.0195,12.0488,0.00674,0.13537,TripleIncreaseAngularVelo,seated
7.56618,98,0.00325983,-0.249272,0.0,0.0,0.0,0.0,-7.38462,-11.6044,8.0,8.79121,10.3711,10.0841,0.0188,0.1476,TripleIncreaseAngularVelo,extended
7.70331,99,-0.00747806,-0.278226,0.0,0.0,0.0,0.0,-4.57143,-10.022,8.26374,0.351648,7.55859,-0.381678,0.0188,0.1476,TripleIncreaseAngularVelo,extended
7.84706,100,-0.0170653,-0.31159,0.0,0.0,0.0,0.0,-12.3077,-24.7033,20.8352,1.93407,4.57031,-7.45497,0.0188,0.1476,TripleIncreaseAngularVelo,extended
7.98919,101,-0.0128468,-0.458277,0.0,0.0,0.0,0.0,-8.17582,-18.2857,10.8132,-0.791209,1.93359,-11.8244,0.0188,0.1476,TripleIncreaseAngularVelo,extended
8.04926,102,-0.0113128,-0.599211,0.0,0.0,0.0,0.0,-11.5165,-17.6703,9.75824,3.69231,1.23047,-14.0766,0.0188,0.1476,TripleIncreaseAngularVelo,extended
8.10933,103,-0.0097788,-0.828541,0.0,0.0,0.0,0.0,-12.8352,-11.1648,3.95604,4.48352,0.351562,-18.4472,0.0188,0.1476,TripleIncreaseAngularVelo,extended
8.17574,104,-0.000383202,-1.07666,0.0,0.0,0.0,0.0,-17.6703,-4.48352,0.263736,7.2967,-0.527344,-17.1155,0.0188,0.1476,TripleIncreaseAngularVelo,extended
8.23927,105,0.00824517,-1.20053,0.0,0.0,0.0,0.0,-18.2857,-2.1978,-0.791209,9.93407,-1.58203,-15.6866,0.0188,0.1476,TripleIncreaseAngularVelo,extended
8.29934,106,0.0134227,-1.24272,0.0,0.0,0.0,0.0,-20.1319,-1.23077,-1.40659,9.84615,-2.8125,-15.3025,0.0188,0.1476,TripleIncreaseAngularVelo,extended
8.35941,107,0.0166823,-1.23159,0.0,0.0,0.0,0.0,-18.9011,-0.615385,-1.67033,7.91209,-4.39453,-18.1364,0.0188,0.1476,TripleIncreaseAngularVelo,extended
8.42061,108,0.0197503,-1.15796,0.0,0.0,0.0,0.0,-19.7802,-1.58242,0.527473,5.36264,-6.15234,-20.8937,0.0188,0.1476,TripleIncreaseAngularVelo,extended
8.48069,109,0.021476,-1.05289,0.0,0.0,0.0,0.0,-16.6154,-4.65934,5.01099,2.72527,-7.55859,-23.0575,0.0188,0.1476,TripleIncreaseAngularVelo,extended
8.54076,110,0.0216677,-0.907733,0.0,0.0,0.0,0.0,-16.1758,-6.32967,10.022,1.49451,-8.61328,-23.3218,0.0188,0.1476,TripleIncreaseAngularVelo,extended
8.60392,111,0.0195586,-0.766415,0.0,0.0,0.0,0.0,-13.6264,-6.32967,13.6264,0.175824,-9.66797,-22.5079,0.0188,0.1476,TripleIncreaseAngularVelo,extended
8.66399,112,0.0164906,-0.660571,0.0,0.0,0.0,0.0,-11.8681,-6.32967,14.8571,-1.31868,-10.0195,-18.468,0.0188,0.1476,TripleIncreaseAngularVelo,extended
8.72406,113,0.0128471,-0.611292,0.0,0.0,0.0,0.0,-9.05494,-6.32967,14.0659,-1.14286,-10.0195,-12.7444,0.0188,0.1476,TripleIncreaseAngularVelo,extended
8.86757,114,0.00498551,-0.716944,0.0,0.0,0.0,0.0,-6.24176,-11.7802,7.64835,5.71429,-8.26172,-1.81742,0.00674,0.13537,TripleIncreaseAngularVelo,seated
9.00731,115,0.0105464,-0.983282,0.0,0.0,0.0,0.0,-4.83517,0.0,0.703297,7.64835,-5.625,6.40499,0.00674,0.13537,TripleIncreaseAngularVelo,seated
9.14518,116,0.0237767,-0.962765,0.0,0.0,0.0,0.0,-2.81319,16.7912,-13.8901,2.9011,-3.51562,11.3666,0.00674,0.13537,TripleIncreaseAngularVelo,seated
9.28469,117,0.0312549,-0.622413,0.0,0.0,0.0,0.0,-10.989,5.8022,6.50549,8.96703,-0.878906,14.7263,0.00674,0.13537,TripleIncreaseAngularVelo,seated
9.42007,118,0.0270368,-0.00249308,0.0,0.0,0.0,0.0,2.1978,5.8022,19.5165,-3.78022,0.0,14.3956,0.00674,0.13537,TripleIncreaseAngularVelo,seated
9.57157,119,0.01534,0.493367,0.0,0.0,0.0,0.0,16.0879,-25.5824,23.1209,-13.3626,2.28516,14.9814,0.00674,0.13537,TripleIncreaseAngularVelo,seated
9.65037,120,0.0143811,0.483588,0.0,0.0,0.0,0.0,3.07692,-26.022,23.2967,-6.59341,4.57031,15.8544,0.00674,0.13537,TripleIncreaseAngularVelo,seated
9.71044,121,0.0076701,0.361828,0.0,0.0,0.0,0.0,-4.21978,-24.2637,19.956,0.791209,6.67969,18.0365,0.00674,0.13537,TripleIncreaseAngularVelo,seated
9.7705,122,0.00268477,0.151097,0.0,0.0,0.0,0.0,-9.23077,-19.956,13.0989,7.2967,8.61328,19.5387,0.00674,0.13537,TripleIncreaseAngularVelo,seated
9.83057,123,0.00268477,-0.112748,0.0,0.0,0.0,0.0,-16.5275,-11.6923,6.06593,10.2857,9.84375,23.9798,0.00674,0.13537,TripleIncreaseAngularVelo,seated
9.89064,124,0.013231,-0.359335,0.0,0.0,0.0,0.0,-18.1099,-5.62637,2.37363,13.011,10.7227,26.4437,0.00674,0.13537,TripleIncreaseAngularVelo,seated
9.95071,125,0.018408,-0.51235,0.0,0.0,0.0,0.0,-21.1868,-3.07692,0.351648,13.6264,11.25,22.2408,0.00674,0.13537,TripleIncreaseAngularVelo,seated
10.0108,126,0.0212843,-0.53766,0.0,0.0,0.0,0.0,-22.2418,-3.16484,1.67033,12.3077,11.0742,14.632,0.00674,0.13537,TripleIncreaseAngularVelo,seated
10.1451,127,0.0170657,-0.284554,0.0,0.0,0.0,0.0,-15.7363,-8.7033,10.2857,1.58242,9.14062,1.4079,0.0188,0.1476,TripleIncreaseAngularVelo,extended
10.2833,128,0.00249308,0.153398,0.0,0.0,0.0,0.0,-4.3956,-25.8462,21.5385,-8.35165,5.625,-9.31845,0.0188,0.1476,TripleIncreaseAngularVelo,extended
10.4204,129,-0.00325948,0.00671083,0.0,0.0,0.0,0.0,-10.4615,-31.4725,28.2198,-4.21978,3.33984,-13.9353,0.0188,0.1476,TripleIncreaseAngularVelo,extended
10.5641,130,-0.00594408,-0.496051,0.0,0.0,0.0,0.0,1.14286,-19.5165,9.75824,6.76923,2.8125,-13.7563,0.0188,0.1476,TripleIncreaseAngularVelo,extended
10.7021,131,0.000383552,-1.34434,0.0,0.0,0.0,0.0,-6.76923,3.34066,-5.62637,16.3516,1.93359,-13.2227,0.00674,0.13537,TripleIncreaseAngularVelo,seated
10.7621,132,0.00651949,-1.55431,0.0,0.0,0.0,0.0,-11.0769,8.87912,-8.43956,17.9341,0.878906,-13.3886,0.00674,0.13537,TripleIncreaseAngularVelo,seated
10.9397,133,0.0241606,-1.4941,0.0,0.0,0.0,0.0,-9.75824,13.7143,-9.58242,9.40659,-4.39453,-15.2644,0.0188,0.1476,TripleIncreaseAngularVelo,extended
10.9998,134,0.0218593,-1.30925,0.0,0.0,0.0,0.0,-7.91209,2.54945,0.967033,9.40659,-6.32812,-16.688,0.0188,0.1476,TripleIncreaseAngularVelo,extended
11.0598,135,0.0256945,-1.02968,0.0,0.0,0.0,0.0,0.175824,2.54945,11.3407,1.23077,-8.26172,-22.3371,0.0188,0.1476,TripleIncreaseAngularVelo,extended
11.1227,136,0.0180246,-0.720587,0.0,0.0,0.0,0.0,3.16484,2.54945,17.0549,-7.73626,-10.1953,-28.8314,0.0188,0.1476,TripleIncreaseAngularVelo,extended
11.1828,137,0.0122721,-0.485121,0.0,0.0,0.0,0.0,11.6044,2.54945,20.044,-11.5165,-11.0742,-28.4135,0.0188,0.1476,TripleIncreaseAngularVelo,extended
11.3182,138,0.00709503,-0.355308,0.0,0.0,0.0,0.0,-4.21978,-24.3516,19.8681,-2.98901,-10.5469,-16.2553,0.00674,0.13537,TripleIncreaseAngularVelo,seated
11.3783,139,0.00345152,-0.49701,0.0,0.0,0.0,0.0,-6.50549,-21.4506,15.2967,5.01099,-9.14062,-7.4303,0.00674,0.13537,TripleIncreaseAngularVelo,seated
11.5192,140,0.0136144,-1.12671,0.0,0.0,0.0,0.0,-10.1978,3.69231,-4.57143,10.3736,-5.97656,4.97473,0.00674,0.13537,TripleIncreaseAngularVelo,seated
11.6844,141,0.0395004,-1.30177,0.0,0.0,0.0,0.0,-23.8242,24.4396,-21.978,14.3297,-2.63672,13.4569,0.00674,0.13537,TripleIncreaseAngularVelo,seated
11.8562,142,0.0521557,-0.748391,0.0,0.0,0.0,0.0,-21.7143,18.022,2.1978,14.3297,-1.58203,14.0965,0.00674,0.13537,TripleIncreaseAngularVelo,seated
12.0538,143,0.0270368,0.559136,0.0,0.0,0.0,0.0,12.1319,-28.7473,23.3846,-22.5934,-0.703125,13.3818,0.00674,0.13537,TripleIncreaseAngularVelo,seated
12.2,144,0.0253107,0.650791,0.0,0.0,0.0,0.0,16.1758,-29.011,24.2637,-14.1538,3.33984,15.189,0.00674,0.13537,TripleIncreaseAngularVelo,seated
12.3603,145,0.00230139,-0.0226266,0.0,0.0,0.0,0.0,-7.82418,-13.8022,7.38462,10.989,9.66797,18.5997,0.00674,0.13537,TripleIncreaseAngularVelo,seated
12.4204,146,0.014765,-0.469973,0.0,0.0,0.0,0.0,-12.3956,-3.16484,-0.879121,14.1538,10.8984,18.3915,0.00674,0.13537,TripleIncreaseAngularVelo,seated
12.4804,147,0.0201337,-0.728641,0.0,0.0,0.0,0.0,-14.0659,4.57143,-6.85714,14.8571,11.6016,21.1187,0.00674,0.13537,TripleIncreaseAngularVelo,seated
12.5405,148,0.0249273,-0.851743,0.0,0.0,0.0,0.0,-14.2418,8.26374,-9.14286,13.8022,11.7773,25.6433,0.00674,0.13537,TripleIncreaseAngularVelo,seated
12.6006,149,0.0258862,-0.825857,0.0,0.0,0.0,0.0,-13.3626,7.20879,-6.24176,11.0769,11.25,19.7462,0.00674,0.13537,TripleIncreaseAngularVelo,seated
12.7437,150,0.014765,-0.294524,0.0,0.0,0.0,0.0,-5.27473,2.46154,14.7692,0.351648,8.4375,-3.2097,0.0188,0.1476,TripleIncreaseAngularVelo,extended
12.9201,151,-0.01208,0.380427,0.0,0.0,0.0,0.0,26.3736,-30.4176,24.6154,-18.7253,3.33984,-15.1267,0.0188,0.1476,TripleIncreaseAngularVelo,extended
13.0563,152,-0.0209001,0.0719054,0.0,0.0,0.0,0.0,-1.05495,-37.3626,30.3297,-4.04396,2.10938,-16.4836,0.0188,0.1476,TripleIncreaseAngularVelo,extended
13.1962,153,-0.00671083,-0.698153,0.0,0.0,0.0,0.0,-3.6044,-15.2088,6.76923,9.40659,2.10938,-14.7446,0.0188,0.1476,TripleIncreaseAngularVelo,extended
13.3363,154,0.013231,-1.64117,0.0,0.0,0.0,0.0,-16.7033,11.5165,-10.022,18.4615,1.23047,-13.6182,0.00674,0.13537,TripleIncreaseAngularVelo,seated
13.3964,155,0.026653,-1.75833,0.0,0.0,0.0,0.0,-19.6044,13.6264,-12.4835,20.044,0.0,-12.927,0.00674,0.13537,TripleIncreaseAngularVelo,seated
13.4564,156,0.0327889,-1.72976,0.0,0.0,0.0,0.0,-19.6044,16.8791,-15.7363,14.9451,-1.93359,-9.83153,0.00674,0.13537,TripleIncreaseAngularVelo,seated
13.5165,157,0.0400755,-1.65689,0.0,0.0,0.0,0.0,-20.3077,21.0989,-19.5165,6.06593,-4.04297,-13.3685,0.00674,0.13537,TripleIncreaseAngularVelo,seated
13.5766,158,0.0427601,-1.53379,0.0,0.0,0.0,0.0,-15.2967,18.3736,-13.2747,1.31868,-5.80078,-20.7943,0.00674,0.13537,TripleIncreaseAngularVelo,seated
13.6367,159,0.0395004,-1.25422,0.0,0.0,0.0,0.0,-17.2308,5.89011,3.42857,2.54945,-7.20703,-28.0922,0.00674,0.13537,TripleIncreaseAngularVelo,seated
13.6967,160,0.0381581,-0.878012,0.0,0.0,0.0,0.0,-10.9011,5.89011,15.5604,2.28571,-8.4375,-28.0926,0.00674,0.13537,TripleIncreaseAngularVelo,seated
13.7585,161,0.0433351,-0.467289,0.0,0.0,0.0,0.0,-8.26374,5.89011,21.2747,-5.71429,-10.0195,-26.7699,0.00674,0.13537,TripleIncreaseAngularVelo,seated
13.819,162,0.0324056,-0.12617,0.0,0.0,0.0,0.0,8.17582,-23.9121,22.4176,-12.3077,-11.0742,-23.2477,0.00674,0.13537,TripleIncreaseAngularVelo,seated
13.879,163,0.0285708,0.142852,0.0,0.0,0.0,0.0,3.86813,-28.044,26.9011,-12.044,-11.4258,-18.598,0.00674,0.13537,TripleIncreaseAngularVelo,seated
13.9426,164,0.0249273,0.289922,0.0,0.0,0.0,0.0,4.92308,-30.1538,27.8681,-10.5495,-11.0742,-12.6392,0.00674,0.13537,TripleIncreaseAngularVelo,seated
14.0787,165,0.00997132,0.102776,0.0,0.0,0.0,0.0,5.27473,-23.2967,16.4396,3.95604,-7.91016,1.38055,0.00674,0.13537,TripleIncreaseAngularVelo,seated
14.2186,166,0.00977915,-0.464796,0.0,0.0,0.0,0.0,-10.022,-5.53846,1.93407,13.0989,-4.04297,12.991,0.00674,0.13537,TripleIncreaseAngularVelo,seated
14.3564,167,0.0212843,-0.619537,0.0,0.0,0.0,0.0,-16.3516,-4.65934,4.57143,16.0879,-1.23047,18.3149,0.00674,0.13537,TripleIncreaseAngularVelo,seated
14.5041,168,0.0136144,-0.297784,0.0,0.0,0.0,0.0,-5.45055,-9.05494,10.989,-0.263736,-0.527344,17.4367,0.00674,0.13537,TripleIncreaseAngularVelo,seated
14.6744,169,0.00594443,0.346104,0.0,0.0,0.0,0.0,4.21978,-23.5604,19.5165,-9.67033,1.93359,17.7747,0.00674,0.13537,TripleIncreaseAngularVelo,seated
14.8163,170,0.000959094,0.321177,0.0,0.0,0.0,0.0,-2.02198,-23.2967,18.8132,-0.175824,5.80078,18.5882,0.00674,0.13537,TripleIncreaseAngularVelo,seated
14.8764,171,-0.00345117,0.192514,0.0,0.0,0.0,0.0,-5.18681,-20.6593,14.0659,5.53846,7.73438,17.9033,0.00674,0.13537,TripleIncreaseAngularVelo,seated
14.9365,172,-0.0017255,-0.0147645,0.0,0.0,0.0,0.0,-12.8352,-15.2967,8.79121,8.35165,9.14062,17.8805,0.00674,0.13537,TripleIncreaseAngularVelo,seated
14.9965,173,0.00268477,-0.224537,0.0,0.0,0.0,0.0,-13.5385,-7.91209,4.48352,10.5495,10.1953,21.7736,0.00674,0.13537,TripleIncreaseAngularVelo,seated
15.0566,174,0.00383538,-0.390398,0.0,0.0,0.0,0.0,-17.4945,-6.24176,4.21978,12.6593,10.8984,23.4587,0.00674,0.13537,TripleIncreaseAngularVelo,seated
15.1225,175,0.0090124,-0.427406,0.0,0.0,0.0,0.0,-17.5824,-6.32967,4.65934,12.1319,10.8984,16.6491,0.00674,0.13537,TripleIncreaseAngularVelo,seated
15.2839,176,0.00786179,-0.18868,0.0,0.0,0.0,0.0,-11.3407,-12.1319,13.7143,4.74725,8.78906,2.58817,0.0188,0.1476,TripleIncreaseAngularVelo,extended
15.4371,177,-0.0109294,0.158,0.0,0.0,0.0,0.0,1.67033,-23.2967,19.6923,-5.8022,5.27344,-7.72485,0.0188,0.1476,TripleIncreaseAngularVelo,extended
15.5813,178,-0.031638,-0.0847527,0.0,0.0,0.0,0.0,-8.17582,-31.1209,26.1099,3.78022,3.86719,-10.8213,0.0188,0.1476,TripleIncreaseAngularVelo,extended
15.7236,179,-0.0251187,-0.669199,0.0,0.0,0.0,0.0,-4.13187,-12.4835,4.92308,10.022,2.8125,-12.1233,0.0188,0.1476,TripleIncreaseAngularVelo,extended
15.8682,180,-0.00901205,-1.28394,0.0,0.0,0.0,0.0,-11.7802,3.34066,-4.57143,16.0879,1.05469,-13.2009,0.00674,0.13537,TripleIncreaseAngularVelo,seated
16.0082,181,0.00747841,-1.39765,0.0,0.0,0.0,0.0,-11.8681,9.40659,-8.7033,12.2198,-2.98828,-16.2603,0.0188,0.1476,TripleIncreaseAngularVelo,extended
16.0683,182,0.0111214,-1.31213,0.0,0.0,0.0,0.0,-10.8132,6.06593,-2.28571,8.79121,-4.74609,-15.8741,0.0188,0.1476,TripleIncreaseAngularVelo,extended
16.1283,183,0.0128471,-1.14895,0.0,0.0,0.0,0.0,-6.85714,0.43956,3.25275,6.06593,-6.50391,-18.9594,0.0188,0.1476,TripleIncreaseAngularVelo,extended
16.1884,184,0.0161073,-0.966408,0.0,0.0,0.0,0.0,-7.38462,0.43956,9.84615,2.81319,-8.08594,-23.4459,0.0188,0.1476,TripleIncreaseAngularVelo,extended
16.2485,185,0.010163,-0.772551,0.0,0.0,0.0,0.0,-5.0989,0.43956,15.1209,2.63736,-9.14062,-26.8098,0.0188,0.1476,TripleIncreaseAngularVelo,extended
16.3085,186,0.00728672,-0.617811,0.0,0.0,0.0,0.0,-7.56044,0.43956,19.6923,2.02198,-9.84375,-22.8249,0.0188,0.1476,TripleIncreaseAngularVelo,extended
16.3686,187,0.00479382,-0.533442,0.0,0.0,0.0,0.0,-5.36264,0.43956,17.0549,0.263736,-10.1953,-18.143,0.0188,0.1476,TripleIncreaseAngularVelo,extended
16.5073,188,-0.00441009,-0.636794,0.0,0.0,0.0,0.0,-8.61539,-16.967,11.7802,7.64835,-8.61328,-5.56589,0.00674,0.13537,TripleIncreaseAngularVelo,seated
16.5674,189,-0.00460178,-0.771784,0.0,0.0,0.0,0.0,-9.49451,-10.6374,4.21978,7.64835,-7.91016,0.463824,0.00674,0.13537,TripleIncreaseAngularVelo,seated
16.7036,190,0.0128471,-1.12038,0.0,0.0,0.0,0.0,-14.7692,5.89011,-2.9011,7.64835,-5.44922,8.11118,0.00674,0.13537,TripleIncreaseAngularVelo,seated
16.8437,191,0.0293376,-1.02777,0.0,0.0,0.0,0.0,-16.7912,18.7253,-15.2967,7.64835,-3.69141,11.4963,0.00674,0.13537,TripleIncreaseAngularVelo,seated
16.9862,192,0.0312549,-0.541304,0.0,0.0,0.0,0.0,-17.2308,7.73626,10.022,7.64835,-1.58203,13.9468,0.00674,0.13537,TripleIncreaseAngularVelo,seated
17.1268,193,0.0207092,0.184844,0.0,0.0,0.0,0.0,4.13187,-24.7912,23.9121,-5.36264,-0.878906,12.4849,0.00674,0.13537,TripleIncreaseAngularVelo,seated
17.2756,194,0.0178329,0.52558,0.0,0.0,0.0,0.0,6.59341,-26.9011,24.5275,-7.64835,2.10938,14.1481,0.00674,0.13537,TripleIncreaseAngularVelo,seated
17.4298,195,0.00249308,0.166053,0.0,0.0,0.0,0.0,-2.02198,-20.8352,13.8022,11.6923,7.73438,18.1535,0.00674,0.13537,TripleIncreaseAngularVelo,seated
17.4899,196,1.74846e-07,-0.120418,0.0,0.0,0.0,0.0,-9.49451,-11.8681,5.53846,15.033,9.31641,20.1305,0.00674,0.13537,TripleIncreaseAngularVelo,seated
17.5499,197,0.00939577,-0.398835,0.0,0.0,0.0,0.0,-12.8352,-4.83517,1.84615,18.022,10.3711,21.203,0.00674,0.13537,TripleIncreaseAngularVelo,seated
17.6111,198,0.0113131,-0.564505,0.0,0.0,0.0,0.0,-15.6484,-2.10989,-0.615385,18.989,11.0742,24.6838,0.00674,0.13537,TripleIncreaseAngularVelo,seated
17.6711,199,0.0164906,-0.605922,0.0,0.0,0.0,0.0,-16.6154,-1.23077,0.0,17.8462,11.0742,22.664,0.00674,0.13537,TripleIncreaseAngularVelo,seated
17.8159,200,0.0118887,-0.303153,0.0,0.0,0.0,0.0,-8.08791,-8.17582,10.1978,4.83517,9.14062,3.64178,0.0188,0.1476,TripleIncreaseAngularVelo,extended
17.9572,201,-0.00575239,0.2184,0.0,0.0,0.0,0.0,4.3956,-27.0769,23.3846,-5.45055,5.80078,-7.5229,0.0188,0.1476,TripleIncreaseAngularVelo,extended
18.0948,202,-0.00690252,0.0548399,0.0,0.0,0.0,0.0,-6.59341,-33.7582,29.6264,0.263736,3.86719,-11.9369,0.0188,0.1476,TripleIncreaseAngularVelo,extended
18.2508,203,-0.0042184,-0.573325,0.0,0.0,0.0,0.0,-2.54945,-19.8681,10.1099,13.2747,3.51562,-11.8151,0.0188,0.1476,TripleIncreaseAngularVelo,extended
18.3957,204,0.00556105,-1.47646,0.0,0.0,0.0,0.0,-13.5385,8.17582,-7.82418,20.044,2.28516,-12.1302,0.00674,0.13537,TripleIncreaseAngularVelo,seated
18.5362,205,0.0232016,-1.62238,0.0,0.0,0.0,0.0,-16.967,13.1868,-12.2198,18.6374,-1.05469,-14.1553,0.0188,0.1476,TripleIncreaseAngularVelo,extended
18.6719,206,0.0279953,-1.35546,0.0,0.0,0.0,0.0,-8.26374,3.07692,-0.263736,13.8022,-5.625,-15.9871,0.0188,0.1476,TripleIncreaseAngularVelo,extended
18.732,207,0.0258862,-1.04138,0.0,0.0,0.0,0.0,-9.49451,3.07692,10.2857,5.53846,-7.55859,-17.9323,0.0188,0.1476,TripleIncreaseAngularVelo,extended
18.796,208,0.0185997,-0.774277,0.0,0.0,0.0,0.0,-4.3956,3.07692,18.2857,3.16484,-9.14062,-23.2152,0.0188,0.1476,TripleIncreaseAngularVelo,extended
18.8564,209,0.0178329,-0.557219,0.0,0.0,0.0,0.0,-4.48352,-24.8791,22.0659,-1.14286,-10.3711,-27.4734,0.0188,0.1476,TripleIncreaseAngularVelo,extended
18.9164,210,0.0107381,-0.436993,0.0,0.0,0.0,0.0,4.04396,-23.2088,20.044,-3.25275,-10.7227,-25.426,0.0188,0.1476,TripleIncreaseAngularVelo,extended
19.0554,211,0.00115078,-0.519828,0.0,0.0,0.0,0.0,-6.24176,-21.1868,15.8242,8.17582,-9.31641,-9.62425,0.00674,0.13537,TripleIncreaseAngularVelo,seated
19.1156,212,-0.000383202,-0.705248,0.0,0.0,0.0,0.0,-7.64835,-14.6813,6.68132,8.17582,-8.08594,-1.37443,0.00674,0.13537,TripleIncreaseAngularVelo,seated
19.2521,213,0.0187914,-1.26208,0.0,0.0,0.0,0.0,-12.2198,10.022,-8.96703,8.17582,-5.44922,8.09341,0.00674,0.13537,TripleIncreaseAngularVelo,seated
19.3918,214,0.0398838,-1.2663,0.0,0.0,0.0,0.0,-16.0,24.1758,-21.8022,8.17582,-3.33984,13.1318,0.00674,0.13537,TripleIncreaseAngularVelo,seated
19.5311,215,0.0427601,-0.755869,0.0,0.0,0.0,0.0,-16.6154,13.3626,2.9011,8.17582,-1.75781,14.5855,0.00674,0.13537,TripleIncreaseAngularVelo,seated
19.6793,216,0.0322139,0.112556,0.0,0.0,0.0,0.0,4.92308,-26.022,25.6703,-2.1978,-1.40625,12.679,0.00674,0.13537,TripleIncreaseAngularVelo,seated
19.7394,217,0.0347068,0.447539,0.0,0.0,0.0,0.0,18.022,-27.956,23.7363,-11.7802,-1.23047,10.9908,0.00674,0.13537,TripleIncreaseAngularVelo,seated
19.8801,218,0.0329806,0.608798,0.0,0.0,0.0,0.0,15.7363,-28.2198,25.1429,-5.0989,2.63672,12.8757,0.00674,0.13537,TripleIncreaseAngularVelo,seated
20.0317,219,0.00920409,0.0849441,0.0,0.0,0.0,0.0,-3.6044,-18.1978,10.022,16.967,8.4375,18.4048,0.00674,0.13537,TripleIncreaseAngularVelo,seated
20.0918,220,0.0187914,-0.348022,0.0,0.0,0.0,0.0,-14.6813,-6.50549,2.1978,20.9231,10.1953,21.3179,0.00674,0.13537,TripleIncreaseAngularVelo,seated
20.1528,221,0.0193669,-0.626823,0.0,0.0,0.0,0.0,-15.8242,0.527473,-3.07692,22.9451,11.25,26.7323,0.00674,0.13537,TripleIncreaseAngularVelo,seated
20.2128,222,0.0245439,-0.770442,0.0,0.0,0.0,0.0,-18.8132,4.83517,-6.41758,21.7143,11.4258,26.7322,0.00674,0.13537,TripleIncreaseAngularVelo,seated
20.2744,223,0.0249273,-0.78233,0.0,0.0,0.0,0.0,-17.7582,4.83517,-4.30769,20.044,11.25,21.8444,0.00674,0.13537,TripleIncreaseAngularVelo,seated
20.3344,224,0.0302965,-0.660187,0.0,0.0,0.0,0.0,-18.989,0.527473,1.23077,15.3846,10.3711,6.38704,0.00674,0.13537,TripleIncreaseAngularVelo,seated
20.4928,225,0.0193669,0.128854,0.0,0.0,0.0,0.0,-3.25275,-22.6813,23.2088,2.98901,7.03125,-7.88964,0.0188,0.1476,TripleIncreaseAngularVelo,extended
20.6462,226,-0.00402624,0.397493,0.0,0.0,0.0,0.0,18.3736,-28.3956,24.2637,-6.41758,3.51562,-15.6747,0.0188,0.1476,TripleIncreaseAngularVelo,extended
20.7957,227,-0.0138057,-0.166629,0.0,0.0,0.0,0.0,-1.05495,-30.5934,23.6484,13.8022,2.98828,-14.4757,0.0188,0.1476,TripleIncreaseAngularVelo,extended
20.9347,228,-0.00498516,-1.05327,0.0,0.0,0.0,0.0,-7.82418,-4.30769,-1.93407,20.5714,2.28516,-13.5764,0.0188,0.1476,TripleIncreaseAngularVelo,extended
21.0712,229,0.011697,-1.6289,0.0,0.0,0.0,0.0,-15.2088,9.58242,-8.87912,26.9011,0.527344,-13.3613,0.00674,0.13537,TripleIncreaseAngularVelo,seated
21.2232,230,0.021476,-1.49659,0.0,0.0,0.0,0.0,-12.3956,11.3407,-9.49451,14.4176,-4.39453,-15.6438,0.0188,0.1476,TripleIncreaseAngularVelo,extended
21.284,231,0.0272285,-1.31021,0.0,0.0,0.0,0.0,-8.17582,5.71429,-1.23077,10.4615,-6.32812,-15.4343,0.0188,0.1476,TripleIncreaseAngularVelo,extended
21.344,232,0.0247356,-1.08146,0.0,0.0,0.0,0.0,-2.81319,1.23077,10.989,10.2857,-7.91016,-19.8751,0.0188,0.1476,TripleIncreaseAngularVelo,extended
21.4041,233,0.0207092,-0.803231,0.0,0.0,0.0,0.0,-7.38462,1.23077,19.5165,7.82418,-9.31641,-24.7147,0.0188,0.1476,TripleIncreaseAngularVelo,extended
21.4642,234,0.0191752,-0.550699,0.0,0.0,0.0,0.0,-2.81319,-23.2967,20.9231,3.25275,-10.3711,-27.7308,0.0188,0.1476,TripleIncreaseAngularVelo,extended
21.5243,235,0.0143811,-0.44543,0.0,0.0,0.0,0.0,2.02198,-22.9451,20.3956,0.879121,-10.7227,-21.0185,0.0188,0.1476,TripleIncreaseAngularVelo,extended
21.6596,236,0.00594443,-0.501804,0.0,0.0,0.0,0.0,-7.20879,-20.5714,16.3516,11.5165,-9.14062,-7.48803,0.00674,0.13537,TripleIncreaseAngularVelo,seated
21.7958,237,0.00958746,-0.983857,0.0,0.0,0.0,0.0,-9.40659,-1.23077,0.879121,12.6593,-6.32812,3.50199,0.00674,0.13537,TripleIncreaseAngularVelo,seated
21.9321,238,0.0279953,-1.2454,0.0,0.0,0.0,0.0,-13.8022,26.022,-25.1429,12.6593,-3.69141,10.6544,0.00674,0.13537,TripleIncreaseAngularVelo,seated
22.0907,239,0.0439102,-0.913869,0.0,0.0,0.0,0.0,-20.044,15.9121,-5.36264,22.8571,-1.05469,14.8704,0.00674,0.13537,TripleIncreaseAngularVelo,seated
22.2248,240,0.0337478,-0.274199,0.0,0.0,0.0,0.0,-6.68132,15.9121,17.8462,5.71429,-1.05469,13.8007,0.00674,0.13537,TripleIncreaseAngularVelo,seated
22.3752,241,0.0302965,0.60573,0.0,0.0,0.0,0.0,17.4066,-27.0769,23.3846,-10.022,0.0,12.7731,0.00674,0.13537,TripleIncreaseAngularVelo,seated
22.5263,242,0.0228183,0.534784,0.0,0.0,0.0,0.0,2.37363,-27.0769,22.7692,4.92308,4.74609,15.1594,0.00674,0.13537,TripleIncreaseAngularVelo,seated
22.5963,243,0.00862902,0.2974,0.0,0.0,0.0,0.0,6.85714,-23.6484,16.7912,17.0549,7.55859,16.9372,0.00674,0.13537,TripleIncreaseAngularVelo,seated
22.666,244,0.00479382,-0.0577161,0.0,0.0,0.0,0.0,-11.4286,-12.6593,6.41758,22.2418,9.66797,18.6392,0.00674,0.13537,TripleIncreaseAngularVelo,seated
22.726,245,0.0109298,-0.415709,0.0,0.0,0.0,0.0,-13.8901,-2.37363,-1.31868,24.0879,10.7227,23.4965,0.00674,0.13537,TripleIncreaseAngularVelo,seated
22.7861,246,0.016874,-0.679745,0.0,0.0,0.0,0.0,-17.4066,5.0989,-6.94506,24.3516,11.4258,27.8051,0.00674,0.13537,TripleIncreaseAngularVelo,seated
22.8462,247,0.0241606,-0.800163,0.0,0.0,0.0,0.0,-17.7582,7.73626,-8.0,23.7363,11.4258,20.8829,0.00674,0.13537,TripleIncreaseAngularVelo,seated
22.9063,248,0.0243522,-0.783097,0.0,0.0,0.0,0.0,-17.2308,4.83517,-2.9011,22.1538,11.0742,11.3419,0.00674,0.13537,TripleIncreaseAngularVelo,seated
23.0509,249,0.0145733,-0.237959,0.0,0.0,0.0,0.0,-8.87912,1.31868,13.8901,7.56044,7.55859,-5.48003,0.0188,0.1476,TripleIncreaseAngularVelo,extended
23.1991,250,0.00268477,0.345529,0.0,0.0,0.0,0.0,6.41758,-30.2418,27.1648,-0.351648,4.04297,-14.119,0.0188,0.1476,TripleIncreaseAngularVelo,extended
23.3343,251,-0.00536853,0.0991333,0.0,0.0,0.0,0.0,-9.84615,-32.3517,27.6044,7.47253,2.10938,-16.9944,0.0188,0.1476,TripleIncreaseAngularVelo,extended
23.4683,252,-0.00651914,-0.480903,0.0,0.0,0.0,0.0,-1.23077,-19.6044,8.79121,19.1648,1.75781,-15.54,0.0188,0.1476,TripleIncreaseAngularVelo,extended
23.6144,253,0.00383538,-1.44942,0.0,0.0,0.0,0.0,-13.7143,8.26374,-8.0,28.4835,0.878906,-14.3964,0.00674,0.13537,TripleIncreaseAngularVelo,seated
23.6745,254,0.013806,-1.61797,0.0,0.0,0.0,0.0,-15.033,12.1319,-11.1648,29.2747,-0.175781,-12.403,0.00674,0.13537,TripleIncreaseAngularVelo,seated
23.7346,255,0.0222427,-1.64443,0.0,0.0,0.0,0.0,-17.3187,15.7363,-14.9451,25.8462,-1.58203,-10.5059,0.00674,0.13537,TripleIncreaseAngularVelo,seated
23.7989,256,0.0274202,-1.60972,0.0,0.0,0.0,0.0,-16.2637,20.3077,-18.8132,18.6374,-3.69141,-12.4866,0.00674,0.13537,TripleIncreaseAngularVelo,seated
23.8589,257,0.0308716,-1.50311,0.0,0.0,0.0,0.0,-11.3407,17.4945,-12.4835,15.4725,-5.44922,-18.4499,0.00674,0.13537,TripleIncreaseAngularVelo,seated
23.919,258,0.0293376,-1.26074,0.0,0.0,0.0,0.0,-10.989,4.30769,2.28571,15.7363,-6.67969,-24.8168,0.00674,0.13537,TripleIncreaseAngularVelo,seated
23.9791,259,0.0276119,-0.93477,0.0,0.0,0.0,0.0,-9.14286,4.30769,13.1868,15.033,-7.91016,-25.3916,0.00674,0.13537,TripleIncreaseAngularVelo,seated
24.0392,260,0.0289542,-0.554534,0.0,0.0,0.0,0.0,-4.92308,4.30769,18.9011,8.96703,-9.49219,-25.9686,0.00674,0.13537,TripleIncreaseAngularVelo,seated
24.0992,261,0.0226266,-0.205937,0.0,0.0,0.0,0.0,4.92308,-22.2418,22.2418,3.78022,-10.5469,-22.8251,0.00674,0.13537,TripleIncreaseAngularVelo,seated
24.1609,262,0.019942,0.0799587,0.0,0.0,0.0,0.0,7.64835,-26.4615,25.8462,2.37363,-10.8984,-18.0455,0.00674,0.13537,TripleIncreaseAngularVelo,seated
24.221,263,0.0174491,0.267296,0.0,0.0,0.0,0.0,7.12088,-28.2198,27.2527,2.46154,-10.8984,-13.9706,0.00674,0.13537,TripleIncreaseAngularVelo,seated
24.2896,264,0.0159151,0.266337,0.0,0.0,0.0,0.0,2.1978,-25.4945,22.6813,4.74725,-10.0195,-6.79245,0.00674,0.13537,TripleIncreaseAngularVelo,seated
24.4524,265,0.00172585,-0.167204,0.0,0.0,0.0,0.0,-14.4176,-14.7692,9.40659,21.2747,-5.44922,9.78261,0.00674,0.13537,TripleIncreaseAngularVelo,seated
24.5916,266,0.0139977,-0.601896,0.0,0.0,0.0,0.0,-17.2308,-5.18681,4.92308,29.0989,-1.93359,17.4943,0.00674,0.13537,TripleIncreaseAngularVelo,seated
24.7291,267,0.0130393,-0.466522,0.0,0.0,0.0,0.0,-16.2637,-5.36264,5.01099,17.7582,-0.703125,17.9448,0.00674,0.13537,TripleIncreaseAngularVelo,seated
24.8673,268,0.00421875,0.0531138,0.0,0.0,0.0,0.0,-9.75824,-14.9451,20.1319,11.1648,0.878906,18.2222,0.00674,0.13537,TripleIncreaseAngularVelo,seated
25.0086,269,0.00115078,0.371607,0.0,0.0,0.0,0.0,2.54945,-22.7692,20.044,4.83517,2.98828,18.093,0.00674,0.13537,TripleIncreaseAngularVelo,seated
25.1483,270,-0.0017255,0.210155,0.0,0.0,0.0,0.0,-5.18681,-20.7473,15.4725,14.5055,7.03125,17.9349,0.00674,0.13537,TripleIncreaseAngularVelo,seated
25.2084,271,-0.00345117,0.0314463,0.0,0.0,0.0,0.0,-8.0,-16.7033,10.5495,17.5824,8.4375,16.814,0.00674,0.13537,TripleIncreaseAngularVelo,seated
25.2714,272,0.00191754,-0.175641,0.0,0.0,0.0,0.0,-9.67033,-9.58242,5.8022,19.6044,9.66797,19.1241,0.00674,0.13537,TripleIncreaseAngularVelo,seated
25.3321,273,0.00306815,-0.326355,0.0,0.0,0.0,0.0,-12.5714,-7.47253,5.27473,22.4176,10.5469,20.8025,0.00674,0.13537,TripleIncreaseAngularVelo,seated
25.3921,274,0.00671118,-0.389631,0.0,0.0,0.0,0.0,-12.9231,-6.94506,5.36264,22.6813,10.7227,20.165,0.00674,0.13537,TripleIncreaseAngularVelo,seated
25.4522,275,0.00594443,-0.380428,0.0,0.0,0.0,0.0,-11.6923,-7.38462,5.8022,20.4835,10.3711,10.9904,0.00674,0.13537,TripleIncreaseAngularVelo,seated
25.5924,276,0.00345152,-0.12502,0.0,0.0,0.0,0.0,-4.13187,-13.4505,14.7692,13.6264,8.26172,-0.457694,0.0188,0.1476,TripleIncreaseAngularVelo,extended
25.7297,277,-0.0107377,0.169121,0.0,0.0,0.0,0.0,1.23077,-23.6484,21.3626,5.89011,5.44922,-9.20491,0.0188,0.1476,TripleIncreaseAngularVelo,extended
25.9233,278,-0.0235847,-0.240068,0.0,0.0,0.0,0.0,-5.36264,-26.989,18.7253,13.978,2.98828,-12.7839,0.0188,0.1476,TripleIncreaseAngularVelo,extended
26.0754,279,-0.018216,-0.955478,0.0,0.0,0.0,0.0,-8.35165,-6.32967,0.879121,23.9121,2.10938,-12.6052,0.0188,0.1476,TripleIncreaseAngularVelo,extended
26.2119,280,-0.0042184,-1.39113,0.0,0.0,0.0,0.0,-15.7363,6.76923,-6.59341,25.7582,-0.175781,-13.8831,0.00674,0.13537,TripleIncreaseAngularVelo,seated
26.272,281,0.00421875,-1.41241,0.0,0.0,0.0,0.0,-17.1429,7.2967,-6.68132,25.1429,-1.93359,-15.0036,0.00674,0.13537,TripleIncreaseAngularVelo,seated
26.332,282,0.0130393,-1.36582,0.0,0.0,0.0,0.0,-16.2637,7.2967,-6.41758,25.1429,-3.69141,-15.175,0.00674,0.13537,TripleIncreaseAngularVelo,seated
26.3921,283,0.016874,-1.2291,0.0,0.0,0.0,0.0,-14.6813,5.62637,-2.81319,25.1429,-5.44922,-17.9984,0.00674,0.13537,TripleIncreaseAngularVelo,seated
26.4522,284,0.0233933,-1.02796,0.0,0.0,0.0,0.0,-13.5385,-1.23077,5.18681,25.1429,-6.85547,-23.7959,0.00674,0.13537,TripleIncreaseAngularVelo,seated
26.5123,285,0.0224349,-0.796903,0.0,0.0,0.0,0.0,-13.5385,-2.9011,12.4835,25.1429,-7.91016,-25.7508,0.00674,0.13537,TripleIncreaseAngularVelo,seated
26.5723,286,0.021476,-0.536894,0.0,0.0,0.0,0.0,-12.7473,-2.9011,17.0549,25.1429,-8.96484,-23.4098,0.00674,0.13537,TripleIncreaseAngularVelo,seated
26.6324,287,0.0174491,-0.321753,0.0,0.0,0.0,0.0,-10.989,-19.5165,18.6374,25.1429,-9.49219,-19.3131,0.00674,0.13537,TripleIncreaseAngularVelo,seated
26.6925,288,0.011697,-0.152823,0.0,0.0,0.0,0.0,-7.2967,-21.1868,19.7802,25.1429,-9.66797,-14.0459,0.00674,0.13537,TripleIncreaseAngularVelo,seated
26.8361,289,0.0128471,0.0232013,0.0,0.0,0.0,0.0,-2.37363,-20.8352,18.6374,25.1429,-9.14062,-5.95279,0.00674,0.13537,TripleIncreaseAngularVelo,seated
27.0204,290,0.00249308,-0.191556,0.0,0.0,0.0,0.0,-7.12088,-14.7692,10.3736,25.1429,-5.97656,3.80515,0.00674,0.13537,TripleIncreaseAngularVelo,seated
27.1959,291,0.011697,-0.302003,0.0,0.0,0.0,0.0,-13.1868,-11.4286,8.35165,25.1429,-2.8125,9.86548,0.00674,0.13537,TripleIncreaseAngularVelo,seated
27.3422,292,0.00882071,-0.112748,0.0,0.0,0.0,0.0,-9.40659,-13.8901,12.8352,25.1429,-0.527344,12.6302,0.00674,0.13537,TripleIncreaseAngularVelo,seated
27.4836,293,0.000575717,0.117349,0.0,0.0,0.0,0.0,-5.89011,-18.8132,18.1099,25.1429,2.28516,15.1092,0.00674,0.13537,TripleIncreaseAngularVelo,seated
27.6234,294,-0.0017255,0.139209,0.0,0.0,0.0,0.0,-7.47253,-18.4615,17.2308,25.1429,5.27344,18.3065,0.00674,0.13537,TripleIncreaseAngularVelo,seated
27.7647,295,-0.00134212,-0.026653,0.0,0.0,0.0,0.0,-12.4835,-13.7143,10.2857,25.1429,8.08594,18.8926,0.00674,0.13537,TripleIncreaseAngularVelo,seated
27.8248,296,0.00325983,-0.101818,0.0,0.0,0.0,0.0,-13.5385,-13.1868,10.1978,25.1429,8.96484,18.728,0.00674,0.13537,TripleIncreaseAngularVelo,seated
27.8849,297,0.00383538,-0.140167,0.0,0.0,0.0,0.0,-15.8242,-13.0989,9.93407,25.1429,9.66797,18.7866,0.00674,0.13537,TripleIncreaseAngularVelo,seated
27.945,298,0.00498551,-0.153398,0.0,0.0,0.0,0.0,-14.3297,-12.7473,9.58242,25.1429,9.66797,16.002,0.00674,0.13537,TripleIncreaseAngularVelo,seated
28.005,299,0.00402706,-0.127512,0.0,0.0,0.0,0.0,-13.7143,-13.3626,10.5495,25.1429,9.66797,11.5166,0.00674,0.13537,TripleIncreaseAngularVelo,seated
28.0651,300,0.00268477,-0.0780412,0.0,0.0,0.0,0.0,-11.5165,-14.2418,11.8681,25.1429,9.14062,3.5116,0.00674,0.13537,TripleIncreaseAngularVelo,seated
28.2177,301,-0.00287611,0.0511964,0.0,0.0,0.0,0.0,-8.61539,-18.4615,17.5824,25.1429,7.55859,-3.57918,0.0188,0.1476,TripleIncreaseAngularVelo,extended
28.3552,302,-0.0159147,-0.0136144,0.0,0.0,0.0,0.0,-7.03297,-18.1099,16.6154,25.1429,5.44922,-8.96996,0.0188,0.1476,TripleIncreaseAngularVelo,extended
28.4952,303,-0.0272277,-0.393274,0.0,0.0,0.0,0.0,-12.4835,-21.8022,17.6703,25.1429,3.69141,-10.8616,0.0188,0.1476,TripleIncreaseAngularVelo,extended
28.6382,304,-0.0176404,-0.804765,0.0,0.0,0.0,0.0,-7.91209,-9.23077,2.9011,25.1429,1.23047,-13.3258,0.0188,0.1476,TripleIncreaseAngularVelo,extended
28.7014,305,-0.0128468,-0.955287,0.0,0.0,0.0,0.0,-8.0,-6.76923,1.93407,25.1429,0.175781,-14.0892,0.0188,0.1476,TripleIncreaseAngularVelo,extended
28.7614,306,-0.00901205,-1.06535,0.0,0.0,0.0,0.0,-8.79121,-5.27473,0.703297,25.1429,-0.878906,-15.5174,0.0188,0.1476,TripleIncreaseAngularVelo,extended
28.8258,307,-0.00651914,-1.11099,0.0,0.0,0.0,0.0,-10.989,-3.34066,-0.0879121,25.1429,-2.28516,-16.4366,0.0188,0.1476,TripleIncreaseAngularVelo,extended
28.8858,308,-0.00383455,-1.11501,0.0,0.0,0.0,0.0,-9.58242,-3.51648,0.879121,25.1429,-3.69141,-18.8997,0.0188,0.1476,TripleIncreaseAngularVelo,extended
28.9459,309,-0.000574891,-1.0734,0.0,0.0,0.0,0.0,-10.3736,-4.3956,2.37363,25.1429,-5.09766,-20.5654,0.0188,0.1476,TripleIncreaseAngularVelo,extended
29.006,310,0.00230139,-0.988075,0.0,0.0,0.0,0.0,-9.05494,-5.97802,5.01099,25.1429,-6.50391,-21.93,0.0188,0.1476,TripleIncreaseAngularVelo,extended
29.066,311,0.00345152,-0.901597,0.0,0.0,0.0,0.0,-9.58242,-8.79121,8.35165,25.1429,-7.55859,-21.9301,0.0188,0.1476,TripleIncreaseAngularVelo,extended
29.1261,312,0.00383538,-0.817804,0.0,0.0,0.0,0.0,-9.31868,-9.75824,10.1099,25.1429,-8.4375,-20.4836,0.0188,0.1476,TripleIncreaseAngularVelo,extended
29.1862,313,0.00383538,-0.758937,0.0,0.0,0.0,0.0,-9.31868,-9.75824,10.9011,25.1429,-8.96484,-17.5573,0.0188,0.1476,TripleIncreaseAngularVelo,extended
29.2463,314,0.00421875,-0.734393,0.0,0.0,0.0,0.0,-9.67033,-9.75824,10.8132,25.1429,-9.14062,-13.4606,0.0188,0.1476,TripleIncreaseAngularVelo,extended
29.3063,315,0.00287646,-0.738037,0.0,0.0,0.0,0.0,-10.3736,-9.75824,9.93407,25.1429,-8.96484,-8.19343,0.0188,0.1476,TripleIncreaseAngularVelo,extended
29.4464,316,0.000959094,-0.84484,0.0,0.0,0.0,0.0,-12.044,-7.64835,4.3956,25.1429,-7.73438,-0.46209,0.00674,0.13537,TripleIncreaseAngularVelo,seated
29.5825,317,0.0155317,-0.940522,0.0,0.0,0.0,0.0,-11.6923,-1.75824,1.93407,25.1429,-5.80078,5.77797,0.00674,0.13537,TripleIncreaseAngularVelo,seated
29.7196,318,0.0203254,-0.752609,0.0,0.0,0.0,0.0,-9.75824,8.96703,-5.71429,25.1429,-3.86719,9.55698,0.00674,0.13537,TripleIncreaseAngularVelo,seated
29.8777,319,0.0272285,-0.325971,0.0,0.0,0.0,0.0,-12.5714,-2.98901,11.6044,25.1429,-0.878906,13.0837,0.00674,0.13537,TripleIncreaseAngularVelo,seated
30.0192,320,0.0187914,0.148796,0.0,0.0,0.0,0.0,-2.46154,-21.0989,20.5714,13.2747,0.703125,13.5619,0.00674,0.13537,TripleIncreaseAngularVelo,seated
30.1759,321,0.00747841,0.395575,0.0,0.0,0.0,0.0,3.34066,-23.3846,21.8022,9.14286,3.69141,15.6637,0.00674,0.13537,TripleIncreaseAngularVelo,seated
30.3371,322,-0.00134212,0.134607,0.0,0.0,0.0,0.0,-6.50549,-18.1099,12.4835,14.8571,8.08594,18.4023,0.00674,0.13537,TripleIncreaseAngularVelo,seated
30.3971,323,1.74846e-07,-0.0717136,0.0,0.0,0.0,0.0,-10.4615,-13.3626,7.73626,14.8571,9.31641,19.4574,0.00674,0.13537,TripleIncreaseAngularVelo,seated
30.4572,324,0.00862902,-0.240452,0.0,0.0,0.0,0.0,-14.2418,-9.05494,6.32967,26.4615,10.1953,19.11,0.00674,0.13537,TripleIncreaseAngularVelo,seated
30.5173,325,0.00843733,-0.344571,0.0,0.0,0.0,0.0,-16.5275,-8.43956,6.15385,27.5165,10.5469,19.7637,0.00674,0.13537,TripleIncreaseAngularVelo,seated
30.5773,326,0.0105464,-0.355884,0.0,0.0,0.0,0.0,-16.4396,-8.87912,6.76923,25.4945,10.3711,16.6386,0.00674,0.13537,TripleIncreaseAngularVelo,seated
30.7407,327,0.00575274,-0.0983664,0.0,0.0,0.0,0.0,-9.49451,-15.2967,15.9121,24.8791,8.26172,0.435493,0.0188,0.1476,TripleIncreaseAngularVelo,extended
30.9307,328,-0.021859,0.130196,0.0,0.0,0.0,0.0,1.58242,-22.8571,17.6703,7.91209,4.39453,-9.22448,0.0188,0.1476,TripleIncreaseAngularVelo,extended
31.0863,329,-0.0329803,-0.322328,0.0,0.0,0.0,0.0,-8.35165,-25.3187,18.022,15.9121,3.33984,-10.8969,0.0188,0.1476,TripleIncreaseAngularVelo,extended
31.226,330,-0.00824482,-1.00802,0.0,0.0,0.0,0.0,-7.73626,-2.81319,-2.02198,26.2857,1.93359,-12.1539,0.0188,0.1476,TripleIncreaseAngularVelo,extended
31.3626,331,0.00153416,-1.36601,0.0,0.0,0.0,0.0,-14.0659,3.34066,-4.3956,30.5934,-0.351562,-13.6553,0.00674,0.13537,TripleIncreaseAngularVelo,seated
31.5348,332,0.0105464,-1.18232,0.0,0.0,0.0,0.0,-9.84615,2.37363,0.703297,28.2198,-5.44922,-17.266,0.0188,0.1476,TripleIncreaseAngularVelo,extended
31.5949,333,0.00498551,-1.00955,0.0,0.0,0.0,0.0,-11.4286,-4.13187,8.0,28.2198,-7.03125,-17.2032,0.0188,0.1476,TripleIncreaseAngularVelo,extended
31.6549,334,0.00728672,-0.827583,0.0,0.0,0.0,0.0,-2.02198,-4.13187,12.3956,28.2198,-8.4375,-20.7122,0.0188,0.1476,TripleIncreaseAngularVelo,extended
31.7961,335,0.00115078,-0.541687,0.0,0.0,0.0,0.0,-1.40659,-4.13187,17.2308,12.9231,-9.84375,-20.6577,0.00674,0.13537,TripleIncreaseAngularVelo,seated
31.8567,336,-0.000574891,-0.530566,0.0,0.0,0.0,0.0,-6.68132,-4.13187,14.9451,14.3297,-9.66797,-18.8532,0.00674,0.13537,TripleIncreaseAngularVelo,seated
31.9168,337,-0.000766579,-0.605731,0.0,0.0,0.0,0.0,-2.10989,-14.0659,8.87912,14.5055,-8.96484,-9.20317,0.00674,0.13537,TripleIncreaseAngularVelo,seated
32.0609,338,0.00977915,-0.93918,0.0,0.0,0.0,0.0,-9.31868,2.46154,-1.84615,14.5055,-6.50391,1.13159,0.00674,0.13537,TripleIncreaseAngularVelo,seated
32.1958,339,0.0249273,-0.963148,0.0,0.0,0.0,0.0,-16.7912,13.978,-10.022,14.5055,-4.39453,7.47483,0.00674,0.13537,TripleIncreaseAngularVelo,seated
32.3323,340,0.0291459,-0.564697,0.0,0.0,0.0,0.0,-20.1319,3.34066,7.73626,14.5055,-2.98828,12.7844,0.00674,0.13537,TripleIncreaseAngularVelo,seated
32.3954,341,0.028187,-0.284554,0.0,0.0,0.0,0.0,-10.9011,3.34066,13.2747,14.5055,-3.33984,11.7482,0.00674,0.13537,TripleIncreaseAngularVelo,seated
32.5737,342,0.0247356,0.484354,0.0,0.0,0.0,0.0,3.42857,-26.9011,22.9451,1.93407,-1.23047,11.7741,0.00674,0.13537,TripleIncreaseAngularVelo,seated
32.8006,343,0.00115078,0.10431,0.0,0.0,0.0,0.0,-4.3956,-18.6374,10.8132,24.6154,6.67969,17.8229,0.00674,0.13537,TripleIncreaseAngularVelo,seated
32.9585,344,0.0090124,-0.556068,0.0,0.0,0.0,0.0,-15.8242,0.615385,-3.16484,28.8352,10.0195,18.9004,0.00674,0.13537,TripleIncreaseAngularVelo,seated
33.019,345,0.0113131,-0.637561,0.0,0.0,0.0,0.0,-16.6154,3.07692,-3.78022,27.8681,10.5469,19.7112,0.00674,0.13537,TripleIncreaseAngularVelo,seated
33.0796,346,0.0162989,-0.598445,0.0,0.0,0.0,0.0,-14.6813,0.879121,0.263736,26.1099,10.5469,20.2946,0.00674,0.13537,TripleIncreaseAngularVelo,seated
33.1397,347,0.0136144,-0.450799,0.0,0.0,0.0,0.0,-16.0,-4.65934,8.17582,24.6154,10.0195,19.8765,0.00674,0.13537,TripleIncreaseAngularVelo,seated
33.2826,348,0.000767406,0.0701793,0.0,0.0,0.0,0.0,-1.84615,-19.7802,19.6044,11.0769,7.55859,1.82347,0.0188,0.1476,TripleIncreaseAngularVelo,extended
33.4384,349,-0.00402624,0.30392,0.0,0.0,0.0,0.0,14.0659,-26.8132,21.8022,7.47253,5.09766,-10.2541,0.0188,0.1476,TripleIncreaseAngularVelo,extended
33.5816,350,-0.0138057,-0.21169,0.0,0.0,0.0,0.0,-0.0879121,-30.0659,24.6154,27.4286,4.74609,-10.3107,0.0188,0.1476,TripleIncreaseAngularVelo,extended
33.7213,351,0.00441044,-0.975804,0.0,0.0,0.0,0.0,-7.20879,-3.6044,-2.81319,26.989,3.33984,-11.2315,0.0188,0.1476,TripleIncreaseAngularVelo,extended
33.7814,352,0.0130393,-1.29947,0.0,0.0,0.0,0.0,-6.50549,5.45055,-7.64835,30.2418,2.8125,-11.2314,0.0188,0.1476,TripleIncreaseAngularVelo,extended
33.8415,353,0.0161073,-1.44118,0.0,0.0,0.0,0.0,-12.8352,5.45055,-5.62637,34.9011,1.93359,-10.0648,0.0188,0.1476,TripleIncreaseAngularVelo,extended
33.9758,354,0.0232016,-1.44597,0.0,0.0,0.0,0.0,-14.3297,6.59341,-6.24176,28.5714,-1.93359,-13.0842,0.0188,0.1476,TripleIncreaseAngularVelo,extended
34.1106,355,0.0249273,-1.08874,0.0,0.0,0.0,0.0,-9.93407,0.703297,6.24176,28.5714,-6.32812,-20.9343,0.0188,0.1476,TripleIncreaseAngularVelo,extended
34.1707,356,0.0249273,-0.873027,0.0,0.0,0.0,0.0,-8.96703,0.703297,14.3297,28.5714,-7.73438,-24.646,0.0188,0.1476,TripleIncreaseAngularVelo,extended
34.2307,357,0.0201337,-0.688374,0.0,0.0,0.0,0.0,-10.3736,0.703297,19.2527,28.5714,-8.96484,-26.2107,0.0188,0.1476,TripleIncreaseAngularVelo,extended
34.2908,358,0.0162989,-0.56834,0.0,0.0,0.0,0.0,-11.5165,0.703297,17.9341,16.1758,-9.66797,-25.8195,0.0188,0.1476,TripleIncreaseAngularVelo,extended
34.3509,359,0.0113131,-0.5321,0.0,0.0,0.0,0.0,-8.7033,-20.3077,17.4945,17.7582,-9.84375,-21.0917,0.0188,0.1476,TripleIncreaseAngularVelo,extended
34.4109,360,0.00824517,-0.55511,0.0,0.0,0.0,0.0,-11.2527,-20.1319,16.4396,17.7582,-9.31641,-9.94924,0.0188,0.1476,TripleIncreaseAngularVelo,extended
34.5462,361,0.00498551,-0.864398,0.0,0.0,0.0,0.0,-9.84615,-8.35165,2.37363,17.7582,-7.73438,0.0,0.00674,0.13537,TripleIncreaseAngularVelo,seated
34.6914,362,0.018408,-1.20149,0.0,0.0,0.0,0.0,-14.5055,5.71429,-2.98901,17.7582,-5.625,7.24908,0.00674,0.13537,TripleIncreaseAngularVelo,seated
34.8304,363,0.0350901,-1.09948,0.0,0.0,0.0,0.0,-8.35165,19.956,-16.5275,17.7582,-4.21875,10.0975,0.00674,0.13537,TripleIncreaseAngularVelo,seated
34.9689,364,0.0341312,-0.589049,0.0,0.0,0.0,0.0,-11.1648,8.0,6.76923,17.7582,-2.28516,12.2301,0.00674,0.13537,TripleIncreaseAngularVelo,seated
35.1172,365,0.0272285,0.135949,0.0,0.0,0.0,0.0,4.92308,-22.2418,23.4725,14.0659,-0.878906,11.9467,0.00674,0.13537,TripleIncreaseAngularVelo,seated
35.2837,366,0.0203254,0.455784,0.0,0.0,0.0,0.0,9.05494,-24.967,23.4725,13.978,2.46094,13.824,0.00674,0.13537,TripleIncreaseAngularVelo,seated
35.4709,367,0.00287646,-0.154357,0.0,0.0,0.0,0.0,-8.26374,-14.3297,8.26374,31.2967,8.4375,18.0416,0.00674,0.13537,TripleIncreaseAngularVelo,seated
35.5564,368,0.0105464,-0.361636,0.0,0.0,0.0,0.0,-13.7143,-6.24176,3.69231,34.9011,10.1953,19.8557,0.00674,0.13537,TripleIncreaseAngularVelo,seated
35.6189,369,0.0134227,-0.452716,0.0,0.0,0.0,0.0,-18.1978,-6.59341,3.95604,34.8132,10.7227,20.0124,0.00674,0.13537,TripleIncreaseAngularVelo,seated
35.7612,370,0.0161073,-0.330573,0.0,0.0,0.0,0.0,-15.8242,-7.91209,7.56044,23.2967,9.49219,16.1039,0.0188,0.1476,TripleIncreaseAngularVelo,extended
35.9393,371,-0.00460178,0.143236,0.0,0.0,0.0,0.0,-1.31868,-26.2857,20.8352,12.2198,6.15234,5.63038,0.0188,0.1476,TripleIncreaseAngularVelo,extended
36.1297,372,-0.010546,-0.220701,0.0,0.0,0.0,0.0,-6.94506,-31.033,23.1209,17.5824,4.57031,-5.86966,0.0188,0.1476,TripleIncreaseAngularVelo,extended
36.3038,373,-0.00230056,-1.0966,0.0,0.0,0.0,0.0,-7.91209,-2.9011,-2.37363,34.3736,4.04297,-8.23141,0.0188,0.1476,TripleIncreaseAngularVelo,extended
36.3639,374,0.00210923,-1.37004,0.0,0.0,0.0,0.0,-11.4286,3.25275,-5.27473,38.0659,3.33984,-9.90985,0.0188,0.1476,TripleIncreaseAngularVelo,extended
36.5066,375,0.0191752,-1.49717,0.0,0.0,0.0,0.0,-14.5934,6.15385,-5.71429,35.6923,-0.351562,-13.2064,0.0188,0.1476,TripleIncreaseAngularVelo,extended
36.6416,376,0.0241606,-1.20322,0.0,0.0,0.0,0.0,-5.36264,-1.58242,3.78022,34.9011,-5.44922,-16.5206,0.0188,0.1476,TripleIncreaseAngularVelo,extended
36.7016,377,0.023585,-0.975228,0.0,0.0,0.0,0.0,-1.49451,-2.81319,11.2527,34.9011,-7.03125,-20.2858,0.0188,0.1476,TripleIncreaseAngularVelo,extended
36.7617,378,0.0203254,-0.636219,0.0,0.0,0.0,0.0,-0.879121,-2.81319,21.1868,34.9011,-8.4375,-27.2554,0.0188,0.1476,TripleIncreaseAngularVelo,extended
36.8478,379,0.0143811,-0.505639,0.0,0.0,0.0,0.0,5.27473,-23.033,18.7253,12.6593,-10.0195,-27.6087,0.0188,0.1476,TripleIncreaseAngularVelo,extended
36.9078,380,0.00862902,-0.467481,0.0,0.0,0.0,0.0,4.48352,-21.978,18.6374,15.033,-10.0195,-24.0949,0.0188,0.1476,TripleIncreaseAngularVelo,extended
36.9679,381,0.00364321,-0.497969,0.0,0.0,0.0,0.0,0.615385,-22.7692,18.5494,18.1099,-9.49219,-12.3897,0.0188,0.1476,TripleIncreaseAngularVelo,extended
37.028,382,1.74846e-07,-0.622605,0.0,0.0,0.0,0.0,-3.69231,-18.7253,11.6923,18.1099,-8.78906,-5.38682,0.0188,0.1476,TripleIncreaseAngularVelo,extended
37.1663,383,0.00364321,-1.09986,0.0,0.0,0.0,0.0,-8.87912,-0.615385,-2.63736,18.1099,-6.67969,4.34451,0.00674,0.13537,TripleIncreaseAngularVelo,seated
37.3087,384,0.0258862,-1.30101,0.0,0.0,0.0,0.0,-18.2857,9.49451,-6.32967,18.1099,-5.09766,10.6769,0.00674,0.13537,TripleIncreaseAngularVelo,seated
37.4946,385,0.0360486,-0.755486,0.0,0.0,0.0,0.0,-19.3407,8.26374,-2.46154,18.1099,-3.16406,11.6837,0.00674,0.13537,TripleIncreaseAngularVelo,seated
37.6351,386,0.0310633,-0.0742065,0.0,0.0,0.0,0.0,-10.2857,5.45055,17.4066,18.1099,-1.93359,11.3289,0.00674,0.13537,TripleIncreaseAngularVelo,seated
37.9047,387,0.0174491,0.381002,0.0,0.0,0.0,0.0,-2.46154,-24.4396,21.7143,12.2198,4.21875,14.8365,0.00674,0.13537,TripleIncreaseAngularVelo,seated
38.0779,388,0.0122721,-0.216292,0.0,0.0,0.0,0.0,-10.2857,-8.96703,5.01099,12.2198,9.31641,17.548,0.00674,0.13537,TripleIncreaseAngularVelo,seated
38.138,389,0.0176412,-0.384454,0.0,0.0,0.0,0.0,-12.9231,-7.03297,4.74725,36.7473,10.3711,18.6547,0.00674,0.13537,TripleIncreaseAngularVelo,seated
38.198,390,0.0203254,-0.435459,0.0,0.0,0.0,0.0,-15.1209,-7.2967,4.65934,35.956,10.7227,19.7412,0.00674,0.13537,TripleIncreaseAngularVelo,seated
38.3548,391,0.0157234,-0.208622,0.0,0.0,0.0,0.0,-6.59341,-10.989,12.044,34.9011,9.14062,15.387,0.0188,0.1476,TripleIncreaseAngularVelo,extended
38.542,392,-0.0111211,0.20843,0.0,0.0,0.0,0.0,15.6484,-25.5824,19.8681,10.022,5.625,2.20678,0.0188,0.1476,TripleIncreaseAngularVelo,extended
38.7016,393,-0.0237764,-0.213607,0.0,0.0,0.0,0.0,0.43956,-30.1538,24.1758,18.4615,5.09766,-6.76413,0.0188,0.1476,TripleIncreaseAngularVelo,extended
38.8402,394,-0.0111211,-0.876287,0.0,0.0,0.0,0.0,-7.38462,-5.89011,-0.527473,18.4615,4.39453,-8.51069,0.0188,0.1476,TripleIncreaseAngularVelo,extended
38.9003,395,-0.00364286,-1.19209,0.0,0.0,0.0,0.0,-11.1648,1.40659,-4.30769,36.6593,3.86719,-9.76221,0.0188,0.1476,TripleIncreaseAngularVelo,extended
39.0381,396,0.0107381,-1.46744,0.0,0.0,0.0,0.0,-17.3187,5.89011,-6.06593,38.7692,0.878906,-12.0912,0.0188,0.1476,TripleIncreaseAngularVelo,extended
39.1823,397,0.0197503,-1.24042,0.0,0.0,0.0,0.0,-12.4835,1.31868,1.31868,36.2198,-4.21875,-15.372,0.0188,0.1476,TripleIncreaseAngularVelo,extended
39.2428,398,0.018408,-1.03275,0.0,0.0,0.0,0.0,-11.5165,-3.07692,8.26374,36.2198,-6.15234,-20.7878,0.0188,0.1476,TripleIncreaseAngularVelo,extended
39.3045,399,0.0197503,-0.795178,0.0,0.0,0.0,0.0,-7.38462,-3.07692,16.0,36.2198,-7.73438,-26.1222,0.0188,0.1476,TripleIncreaseAngularVelo,extended
39.3646,400,0.0164906,-0.60132,0.0,0.0,0.0,0.0,-7.20879,-23.5604,21.5385,20.1319,-8.96484,-27.6365,0.0188,0.1476,TripleIncreaseAngularVelo,extended
39.4246,401,0.0139977,-0.502954,0.0,0.0,0.0,0.0,-6.15385,-22.5055,18.7253,16.6154,-9.84375,-27.7386,0.0188,0.1476,TripleIncreaseAngularVelo,extended
39.4847,402,0.00824517,-0.470165,0.0,0.0,0.0,0.0,-6.68132,-21.6264,18.4615,19.7802,-9.84375,-18.6014,0.0188,0.1476,TripleIncreaseAngularVelo,extended
39.6179,403,0.000383552,-0.700838,0.0,0.0,0.0,0.0,-8.35165,-15.6484,8.17582,19.8681,-8.61328,-6.56023,0.00674,0.13537,TripleIncreaseAngularVelo,seated
39.7555,404,0.0090124,-1.17119,0.0,0.0,0.0,0.0,-9.31868,4.57143,-4.13187,19.8681,-6.50391,2.72868,0.00674,0.13537,TripleIncreaseAngularVelo,seated
39.8953,405,0.0243522,-1.23485,0.0,0.0,0.0,0.0,-11.0769,24.7912,-23.033,19.8681,-5.09766,7.28645,0.00674,0.13537,TripleIncreaseAngularVelo,seated
40.0384,406,0.029721,-0.771976,0.0,0.0,0.0,0.0,-15.9121,13.2747,3.16484,19.8681,-3.16406,10.8832,0.00674,0.13537,TripleIncreaseAngularVelo,seated
40.0985,407,0.0279953,-0.491066,0.0,0.0,0.0,0.0,-13.3626,13.2747,10.1099,19.8681,-3.16406,10.8832,0.00674,0.13537,TripleIncreaseAngularVelo,seated
40.2358,408,0.0174491,0.292607,0.0,0.0,0.0,0.0,11.956,-28.9231,27.0769,9.84615,-2.63672,9.6718,0.00674,0.13537,TripleIncreaseAngularVelo,seated
40.3761,409,0.0141894,0.611866,0.0,0.0,0.0,0.0,9.23077,-28.2198,26.3736,9.31868,0.527344,11.3293,0.00674,0.13537,TripleIncreaseAngularVelo,seated
40.5223,410,-0.000383202,0.250806,0.0,0.0,0.0,0.0,0.263736,-22.5934,14.7692,30.0659,6.50391,18.503,0.00674,0.13537,TripleIncreaseAngularVelo,seated
40.6623,411,0.00805348,-0.47285,0.0,0.0,0.0,0.0,-14.3297,-1.49451,-1.05495,36.5714,10.0195,21.1305,0.00674,0.13537,TripleIncreaseAngularVelo,seated
40.7224,412,0.0162989,-0.640821,0.0,0.0,0.0,0.0,-18.2857,2.9011,-4.57143,35.2527,10.7227,22.2576,0.00674,0.13537,TripleIncreaseAngularVelo,seated
40.7825,413,0.0195586,-0.702755,0.0,0.0,0.0,0.0,-17.7582,5.53846,-5.62637,33.7582,10.7227,24.4396,0.00674,0.13537,TripleIncreaseAngularVelo,seated
40.8425,414,0.0209009,-0.640245,0.0,0.0,0.0,0.0,-18.4615,1.93407,0.175824,33.7582,10.5469,21.4822,0.00674,0.13537,TripleIncreaseAngularVelo,seated
40.9843,415,0.01534,-0.0788085,0.0,0.0,0.0,0.0,-9.75824,-1.75824,17.8462,19.4286,8.26172,3.80484,0.0188,0.1476,TripleIncreaseAngularVelo,extended
41.1442,416,-0.00230056,0.383879,0.0,0.0,0.0,0.0,12.5714,-28.9231,24.1758,9.58242,4.92188,-10.5787,0.0188,0.1476,TripleIncreaseAngularVelo,extended
41.2852,417,-0.00383455,-0.0304882,0.0,0.0,0.0,0.0,-4.74725,-31.5604,25.8462,17.9341,4.21875,-11.5561,0.0188,0.1476,TripleIncreaseAngularVelo,extended
41.4216,418,-0.0111211,-0.812243,0.0,0.0,0.0,0.0,-2.72527,-9.31868,1.84615,32.6154,4.21875,-10.1762,0.0188,0.1476,TripleIncreaseAngularVelo,extended
41.4817,419,-0.0030678,-1.25997,0.0,0.0,0.0,0.0,-4.83517,3.69231,-6.59341,36.6593,3.86719,-10.4506,0.0188,0.1476,TripleIncreaseAngularVelo,extended
41.5417,420,0.000767406,-1.55354,0.0,0.0,0.0,0.0,-12.3956,8.61539,-8.0,41.2308,3.33984,-8.82996,0.0188,0.1476,TripleIncreaseAngularVelo,extended
41.6782,421,0.0172574,-1.61279,0.0,0.0,0.0,0.0,-15.1209,9.14286,-8.0,37.4506,-0.351562,-9.87534,0.0188,0.1476,TripleIncreaseAngularVelo,extended
41.818,422,0.0268447,-1.30197,0.0,0.0,0.0,0.0,-4.92308,0.615385,2.63736,21.978,-5.625,-18.477,0.0188,0.1476,TripleIncreaseAngularVelo,extended
41.878,423,0.0272285,-1.01319,0.0,0.0,0.0,0.0,-2.81319,-0.615385,15.033,21.7143,-7.55859,-25.8025,0.0188,0.1476,TripleIncreaseAngularVelo,extended
41.9381,424,0.025119,-0.716753,0.0,0.0,0.0,0.0,-2.37363,-24.5275,23.8242,18.3736,-9.14062,-28.4983,0.0188,0.1476,TripleIncreaseAngularVelo,extended
41.9982,425,0.0216677,-0.499886,0.0,0.0,0.0,0.0,6.59341,-24.1758,20.6593,11.5165,-10.5469,-30.4238,0.0188,0.1476,TripleIncreaseAngularVelo,extended
42.1346,426,0.0103547,-0.401136,0.0,0.0,0.0,0.0,-1.23077,-24.3516,21.011,19.4286,-10.1953,-21.569,0.00674,0.13537,TripleIncreaseAngularVelo,seated
42.1949,427,0.00556105,-0.537277,0.0,0.0,0.0,0.0,-2.98901,-19.6044,13.2747,21.8022,-9.14062,-9.32701,0.00674,0.13537,TripleIncreaseAngularVelo,seated
42.3319,428,0.0115053,-1.13189,0.0,0.0,0.0,0.0,-7.73626,4.83517,-5.27473,21.8022,-6.50391,2.3238,0.00674,0.13537,TripleIncreaseAngularVelo,seated
42.4669,429,0.0421845,-1.32594,0.0,0.0,0.0,0.0,-17.8462,26.8132,-24.8791,21.8022,-4.39453,8.9745,0.00674,0.13537,TripleIncreaseAngularVelo,seated
42.6029,430,0.0467865,-1.01665,0.0,0.0,0.0,0.0,-21.978,16.4396,-5.71429,21.8022,-2.63672,13.0806,0.00674,0.13537,TripleIncreaseAngularVelo,seated
42.663,431,0.0481288,-0.698728,0.0,0.0,0.0,0.0,-19.2527,16.4396,2.46154,21.8022,-2.8125,13.9726,0.00674,0.13537,TripleIncreaseAngularVelo,seated
42.8008,432,0.0362408,0.233165,0.0,0.0,0.0,0.0,-1.31868,-28.7473,27.956,10.6374,-2.8125,10.4438,0.00674,0.13537,TripleIncreaseAngularVelo,seated
42.8609,433,0.0270368,0.585022,0.0,0.0,0.0,0.0,19.956,-28.3077,22.7692,0.879121,-2.63672,7.31054,0.00674,0.13537,TripleIncreaseAngularVelo,seated
43.0003,434,0.0264613,0.699495,0.0,0.0,0.0,0.0,15.9121,-29.2747,25.3187,9.14286,1.40625,10.8755,0.00674,0.13537,TripleIncreaseAngularVelo,seated
43.1443,435,0.00651949,0.159725,0.0,0.0,0.0,0.0,0.615385,-19.7802,10.7253,33.4066,7.91016,19.4798,0.00674,0.13537,TripleIncreaseAngularVelo,seated
43.2044,436,0.0176412,-0.240068,0.0,0.0,0.0,0.0,-13.3626,-7.47253,2.81319,38.1538,9.66797,23.0509,0.00674,0.13537,TripleIncreaseAngularVelo,seated
43.2645,437,0.0212843,-0.641012,0.0,0.0,0.0,0.0,-12.2198,2.37363,-4.74725,39.4725,10.8984,29.5717,0.00674,0.13537,TripleIncreaseAngularVelo,seated
43.3318,438,0.0278036,-0.822406,0.0,0.0,0.0,0.0,-16.5275,8.61539,-9.31868,38.4176,11.6016,30.2379,0.00674,0.13537,TripleIncreaseAngularVelo,seated
43.3918,439,0.0314466,-0.870534,0.0,0.0,0.0,0.0,-14.8571,10.1978,-9.31868,35.956,11.4258,25.5924,0.00674,0.13537,TripleIncreaseAngularVelo,seated
43.4519,440,0.0324056,-0.777728,0.0,0.0,0.0,0.0,-16.6154,5.53846,-3.07692,33.6703,10.8984,9.71572,0.00674,0.13537,TripleIncreaseAngularVelo,seated
43.5916,441,0.0245439,-0.119842,0.0,0.0,0.0,0.0,-3.07692,3.78022,19.8681,21.1868,8.08594,-4.08593,0.0188,0.1476,TripleIncreaseAngularVelo,extended
43.7277,442,0.00460213,0.444854,0.0,0.0,0.0,0.0,25.8462,-28.4835,26.9011,7.91209,4.57031,-13.6603,0.0188,0.1476,TripleIncreaseAngularVelo,extended
43.8681,443,-0.00747806,0.166245,0.0,0.0,0.0,0.0,4.57143,-36.8352,29.6264,16.0879,2.98828,-16.0598,0.0188,0.1476,TripleIncreaseAngularVelo,extended
44.0088,444,-0.00517685,-0.614168,0.0,0.0,0.0,0.0,2.81319,-18.989,8.7033,34.2857,3.33984,-13.1056,0.0188,0.1476,TripleIncreaseAngularVelo,extended
44.1474,445,0.00594443,-1.61202,0.0,0.0,0.0,0.0,-12.9231,12.3077,-10.9011,42.1978,2.63672,-11.8781,0.00674,0.13537,TripleIncreaseAngularVelo,seated
44.3361,446,0.0331728,-1.66993,0.0,0.0,0.0,0.0,-19.5165,17.1429,-15.7363,37.5385,-2.63672,-14.4025,0.0188,0.1476,TripleIncreaseAngularVelo,extended
44.4705,447,0.0343229,-1.2571,0.0,0.0,0.0,0.0,-10.1978,5.8022,6.32967,24.0,-7.20703,-15.8565,0.0188,0.1476,TripleIncreaseAngularVelo,extended
44.5305,448,0.0358569,-0.883573,0.0,0.0,0.0,0.0,-5.36264,5.8022,21.4506,22.1538,-8.96484,-18.0449,0.0188,0.1476,TripleIncreaseAngularVelo,extended
44.5906,449,0.0320222,-0.570449,0.0,0.0,0.0,0.0,-4.48352,-24.8791,21.7143,12.4835,-10.7227,-24.173,0.0188,0.1476,TripleIncreaseAngularVelo,extended
44.6506,450,0.0218593,-0.380236,0.0,0.0,0.0,0.0,6.68132,-23.3846,20.9231,9.84615,-11.4258,-27.9471,0.0188,0.1476,TripleIncreaseAngularVelo,extended
44.7867,451,0.0162989,-0.330189,0.0,0.0,0.0,0.0,-1.67033,-24.3516,19.7802,18.022,-10.3711,-17.1635,0.00674,0.13537,TripleIncreaseAngularVelo,seated
44.8468,452,0.0111214,-0.490682,0.0,0.0,0.0,0.0,-8.79121,-19.956,13.2747,18.022,-8.61328,-3.73678,0.00674,0.13537,TripleIncreaseAngularVelo,seated
44.9821,453,0.0118887,-1.12613,0.0,0.0,0.0,0.0,-7.73626,8.08791,-7.03297,18.022,-5.44922,7.78487,0.00674,0.13537,TripleIncreaseAngularVelo,seated
45.1145,454,0.0341312,-1.39362,0.0,0.0,0.0,0.0,-17.4945,28.5714,-26.5494,18.022,-2.8125,15.0988,0.00674,0.13537,TripleIncreaseAngularVelo,seated
45.2789,455,0.0441024,-0.847908,0.0,0.0,0.0,0.0,-16.1758,18.1978,-2.81319,18.022,-1.05469,16.5072,0.00674,0.13537,TripleIncreaseAngularVelo,seated
45.4183,456,0.0264613,0.0161069,0.0,0.0,0.0,0.0,1.58242,-24.6154,26.3736,15.7363,-1.05469,14.7501,0.00674,0.13537,TripleIncreaseAngularVelo,seated
45.4788,457,0.0258862,0.480136,0.0,0.0,0.0,0.0,25.4945,-30.0659,24.3516,2.98901,-1.23047,11.6819,0.00674,0.13537,TripleIncreaseAngularVelo,seated
45.6352,458,0.0260779,0.737653,0.0,0.0,0.0,0.0,36.6593,-30.0659,26.4615,6.68132,2.28516,11.8422,0.00674,0.13537,TripleIncreaseAngularVelo,seated
45.8192,459,0.00479382,-0.0166823,0.0,0.0,0.0,0.0,-9.93407,-13.5385,7.12088,36.3077,9.66797,17.7089,0.00674,0.13537,TripleIncreaseAngularVelo,seated
45.8793,460,0.0187914,-0.454442,0.0,0.0,0.0,0.0,-14.7692,-2.46154,-1.67033,39.8242,11.0742,20.202,0.00674,0.13537,TripleIncreaseAngularVelo,seated
45.9395,461,0.0274202,-0.771976,0.0,0.0,0.0,0.0,-20.3956,6.76923,-8.43956,40.0,11.9531,24.9578,0.00674,0.13537,TripleIncreaseAngularVelo,seated
45.9996,462,0.0304882,-0.934386,0.0,0.0,0.0,0.0,-20.4835,10.6374,-11.3407,38.4176,11.9531,25.3136,0.00674,0.13537,TripleIncreaseAngularVelo,seated
46.0597,463,0.0345146,-0.937262,0.0,0.0,0.0,0.0,-19.956,10.2857,-9.31868,35.5165,11.4258,21.5351,0.00674,0.13537,TripleIncreaseAngularVelo,seated
46.2042,464,0.0264613,-0.391549,0.0,0.0,0.0,0.0,-15.9121,5.36264,12.9231,24.6154,8.4375,-3.19597,0.0188,0.1476,TripleIncreaseAngularVelo,extended
46.4479,465,-0.00498516,0.335942,0.0,0.0,0.0,0.0,-14.0659,-32.1758,24.7912,8.7033,1.75781,-16.3844,0.0188,0.1476,TripleIncreaseAngularVelo,extended
46.5817,466,-0.0103543,-0.0304882,0.0,0.0,0.0,0.0,-2.81319,-38.1538,25.4066,24.4396,1.23047,-16.6969,0.0188,0.1476,TripleIncreaseAngularVelo,extended
46.726,467,0.0151483,-1.06075,0.0,0.0,0.0,0.0,-8.0,-4.13187,-2.54945,38.6813,1.40625,-14.5197,0.00674,0.13537,TripleIncreaseAngularVelo,seated
46.8752,468,0.0546481,-1.86455,0.0,0.0,0.0,0.0,-16.6154,23.2967,-27.2527,40.1758,-0.703125,-14.8721,0.00674,0.13537,TripleIncreaseAngularVelo,seated
46.9368,469,0.063852,-1.90846,0.0,0.0,0.0,0.0,-12.6593,29.2747,-29.0989,37.6264,-2.63672,-15.1174,0.00674,0.13537,TripleIncreaseAngularVelo,seated
46.9968,470,0.0751654,-1.75641,0.0,0.0,0.0,0.0,-13.3626,32.967,-30.8571,37.6264,-4.21875,-10.8875,0.00674,0.13537,TripleIncreaseAngularVelo,seated
47.0569,471,0.0673038,-1.51481,0.0,0.0,0.0,0.0,-10.7253,24.0,-20.3956,37.6264,-5.625,-14.4268,0.00674,0.13537,TripleIncreaseAngularVelo,seated
47.1189,472,0.0596339,-1.13936,0.0,0.0,0.0,0.0,-11.956,23.033,-3.69231,37.6264,-7.03125,-21.4738,0.00674,0.13537,TripleIncreaseAngularVelo,seated
47.179,473,0.048896,-0.7296,0.0,0.0,0.0,0.0,-3.34066,23.033,12.9231,22.4176,-8.96484,-27.1992,0.00674,0.13537,TripleIncreaseAngularVelo,seated
47.2405,474,0.0335562,-0.248505,0.0,0.0,0.0,0.0,7.56044,23.033,20.6593,14.6813,-10.5469,-26.0415,0.00674,0.13537,TripleIncreaseAngularVelo,seated
47.3795,475,0.0400755,0.454634,0.0,0.0,0.0,0.0,5.18681,-27.0769,25.5824,4.48352,-12.3047,-21.1331,0.00674,0.13537,TripleIncreaseAngularVelo,seated
47.4395,476,0.0414178,0.496435,0.0,0.0,0.0,0.0,-53.6264,-27.6923,26.9011,7.82418,-11.6016,-15.6201,0.00674,0.13537,TripleIncreaseAngularVelo,seated
47.4996,477,0.0318305,0.440444,0.0,0.0,0.0,0.0,-17.7582,-28.1319,25.5824,16.8791,-10.0195,-7.84934,0.00674,0.13537,TripleIncreaseAngularVelo,seated
47.6345,478,0.00958746,-0.136908,0.0,0.0,0.0,0.0,-13.011,-15.3846,7.82418,36.3956,-4.92188,8.87585,0.00674,0.13537,TripleIncreaseAngularVelo,seated
47.7758,479,0.0383498,-0.86459,0.0,0.0,0.0,0.0,-21.0989,2.28571,-2.54945,46.2418,-0.527344,18.7197,0.00674,0.13537,TripleIncreaseAngularVelo,seated
47.9108,480,0.0356652,-0.780029,0.0,0.0,0.0,0.0,-19.7802,3.51648,-2.46154,33.3187,0.878906,24.8114,0.00674,0.13537,TripleIncreaseAngularVelo,seated
48.0476,481,0.0180246,-0.168163,0.0,0.0,0.0,0.0,-8.87912,-4.04396,17.7582,19.3407,1.40625,21.3921,0.00674,0.13537,TripleIncreaseAngularVelo,seated
48.1886,482,0.00306815,0.494325,0.0,0.0,0.0,0.0,8.96703,-24.8791,20.2198,6.76923,2.46094,18.1137,0.00674,0.13537,TripleIncreaseAngularVelo,seated
48.3269,483,0.00210923,0.486847,0.0,0.0,0.0,0.0,6.50549,-25.9341,21.0989,17.6703,6.15234,15.993,0.00674,0.13537,TripleIncreaseAngularVelo,seated
48.387,484,-0.000191514,0.300277,0.0,0.0,0.0,0.0,1.93407,-23.9121,16.6154,27.956,8.26172,14.3798,0.00674,0.13537,TripleIncreaseAngularVelo,seated
48.4479,485,-0.00402624,0.0421842,0.0,0.0,0.0,0.0,-5.97802,-17.1429,10.1978,32.7033,9.66797,16.3644,0.00674,0.13537,TripleIncreaseAngularVelo,seated
48.508,486,0.00575274,-0.257517,0.0,0.0,0.0,0.0,-9.31868,-7.38462,3.95604,35.0769,10.7227,20.2366,0.00674,0.13537,TripleIncreaseAngularVelo,seated
48.568,487,0.0051772,-0.514267,0.0,0.0,0.0,0.0,-9.23077,-1.05495,-0.615385,36.8352,11.25,23.1637,0.00674,0.13537,TripleIncreaseAngularVelo,seated
48.6281,488,0.0124637,-0.632576,0.0,0.0,0.0,0.0,-12.044,1.40659,-1.93407,37.0989,11.25,16.9245,0.00674,0.13537,TripleIncreaseAngularVelo,seated
48.7604,489,0.0124637,-0.476109,0.0,0.0,0.0,0.0,-8.17582,-4.21978,6.68132,30.5934,9.14062,2.35327,0.0188,0.1476,TripleIncreaseAngularVelo,extended
48.9119,490,0.00268477,0.0224345,0.0,0.0,0.0,0.0,3.95604,-23.7363,22.9451,18.1099,4.92188,-10.2285,0.0188,0.1476,TripleIncreaseAngularVelo,extended
49.0477,491,-0.018216,0.0479367,0.0,0.0,0.0,0.0,-2.37363,-31.2967,27.956,16.7033,1.75781,-16.6092,0.0188,0.1476,TripleIncreaseAngularVelo,extended
49.1852,492,-0.0130385,-0.333066,0.0,0.0,0.0,0.0,-0.791209,-24.8791,14.0659,25.7582,0.878906,-16.8041,0.0188,0.1476,TripleIncreaseAngularVelo,extended
49.3296,493,-0.00249225,-1.22086,0.0,0.0,0.0,0.0,-9.23077,2.1978,-5.45055,36.1319,0.351562,-15.5361,0.00674,0.13537,TripleIncreaseAngularVelo,seated
49.4895,494,0.0249273,-1.68316,0.0,0.0,0.0,0.0,-22.2418,20.044,-24.0879,36.8352,-2.46094,-15.914,0.00674,0.13537,TripleIncreaseAngularVelo,seated
49.5495,495,0.0356652,-1.64692,0.0,0.0,0.0,0.0,-18.3736,24.5275,-22.3297,36.8352,-4.21875,-14.3362,0.00674,0.13537,TripleIncreaseAngularVelo,seated
49.6096,496,0.0383498,-1.47569,0.0,0.0,0.0,0.0,-15.8242,24.6154,-20.7473,36.8352,-5.80078,-13.4532,0.00674,0.13537,TripleIncreaseAngularVelo,seated
49.6696,497,0.0373909,-1.16774,0.0,0.0,0.0,0.0,-16.0,13.978,-8.52747,36.8352,-6.85547,-15.9662,0.00674,0.13537,TripleIncreaseAngularVelo,seated
49.7297,498,0.0375826,-0.75702,0.0,0.0,0.0,0.0,-14.5055,13.2747,8.26374,36.8352,-8.08594,-21.0879,0.00674,0.13537,TripleIncreaseAngularVelo,seated
49.795,499,0.0306799,-0.45751,0.0,0.0,0.0,0.0,-8.7033,13.2747,15.8242,19.7802,-9.84375,-24.1645,0.00674,0.13537,TripleIncreaseAngularVelo,seated
49.8551,500,0.0287625,-0.0076701,0.0,0.0,0.0,0.0,7.56044,13.2747,21.7143,14.7692,-10.8984,-21.8603,0.00674,0.13537,TripleIncreaseAngularVelo,seated
50.0112,501,0.0243522,0.389056,0.0,0.0,0.0,0.0,2.46154,-25.5824,24.5275,11.6044,-10.8984,-12.6919,0.00674,0.13537,TripleIncreaseAngularVelo,seated
50.0718,502,0.019942,0.347063,0.0,0.0,0.0,0.0,8.08791,-26.5494,24.0879,17.5824,-9.49219,-6.55653,0.00674,0.13537,TripleIncreaseAngularVelo,seated
50.2426,503,0.00671118,-0.335942,0.0,0.0,0.0,0.0,-8.26374,-9.05494,4.74725,38.2418,-3.69141,8.56819,0.00674,0.13537,TripleIncreaseAngularVelo,seated
50.4187,504,0.0210926,-0.665173,0.0,0.0,0.0,0.0,-16.967,-3.07692,2.02198,41.1429,0.175781,16.064,0.00674,0.13537,TripleIncreaseAngularVelo,seated
50.5588,505,0.019942,-0.319452,0.0,0.0,0.0,0.0,-7.12088,-7.64835,10.022,22.8571,0.703125,16.4851,0.00674,0.13537,TripleIncreaseAngularVelo,seated
50.8306,506,0.0090124,0.433349,0.0,0.0,0.0,0.0,6.50549,-25.4066,22.0659,15.7363,4.92188,19.3074,0.00674,0.13537,TripleIncreaseAngularVelo,seated
51.0099,507,0.00230139,-0.0483205,0.0,0.0,0.0,0.0,-13.011,-13.978,7.64835,22.8571,9.84375,20.6113,0.00674,0.13537,TripleIncreaseAngularVelo,seated
51.07,508,0.00805348,-0.312357,0.0,0.0,0.0,0.0,-13.978,-6.68132,3.86813,22.8571,10.7227,17.4213,0.00674,0.13537,TripleIncreaseAngularVelo,seated
51.13,509,0.0105464,-0.478219,0.0,0.0,0.0,0.0,-16.0879,-3.6044,1.75824,22.8571,11.0742,15.3212,0.00674,0.13537,TripleIncreaseAngularVelo,seated
51.1999,510,0.014765,-0.505255,0.0,0.0,0.0,0.0,-16.5275,-3.6044,2.72527,22.8571,10.8984,15.9037,0.00674,0.13537,TripleIncreaseAngularVelo,seated
51.337,511,0.0115053,-0.315425,0.0,0.0,0.0,0.0,-11.5165,-8.17582,10.022,22.8571,8.4375,6.94297,0.0188,0.1476,TripleIncreaseAngularVelo,extended
51.5299,512,-0.0138057,0.128279,0.0,0.0,0.0,0.0,6.15385,-24.3516,18.6374,12.9231,3.51562,-12.1694,0.0188,0.1476,TripleIncreaseAngularVelo,extended
51.6706,513,-0.0178321,-0.165862,0.0,0.0,0.0,0.0,-3.07692,-32.0,26.4615,19.6044,2.10938,-14.3408,0.0188,0.1476,TripleIncreaseAngularVelo,extended
51.8099,514,-0.0116962,-0.866316,0.0,0.0,0.0,0.0,-3.34066,-10.7253,4.13187,19.6044,1.23047,-14.4791,0.0188,0.1476,TripleIncreaseAngularVelo,extended
51.9497,515,0.0051772,-1.46821,0.0,0.0,0.0,0.0,-11.1648,5.71429,-5.53846,19.6044,-0.351562,-15.0033,0.00674,0.13537,TripleIncreaseAngularVelo,seated
52.0098,516,0.0157234,-1.53782,0.0,0.0,0.0,0.0,-13.8022,8.7033,-7.47253,19.6044,-1.75781,-15.1528,0.00674,0.13537,TripleIncreaseAngularVelo,seated
52.0699,517,0.0209009,-1.54108,0.0,0.0,0.0,0.0,-12.7473,11.8681,-10.7253,19.6044,-3.51562,-13.022,0.00674,0.13537,TripleIncreaseAngularVelo,seated
52.1299,518,0.0212843,-1.46457,0.0,0.0,0.0,0.0,-10.7253,13.3626,-10.1099,19.6044,-5.27344,-16.0727,0.00674,0.13537,TripleIncreaseAngularVelo,seated
52.19,519,0.0243522,-1.27646,0.0,0.0,0.0,0.0,-8.87912,6.94506,-1.05495,19.6044,-6.50391,-20.3486,0.00674,0.13537,TripleIncreaseAngularVelo,seated
52.2501,520,0.0278036,-1.07417,0.0,0.0,0.0,0.0,-7.56044,-0.43956,9.14286,19.6044,-7.55859,-23.9957,0.00674,0.13537,TripleIncreaseAngularVelo,seated
52.3101,521,0.0293376,-0.763539,0.0,0.0,0.0,0.0,-6.94506,-0.43956,15.4725,19.6044,-8.96484,-23.9957,0.00674,0.13537,TripleIncreaseAngularVelo,seated
52.3702,522,0.0239689,-0.337668,0.0,0.0,0.0,0.0,-3.6044,-0.43956,17.3187,19.6044,-9.84375,-21.0695,0.00674,0.13537,TripleIncreaseAngularVelo,seated
52.455,523,0.019942,-0.0686456,0.0,0.0,0.0,0.0,1.31868,-23.5604,22.5934,19.6044,-10.3711,-15.6823,0.00674,0.13537,TripleIncreaseAngularVelo,seated
52.5289,524,0.0162989,0.101435,0.0,0.0,0.0,0.0,-0.967033,-26.3736,24.0879,19.6044,-10.1953,-10.8924,0.00674,0.13537,TripleIncreaseAngularVelo,seated
52.5936,525,0.01534,0.128662,0.0,0.0,0.0,0.0,-3.6044,-22.9451,19.8681,18.2857,-9.49219,-5.62772,0.00674,0.13537,TripleIncreaseAngularVelo,seated