0.000287056,0,-0.00383455,-0.161643,0.0,0.0,0.0,0.0,-5.71429,-9.14286,12.8352,0.351648,0.175781,0.0,0.00674,0.13537,None,seated
0.060358,1,-0.00671083,-0.160685,0.0,0.0,0.0,0.0,-5.53846,-9.14286,12.8352,0.43956,0.175781,0.0,0.00674,0.13537,Nothing,seated
0.120423,2,-0.00958711,-0.159534,0.0,0.0,0.0,0.0,-5.71429,-9.14286,12.8352,0.351648,0.175781,0.0,0.00674,0.13537,Nothing,seated
0.185164,3,-0.0097788,-0.157617,0.0,0.0,0.0,0.0,-5.62637,-9.14286,12.8352,0.263736,0.175781,0.0,0.00674,0.13537,Nothing,seated
0.245235,4,-0.0097788,-0.153782,0.0,0.0,0.0,0.0,-5.71429,-9.14286,12.8352,0.263736,0.0,0.0,0.00674,0.13537,Nothing,seated
0.306393,5,-0.0126551,-0.147837,0.0,0.0,0.0,0.0,-5.62637,-9.14286,12.8352,0.175824,0.0,-0.574249,0.00674,0.13537,Nothing,seated
0.366784,6,-0.0107377,-0.139784,0.0,0.0,0.0,0.0,-5.89011,-9.14286,12.8352,0.263736,0.0,-0.57365,0.00674,0.13537,Nothing,seated
0.426856,7,-0.0193661,-0.131922,0.0,0.0,0.0,0.0,-6.15385,-9.14286,12.8352,0.263736,0.175781,0.0,0.00674,0.13537,Nothing,seated
0.486898,8,-0.017257,-0.12502,0.0,0.0,0.0,0.0,-7.03297,-9.14286,12.8352,0.263736,0.175781,0.0,0.00674,0.13537,Nothing,seated
0.546969,9,-0.0180243,-0.11083,0.0,0.0,0.0,0.0,-8.35165,-9.14286,12.8352,0.263736,0.175781,0.58257,0.00674,0.13537,Nothing,seated
0.608291,10,-0.0178321,-0.101051,0.0,0.0,0.0,0.0,-10.8132,-9.14286,12.9231,0.263736,0.351562,1.16451,0.00674,0.13537,Nothing,seated
0.668364,11,-0.0193661,-0.0753571,0.0,0.0,0.0,0.0,-13.8022,-9.14286,12.5714,0.175824,0.527344,1.7486,0.00674,0.13537,Nothing,seated
0.728436,12,-0.0139974,-0.0671117,0.0,0.0,0.0,0.0,-17.5824,-9.14286,12.6593,0.263736,0.703125,1.7486,0.00674,0.13537,Nothing,seated
0.788506,13,-0.0124634,-0.0533058,0.0,0.0,0.0,0.0,-21.0989,-9.14286,12.7473,0.0,1.05469,2.91407,0.00674,0.13537,Nothing,seated
0.848572,14,1.74846e-07,-0.0467865,0.0,0.0,0.0,0.0,-24.7912,-9.14286,12.8352,-0.263736,1.58203,4.66259,0.00674,0.13537,Nothing,seated
0.908644,15,-0.00766975,-0.0418012,0.0,0.0,0.0,0.0,-28.5714,-9.14286,12.9231,-0.527473,2.10938,5.85249,0.00674,0.13537,Nothing,seated
0.968713,16,0.00210923,-0.0485122,0.0,0.0,0.0,0.0,-32.5275,-9.14286,12.6593,-0.703297,2.63672,7.02308,0.00674,0.13537,Nothing,seated
1.02946,17,-0.00383455,-0.0383498,0.0,0.0,0.0,0.0,-35.8681,-9.14286,12.8352,-0.879121,3.33984,8.75902,0.00674,0.13537,Nothing,seated
1.08954,18,0.00210923,-0.0456359,0.0,0.0,0.0,0.0,-38.5934,-9.14286,12.7473,-0.967033,3.86719,9.34293,0.00674,0.13537,Nothing,seated
1.14961,19,0.00690335,-0.0487038,0.0,0.0,0.0,0.0,-40.0,-9.14286,12.8352,-0.967033,4.57031,9.92669,0.00674,0.13537,Nothing,seated
1.21077,20,0.00786179,-0.0584833,0.0,0.0,0.0,0.0,-39.9121,-9.14286,12.8352,-0.879121,5.09766,9.89075,0.00674,0.13537,Nothing,seated
1.27085,21,0.00862902,-0.0534975,0.0,0.0,0.0,0.0,-38.5934,-9.14286,12.8352,-0.615385,5.44922,9.30884,0.00674,0.13537,Nothing,seated
1.33315,22,0.0105464,-0.0580994,0.0,0.0,0.0,0.0,-36.4835,-9.14286,12.8352,-0.175824,5.97656,8.68244,0.00674,0.13537,Nothing,seated
1.39453,23,0.0113131,-0.0671117,0.0,0.0,0.0,0.0,-33.4066,-9.14286,12.7473,0.43956,6.32812,8.06891,0.00674,0.13537,Nothing,seated
1.4546,24,0.00594443,-0.145728,0.0,0.0,0.0,0.0,-29.7143,-9.14286,12.7473,0.615385,6.50391,6.33986,0.00674,0.13537,Nothing,seated
1.51739,25,0.00210923,-0.142852,0.0,0.0,0.0,0.0,-25.0549,-9.14286,12.5714,0.703297,6.50391,4.58628,0.00674,0.13537,Nothing,seated
1.57747,26,-0.000958268,-0.154741,0.0,0.0,0.0,0.0,-19.2527,-9.14286,12.5714,0.703297,6.50391,3.43972,0.00674,0.13537,Nothing,seated
1.63768,27,-0.00479347,-0.149755,0.0,0.0,0.0,0.0,-11.956,-9.14286,12.5714,0.615385,6.15234,0.577229,0.00674,0.13537,Nothing,seated
1.69847,28,-0.00862819,-0.142852,0.0,0.0,0.0,0.0,-3.07692,-9.14286,12.5714,0.351648,5.80078,-1.73499,0.00674,0.13537,Nothing,seated
1.75854,29,-0.0174487,-0.132497,0.0,0.0,0.0,0.0,5.71429,-9.14286,12.6593,0.175824,5.09766,-4.62673,0.00674,0.13537,Nothing,seated
1.81907,30,-0.0180243,-0.136716,0.0,0.0,0.0,0.0,13.7143,-9.14286,12.6593,0.175824,4.39453,-6.99216,0.00674,0.13537,Nothing,seated
1.88216,31,-0.0191744,-0.144769,0.0,0.0,0.0,0.0,19.8681,-9.14286,12.6593,0.175824,3.69141,-9.2306,0.00674,0.13537,Nothing,seated
1.94706,32,-0.020325,-0.156466,0.0,0.0,0.0,0.0,22.6813,-9.14286,12.6593,0.263736,2.63672,-11.3633,0.00674,0.13537,Nothing,seated
2.0079,33,-0.020325,-0.172381,0.0,0.0,0.0,0.0,24.1758,-9.14286,12.5714,0.527473,1.75781,-13.066,0.00674,0.13537,Nothing,seated
2.06797,34,-0.0207084,-0.192898,0.0,0.0,0.0,0.0,25.4945,-9.14286,12.4835,0.879121,0.878906,-13.634,0.00674,0.13537,Nothing,seated
2.13148,35,-0.0322135,-0.175449,0.0,0.0,0.0,0.0,26.6374,-9.14286,12.3956,1.40659,-0.175781,-14.6293,0.00674,0.13537,Nothing,seated
2.19155,36,-0.033172,-0.192131,0.0,0.0,0.0,0.0,26.5494,-9.14286,12.1319,1.49451,-1.05469,-15.3403,0.00674,0.13537,Nothing,seated
2.2539,37,-0.0324052,-0.208046,0.0,0.0,0.0,0.0,24.3516,-9.14286,12.1319,1.49451,-2.28516,-16.0403,0.00674,0.13537,Nothing,seated
2.31528,38,-0.0312546,-0.213799,0.0,0.0,0.0,0.0,19.956,-9.14286,12.2198,1.31868,-3.16406,-16.0122,0.00674,0.13537,Nothing,seated
2.37604,39,-0.0287617,-0.213415,0.0,0.0,0.0,0.0,14.2418,-9.14286,12.2198,0.967033,-4.04297,-15.9764,0.00674,0.13537,Nothing,seated
2.43628,40,-0.013614,-0.141894,0.0,0.0,0.0,0.0,7.2967,-9.14286,12.3077,0.791209,-4.92188,-15.571,0.00674,0.13537,Nothing,seated
2.49636,41,-0.00575239,-0.133073,0.0,0.0,0.0,0.0,-0.615385,-9.14286,12.4835,0.703297,-5.625,-14.994,0.00674,0.13537,Nothing,seated
2.5579,42,-0.00556022,-0.142085,0.0,0.0,0.0,0.0,-7.56044,-9.14286,12.4835,0.703297,-6.15234,-12.7211,0.00674,0.13537,Nothing,seated
2.61868,43,1.74846e-07,-0.14266,0.0,0.0,0.0,0.0,-14.4176,-9.14286,12.4835,0.703297,-6.67969,-11.5874,0.00674,0.13537,Nothing,seated
2.67875,44,0.00402706,-0.157617,0.0,0.0,0.0,0.0,-20.2198,-9.14286,12.3956,0.791209,-6.85547,-9.29089,0.00674,0.13537,Nothing,seated
2.73882,45,0.00824517,-0.170847,0.0,0.0,0.0,0.0,-24.7912,-9.14286,12.2198,0.879121,-6.85547,-6.3912,0.00674,0.13537,Nothing,seated
2.79889,46,0.00824517,-0.177559,0.0,0.0,0.0,0.0,-28.5714,-9.14286,12.1319,0.879121,-6.67969,-3.48617,0.00674,0.13537,Nothing,seated
2.85896,47,0.00805348,-0.178517,0.0,0.0,0.0,0.0,-31.3846,-9.14286,12.044,0.791209,-6.50391,-1.16775,0.00674,0.13537,Nothing,seated
2.91903,48,0.00862902,-0.171806,0.0,0.0,0.0,0.0,-33.4945,-9.14286,12.044,0.615385,-6.15234,1.75576,0.00674,0.13537,Nothing,seated
2.9791,49,0.00920409,-0.160109,0.0,0.0,0.0,0.0,-34.3736,-9.14286,12.1319,0.351648,-5.80078,3.51162,0.00674,0.13537,Nothing,seated
3.03917,50,0.00997132,-0.144194,0.0,0.0,0.0,0.0,-33.8462,-9.14286,12.1319,0.0879121,-5.27344,5.26745,0.00674,0.13537,Nothing,seated
3.09924,51,0.0107381,-0.148796,0.0,0.0,0.0,0.0,-31.9121,-9.14286,12.2198,0.0879121,-4.57031,7.02315,0.00674,0.13537,Nothing,seated
3.16779,52,0.00786179,-0.138826,0.0,0.0,0.0,0.0,-28.3956,-9.14286,12.3077,0.175824,-3.69141,9.10695,0.00674,0.13537,TripleIncreaseAngularVelo,seated
3.81368,53,-0.0308712,-0.105461,0.0,0.0,0.0,0.0,23.2088,-9.14286,12.4835,-0.0879121,5.80078,13.3607,0.00674,0.13537,TripleIncreaseAngularVelo,seated
4.46026,54,0.000767406,-0.152631,0.0,0.0,0.0,0.0,-22.3297,-9.14286,12.3956,-0.175824,2.98828,5.93388,0.00674,0.13537,TripleIncreaseAngularVelo,seated
4.60519,55,0.00230139,-0.181393,0.0,0.0,0.0,0.0,-27.5165,-9.14286,12.3956,-0.263736,0.878906,3.92863,0.0188,0.1476,TripleIncreaseAngularVelo,extended
4.66687,56,0.00210923,-0.195391,0.0,0.0,0.0,0.0,-28.3077,-9.14286,11.3407,-1.14286,-0.351562,2.69116,0.0188,0.1476,TripleIncreaseAngularVelo,extended
4.72694,57,-0.00115043,-0.21399,0.0,0.0,0.0,0.0,-29.8022,-9.14286,11.3407,-2.72527,-1.58203,1.3529,0.0188,0.1476,TripleIncreaseAngularVelo,extended
4.78725,58,-0.00115043,-0.269406,0.0,0.0,0.0,0.0,-27.8681,-9.14286,10.1099,-4.57143,-2.63672,-8.66657,0.0188,0.1476,TripleIncreaseAngularVelo,extended
4.84732,59,-0.00191719,-0.333833,0.0,0.0,0.0,0.0,-25.7582,-8.79121,9.40659,-4.3956,-3.51562,-16.8036,0.0188,0.1476,TripleIncreaseAngularVelo,extended
4.90739,60,-0.00210888,-0.435842,0.0,0.0,0.0,0.0,-23.2088,-8.61539,8.61539,-3.42857,-4.04297,-16.287,0.0188,0.1476,TripleIncreaseAngularVelo,extended
4.96746,61,-0.00249225,-0.583296,0.0,0.0,0.0,0.0,-16.7912,-6.68132,5.71429,-2.10989,-4.57031,-14.0347,0.0188,0.1476,TripleIncreaseAngularVelo,extended
5.62218,62,-0.0042184,-0.642546,0.0,0.0,0.0,0.0,20.3956,-0.175824,12.3077,0.527473,-5.44922,-4.31969,0.00674,0.13537,TripleIncreaseAngularVelo,seated
6.25856,63,0.021476,0.041034,0.0,0.0,0.0,0.0,-19.0769,-5.27473,17.3187,-2.54945,2.8125,3.70365,0.00674,0.13537,TripleIncreaseAngularVelo,seated
6.90143,64,0.014765,-0.419736,0.0,0.0,0.0,0.0,-3.95604,-2.98901,4.48352,5.18681,5.44922,4.36435,0.00674,0.13537,TripleIncreaseAngularVelo,seated
7.54068,65,-0.00613577,-0.529607,0.0,0.0,0.0,0.0,0.0879121,-5.01099,5.01099,12.4835,-2.8125,0.467275,0.00674,0.13537,TripleIncreaseAngularVelo,seated
7.68007,66,1.74846e-07,-0.427981,0.0,0.0,0.0,0.0,-3.34066,-5.97802,7.82418,7.56044,-5.27344,-0.259206,0.0188,0.1476,TripleIncreaseAngularVelo,extended
7.74013,67,-0.00115043,-0.317342,0.0,0.0,0.0,0.0,-5.71429,-9.23077,12.6593,4.21978,-6.32812,-0.41498,0.0188,0.1476,TripleIncreaseAngularVelo,extended
7.8002,68,-0.00556022,-0.141318,0.0,0.0,0.0,0.0,-8.87912,-13.8022,17.9341,1.58242,-7.38281,-6.61327,0.0188,0.1476,TripleIncreaseAngularVelo,extended
7.86027,69,-0.00882036,-0.065386,0.0,0.0,0.0,0.0,-9.14286,-16.7033,17.8462,-3.51648,-8.08594,-14.1161,0.0188,0.1476,TripleIncreaseAngularVelo,extended
7.92034,70,-0.00920374,-0.0416095,0.0,0.0,0.0,0.0,-12.7473,-14.6813,15.8242,-5.62637,-8.26172,-14.3527,0.0188,0.1476,TripleIncreaseAngularVelo,extended
7.98112,71,-0.00862819,-0.104886,0.0,0.0,0.0,0.0,-18.6374,-13.978,15.4725,-5.01099,-7.91016,-8.75844,0.0188,0.1476,TripleIncreaseAngularVelo,extended
8.04119,72,-0.00901205,-0.272665,0.0,0.0,0.0,0.0,-20.044,-13.0989,13.4505,-0.43956,-6.67969,-1.16776,0.0188,0.1476,TripleIncreaseAngularVelo,extended
8.69006,73,0.013806,-0.481478,0.0,0.0,0.0,0.0,10.7253,2.46154,16.7912,-1.05495,0.527344,8.88922,0.00674,0.13537,TripleIncreaseAngularVelo,seated
11.0284,74,-0.00613577,0.140934,0.0,0.0,0.0,0.0,13.4505,-16.0,17.3187,-0.175824,-2.28516,1.83099,0.00674,0.13537,TripleIncreaseAngularVelo,seated
11.1757,75,-0.00766975,0.114857,0.0,0.0,0.0,0.0,2.72527,-15.033,15.7363,6.06593,0.703125,2.75388,0.0188,0.1476,TripleIncreaseAngularVelo,extended
11.8284,76,0.0103547,-0.780029,0.0,0.0,0.0,0.0,-11.1648,-1.67033,3.07692,8.17582,5.80078,3.56381,0.00674,0.13537,TripleIncreaseAngularVelo,seated
12.4772,77,1.74846e-07,-0.0262696,0.0,0.0,0.0,0.0,18.4615,-6.76923,17.4066,0.0879121,-2.8125,0.871774,0.00674,0.13537,TripleIncreaseAngularVelo,seated
12.6219,78,-0.00747806,0.097791,0.0,0.0,0.0,0.0,14.0659,-16.4396,17.6703,1.40659,-4.57031,-1.29649,0.0188,0.1476,TripleIncreaseAngularVelo,extended
12.682,79,-0.0109294,0.0348981,0.0,0.0,0.0,0.0,8.26374,-15.4725,14.9451,4.3956,-4.74609,-1.4882,0.0188,0.1476,TripleIncreaseAngularVelo,extended
12.742,80,-0.0168737,-0.0899298,0.0,0.0,0.0,0.0,3.51648,-13.0989,12.3956,5.97802,-4.92188,-3.59117,0.0188,0.1476,TripleIncreaseAngularVelo,extended
12.8021,81,-0.0128468,-0.28743,0.0,0.0,0.0,0.0,-1.84615,-9.49451,7.91209,6.32967,-5.27344,-11.3731,0.0188,0.1476,TripleIncreaseAngularVelo,extended
12.8638,82,-0.0149563,-0.479944,0.0,0.0,0.0,0.0,-2.72527,-4.92308,3.78022,7.2967,-5.09766,-5.9111,0.0188,0.1476,TripleIncreaseAngularVelo,extended
13.5137,83,0.0126554,-0.680129,0.0,0.0,0.0,0.0,-8.7033,-0.263736,8.43956,6.06593,-2.28516,2.56258,0.00674,0.13537,TripleIncreaseAngularVelo,seated
14.1581,84,0.0141894,0.0947231,0.0,0.0,0.0,0.0,11.4286,-1.31868,18.989,0.879121,3.86719,5.83533,0.00674,0.13537,TripleIncreaseAngularVelo,seated
14.8098,85,0.00287646,-0.442554,0.0,0.0,0.0,0.0,-11.6044,-2.72527,4.83517,7.38462,1.75781,3.23037,0.00674,0.13537,TripleIncreaseAngularVelo,seated
14.9622,86,0.00345152,-0.0809175,0.0,0.0,0.0,0.0,-7.20879,-9.84615,17.7582,5.8022,-0.878906,2.03442,0.0188,0.1476,TripleIncreaseAngularVelo,extended
15.0223,87,0.00172585,0.0159147,0.0,0.0,0.0,0.0,-8.08791,-18.5494,18.5494,3.42857,-2.28516,1.30299,0.0188,0.1476,TripleIncreaseAngularVelo,extended
15.083,88,-0.00345117,0.060592,0.0,0.0,0.0,0.0,-1.67033,-15.7363,17.3187,0.703297,-3.33984,-0.672069,0.0188,0.1476,TripleIncreaseAngularVelo,extended
15.7264,89,-0.00153381,-1.18653,0.0,0.0,0.0,0.0,2.1978,8.52747,-3.6044,7.38462,-4.39453,-5.26791,0.00674,0.13537,TripleIncreaseAngularVelo,seated
16.382,90,0.00862902,-0.148413,0.0,0.0,0.0,0.0,-5.53846,-8.7033,12.1319,7.2967,1.93359,0.111806,0.00674,0.13537,TripleIncreaseAngularVelo,seated
17.0336,91,1.74846e-07,-0.233165,0.0,0.0,0.0,0.0,-6.32967,-8.35165,7.12088,9.05494,5.27344,2.97019,0.00674,0.13537,TripleIncreaseAngularVelo,seated
17.0949,92,0.000383552,-0.227413,0.0,0.0,0.0,0.0,-5.18681,-8.61539,7.56044,7.91209,4.74609,3.39247,0.00674,0.13537,TripleIncreaseAngularVelo,seated
17.2414,93,-0.000574891,-0.139592,0.0,0.0,0.0,0.0,1.93407,-10.4615,11.1648,5.36264,2.98828,2.93185,0.0188,0.1476,TripleIncreaseAngularVelo,extended
17.3932,94,-0.0149563,-0.0847527,0.0,0.0,0.0,0.0,8.17582,-13.5385,16.4396,3.78022,0.878906,3.16378,0.0188,0.1476,TripleIncreaseAngularVelo,extended
17.5374,95,-0.0245436,-0.404204,0.0,0.0,0.0,0.0,2.28571,-18.2857,16.967,9.05494,-0.527344,-2.12996,0.0188,0.1476,TripleIncreaseAngularVelo,extended
17.6933,96,-0.0134223,-0.803039,0.0,0.0,0.0,0.0,3.69231,-4.83517,1.75824,10.2857,-1.40625,-10.1252,0.0188,0.1476,TripleIncreaseAngularVelo,extended
18.3459,97,0.0111214,-0.600362,0.0,0.0,0.0,0.0,-8.43956,0.351648,11.5165,3.86813,-5.44922,-8.14931,0.00674,0.13537,TripleIncreaseAngularVelo,seated
18.406,98,0.0113131,-0.639862,0.0,0.0,0.0,0.0,-7.73626,0.351648,8.87912,5.8022,-4.74609,-6.64119,0.00674,0.13537,TripleIncreaseAngularVelo,seated
19.0536,99,0.0162989,0.378318,0.0,0.0,0.0,0.0,26.3736,-19.5165,21.4506,-9.14286,0.175781,-0.423477,0.00674,0.13537,TripleIncreaseAngularVelo,seated
19.6972,100,0.00805348,-0.181393,0.0,0.0,0.0,0.0,-3.07692,-5.18681,13.3626,6.94506,4.04297,2.11609,0.00674,0.13537,TripleIncreaseAngularVelo,seated
19.7608,101,0.010163,0.0473617,0.0,0.0,0.0,0.0,-0.703297,-16.8791,19.7802,2.98901,2.63672,1.95548,0.00674,0.13537,TripleIncreaseAngularVelo,seated
19.9014,102,0.00402706,0.26116,0.0,0.0,0.0,0.0,4.48352,-19.1648,20.2198,-3.07692,0.878906,4.06821,0.0188,0.1476,TripleIncreaseAngularVelo,extended
20.0499,103,-0.00958711,0.0103543,0.0,0.0,0.0,0.0,-4.3956,-16.0879,13.3626,3.07692,0.175781,2.99397,0.0188,0.1476,TripleIncreaseAngularVelo,extended
20.11,104,-0.0107377,-0.283211,0.0,0.0,0.0,0.0,-8.43956,-10.7253,7.12088,6.41758,0.175781,0.0,0.0188,0.1476,TripleIncreaseAngularVelo,extended
20.1701,105,-0.015148,-0.588473,0.0,0.0,0.0,0.0,-6.85714,-9.14286,7.12088,13.7143,0.175781,-8.17778,0.0188,0.1476,TripleIncreaseAngularVelo,extended
20.8161,106,0.00728672,-0.682238,0.0,0.0,0.0,0.0,3.78022,2.28571,9.14286,6.06593,-5.80078,-7.99545,0.00674,0.13537,TripleIncreaseAngularVelo,seated
20.8761,107,0.00575274,-0.68358,0.0,0.0,0.0,0.0,3.16484,2.28571,8.35165,7.38462,-5.27344,-6.31205,0.00674,0.13537,TripleIncreaseAngularVelo,seated
21.5212,108,0.00747841,0.287046,0.0,0.0,0.0,0.0,6.59341,-19.1648,20.2198,-6.06593,-0.878906,-0.716865,0.00674,0.13537,TripleIncreaseAngularVelo,seated
22.1617,109,0.00268477,-0.201335,0.0,0.0,0.0,0.0,-2.46154,-7.73626,12.1319,5.97802,4.74609,2.22759,0.00674,0.13537,TripleIncreaseAngularVelo,seated
22.8006,110,0.000959094,-0.514075,0.0,0.0,0.0,0.0,-3.51648,-3.34066,3.69231,11.956,-0.351562,-0.200475,0.00674,0.13537,TripleIncreaseAngularVelo,seated
22.9524,111,0.00153416,-0.239301,0.0,0.0,0.0,0.0,0.43956,-9.75824,13.7143,6.24176,-3.33984,1.15195,0.0188,0.1476,TripleIncreaseAngularVelo,extended
23.0125,112,-0.00498516,-0.0993254,0.0,0.0,0.0,0.0,0.0879121,-13.011,18.022,4.74725,-4.57031,0.329128,0.0188,0.1476,TripleIncreaseAngularVelo,extended
23.073,113,-0.00613577,-0.00843685,0.0,0.0,0.0,0.0,2.02198,-17.5824,18.5494,0.0879121,-5.80078,-3.17171,0.0188,0.1476,TripleIncreaseAngularVelo,extended
23.1331,114,-0.0113128,-0.000191863,0.0,0.0,0.0,0.0,5.27473,-15.033,15.8242,-2.72527,-6.32812,-11.4006,0.0188,0.1476,TripleIncreaseAngularVelo,extended
23.7822,115,0.014765,-1.0178,0.0,0.0,0.0,0.0,-2.46154,4.57143,1.05495,5.01099,-2.8125,-2.50697,0.00674,0.13537,TripleIncreaseAngularVelo,seated
24.4306,116,0.0145733,-0.275733,0.0,0.0,0.0,0.0,-2.46154,-5.89011,9.23077,9.75824,4.39453,5.23239,0.00674,0.13537,TripleIncreaseAngularVelo,seated
25.0772,117,0.00671118,-0.398835,0.0,0.0,0.0,0.0,-9.75824,-6.41758,5.97802,14.0659,3.33984,3.83108,0.00674,0.13537,TripleIncreaseAngularVelo,seated
25.2337,118,0.00728672,-0.244287,0.0,0.0,0.0,0.0,-6.41758,-9.23077,10.989,7.47253,0.175781,2.76604,0.0188,0.1476,TripleIncreaseAngularVelo,extended
25.3777,119,-0.00920374,-0.00057524,0.0,0.0,0.0,0.0,-0.175824,-18.8132,19.0769,1.75824,-2.63672,1.64455,0.0188,0.1476,TripleIncreaseAngularVelo,extended
25.441,120,-0.0193661,-0.061743,0.0,0.0,0.0,0.0,3.51648,-19.1648,18.5494,0.0879121,-3.51562,-0.423873,0.0188,0.1476,TripleIncreaseAngularVelo,extended
25.5023,121,-0.0253103,-0.171998,0.0,0.0,0.0,0.0,-0.263736,-20.9231,21.0989,4.65934,-3.51562,-7.38106,0.0188,0.1476,TripleIncreaseAngularVelo,extended
25.5623,122,-0.0212839,-0.330957,0.0,0.0,0.0,0.0,1.58242,-23.1209,20.2198,8.7033,-3.51562,-14.1313,0.0188,0.1476,TripleIncreaseAngularVelo,extended
26.2279,123,0.0149566,-0.563546,0.0,0.0,0.0,0.0,1.49451,1.14286,16.2637,3.78022,-5.09766,-5.30394,0.00674,0.13537,TripleIncreaseAngularVelo,seated
26.8769,124,0.023585,-0.0477454,0.0,0.0,0.0,0.0,-1.40659,-4.65934,17.6703,0.967033,1.58203,2.81393,0.00674,0.13537,TripleIncreaseAngularVelo,seated
27.5222,125,0.0126554,-0.573901,0.0,0.0,0.0,0.0,-6.50549,1.49451,0.175824,12.8352,4.39453,3.80078,0.00674,0.13537,TripleIncreaseAngularVelo,seated
27.5838,126,0.00594443,-0.455401,0.0,0.0,0.0,0.0,0.527473,0.0,3.6044,6.50549,2.98828,3.12452,0.00674,0.13537,TripleIncreaseAngularVelo,seated
27.7399,127,0.00345152,0.110063,0.0,0.0,0.0,0.0,5.71429,-20.3956,20.6593,0.967033,0.0,1.61444,0.0188,0.1476,TripleIncreaseAngularVelo,extended
27.9129,128,-0.0197499,0.125211,0.0,0.0,0.0,0.0,9.75824,-22.0659,20.5714,2.1978,-1.93359,1.87778,0.0188,0.1476,TripleIncreaseAngularVelo,extended
27.9734,129,-0.0320218,-0.102968,0.0,0.0,0.0,0.0,3.6044,-19.956,16.1758,5.62637,-2.10938,-3.36669,0.0188,0.1476,TripleIncreaseAngularVelo,extended
28.0345,130,-0.0416091,-0.365471,0.0,0.0,0.0,0.0,-2.72527,-19.0769,15.4725,15.4725,-1.40625,-11.3233,0.0188,0.1476,TripleIncreaseAngularVelo,extended
28.0945,131,-0.0297206,-0.627015,0.0,0.0,0.0,0.0,-3.69231,-16.4396,10.022,18.989,-1.23047,-8.26027,0.0188,0.1476,TripleIncreaseAngularVelo,extended
28.7403,132,0.00479382,-0.55741,0.0,0.0,0.0,0.0,-1.93407,2.28571,12.3956,6.06593,-5.09766,-5.09577,0.00674,0.13537,TripleIncreaseAngularVelo,seated
28.8004,133,0.00364321,-0.573901,0.0,0.0,0.0,0.0,-2.72527,2.28571,10.7253,8.79121,-4.21875,-2.57499,0.00674,0.13537,TripleIncreaseAngularVelo,seated