0.000297785,0,-0.00671083,-0.148796,0.0,0.0,0.0,0.0,0.175824,0.0,10.2857,-0.527473,0.0,0.0,0.00674,0.13537,None,seated
0.0603669,1,-0.00766975,-0.135949,0.0,0.0,0.0,0.0,0.263736,0.0,10.2857,-0.615385,0.0,0.0,0.00674,0.13537,Nothing,seated
0.120436,2,-0.00671083,-0.137292,0.0,0.0,0.0,0.0,0.43956,0.0,10.2857,-0.703297,0.0,0.0,0.00674,0.13537,Nothing,seated
0.180764,3,-0.00613577,-0.135374,0.0,0.0,0.0,0.0,0.43956,0.0,10.3736,-0.703297,0.0,0.0,0.00674,0.13537,Nothing,seated
0.243537,4,-0.00575239,-0.140935,0.0,0.0,0.0,0.0,0.43956,0.0,10.2857,-0.615385,0.0,0.0,0.00674,0.13537,Nothing,seated
0.303603,5,-0.00862819,-0.136908,0.0,0.0,0.0,0.0,0.175824,0.0,10.2857,-0.527473,0.0,0.0,0.00674,0.13537,Nothing,seated
0.363673,6,-0.00862819,-0.118308,0.0,0.0,0.0,0.0,0.0,0.0,10.2857,-0.527473,0.0,0.0,0.00674,0.13537,Nothing,seated
0.424403,7,-0.00882036,-0.114665,0.0,0.0,0.0,0.0,0.263736,0.0,10.2857,-0.615385,0.0,0.0,0.00674,0.13537,Nothing,seated
0.484472,8,-0.00479347,-0.110447,0.0,0.0,0.0,0.0,0.0879121,0.0,10.2857,-0.615385,0.175781,0.578784,0.00674,0.13537,Nothing,seated
0.544539,9,-0.0101622,-0.0872452,0.0,0.0,0.0,0.0,-0.879121,0.0,10.3736,-0.615385,0.351562,1.16797,0.00674,0.13537,Nothing,seated
0.606535,10,-0.00997049,-0.0697963,0.0,0.0,0.0,0.0,-1.14286,0.0,10.3736,-0.879121,0.351562,1.16053,0.00674,0.13537,Nothing,seated
0.66953,11,-0.00939542,-0.0496628,0.0,0.0,0.0,0.0,-2.10989,0.0,10.6374,-1.14286,0.703125,2.29887,0.00674,0.13537,Nothing,seated
0.7296,12,-0.0116962,-0.00479382,0.0,0.0,0.0,0.0,-2.9011,0.0,10.989,-1.31868,1.05469,3.45576,0.00674,0.13537,Nothing,seated
0.789651,13,-0.0115045,-0.000191863,0.0,0.0,0.0,0.0,-4.04396,0.0,11.0769,-1.40659,1.58203,4.60795,0.00674,0.13537,Nothing,seated
0.849721,14,-0.0107377,0.0118883,0.0,0.0,0.0,0.0,-5.18681,0.0,11.1648,-1.40659,2.28516,6.33587,0.00674,0.13537,Nothing,seated
0.90979,15,-0.00901205,0.0178326,0.0,0.0,0.0,0.0,-6.50549,0.0,11.1648,-1.23077,2.8125,8.11508,0.00674,0.13537,Nothing,seated
0.972489,16,-0.00862819,-0.0134227,0.0,0.0,0.0,0.0,-7.56044,0.0,11.0769,-1.14286,3.51562,9.28344,0.00674,0.13537,Nothing,seated
1.03726,17,-0.00402624,-0.0172574,0.0,0.0,0.0,0.0,-8.26374,0.0,11.0769,-1.14286,4.39453,10.8555,0.00674,0.13537,Nothing,seated
1.10005,18,-0.00402624,-0.00402706,0.0,0.0,0.0,0.0,-8.96703,0.0,11.0769,-1.14286,5.09766,11.3262,0.00674,0.13537,Nothing,seated
1.16012,19,-0.00191719,-0.025119,0.0,0.0,0.0,0.0,-9.75824,0.0,11.0769,-1.14286,5.80078,11.3261,0.00674,0.13537,Nothing,seated
1.22014,20,0.00134247,-0.0145728,0.0,0.0,0.0,0.0,-10.1978,0.0,11.0769,-1.14286,6.32812,11.3279,0.00674,0.13537,Nothing,seated
1.28021,21,0.00153416,-0.0109298,0.0,0.0,0.0,0.0,-10.4615,0.0,11.0769,-1.14286,7.03125,11.4246,0.00674,0.13537,Nothing,seated
1.34027,22,0.00172585,-0.018408,0.0,0.0,0.0,0.0,-10.6374,0.0,11.0769,-1.14286,7.55859,10.4423,0.00674,0.13537,Nothing,seated
1.40053,23,0.00153416,-0.0325972,0.0,0.0,0.0,0.0,-10.022,0.0,10.989,-1.05495,7.91016,9.36008,0.00674,0.13537,Nothing,seated
1.46499,24,0.00172585,-0.0519635,0.0,0.0,0.0,0.0,-8.79121,0.0,10.7253,-0.967033,8.08594,7.49539,0.00674,0.13537,Nothing,seated
1.52553,25,-0.00287611,-0.156658,0.0,0.0,0.0,0.0,-7.12088,0.0,10.4615,-0.879121,7.91016,5.18041,0.00674,0.13537,Nothing,seated
1.5856,26,-0.00230056,-0.161835,0.0,0.0,0.0,0.0,-5.27473,0.0,10.4615,-0.703297,7.73438,2.30241,0.00674,0.13537,Nothing,seated
1.65227,27,-0.00191719,-0.165287,0.0,0.0,0.0,0.0,-2.9011,0.0,10.4615,-0.791209,7.20703,-1.1268,0.00674,0.13537,Nothing,seated
1.71292,28,-0.000958268,-0.143811,0.0,0.0,0.0,0.0,-0.527473,0.0,10.5495,-0.879121,6.50391,-4.5016,0.00674,0.13537,Nothing,seated
1.77299,29,-0.0097788,-0.129046,0.0,0.0,0.0,0.0,2.02198,0.0,10.5495,-1.14286,5.625,-7.99026,0.00674,0.13537,Nothing,seated
1.83306,30,-0.0103543,-0.133648,0.0,0.0,0.0,0.0,4.65934,0.0,10.6374,-1.31868,4.74609,-10.2887,0.00674,0.13537,Nothing,seated
1.89313,31,-0.0111211,-0.141126,0.0,0.0,0.0,0.0,7.2967,0.0,10.7253,-1.40659,3.69141,-13.1466,0.00674,0.13537,Nothing,seated
1.95584,32,-0.0116962,-0.153782,0.0,0.0,0.0,0.0,9.40659,0.0,10.7253,-1.23077,2.63672,-15.0551,0.00674,0.13537,Nothing,seated
2.01591,33,-0.0115045,-0.171231,0.0,0.0,0.0,0.0,10.8132,0.0,10.7253,-0.879121,1.40625,-16.8245,0.00674,0.13537,Nothing,seated
2.07797,34,-0.0115045,-0.195774,0.0,0.0,0.0,0.0,11.0769,0.0,10.6374,-0.43956,0.351562,-17.2908,0.00674,0.13537,Nothing,seated
2.14073,35,-0.013614,-0.158575,0.0,0.0,0.0,0.0,10.6374,0.0,10.4615,0.0,-0.878906,-18.2826,0.00674,0.13537,Nothing,seated
2.20589,36,-0.0111211,-0.188488,0.0,0.0,0.0,0.0,9.40659,0.0,10.2857,0.263736,-2.10938,-18.5468,0.00674,0.13537,Nothing,seated
2.26596,37,-0.010546,-0.208813,0.0,0.0,0.0,0.0,7.91209,0.0,10.1978,0.43956,-3.33984,-19.2716,0.00674,0.13537,Nothing,seated
2.32604,38,-0.0101622,-0.221469,0.0,0.0,0.0,0.0,6.06593,0.0,10.1978,0.351648,-4.39453,-18.7043,0.00674,0.13537,Nothing,seated
2.38611,39,-0.00958711,-0.227413,0.0,0.0,0.0,0.0,4.3956,0.0,10.1978,0.175824,-5.44922,-18.8254,0.00674,0.13537,Nothing,seated
2.4479,40,-0.00901205,-0.22818,0.0,0.0,0.0,0.0,2.46154,0.0,10.2857,0.0,-6.32812,-17.7401,0.00674,0.13537,Nothing,seated
2.50796,41,-0.00766975,-0.143811,0.0,0.0,0.0,0.0,0.527473,0.0,10.2857,-0.175824,-7.03125,-16.2938,0.00674,0.13537,Nothing,seated
2.5704,42,-0.00575239,-0.145728,0.0,0.0,0.0,0.0,-1.75824,0.0,10.3736,-0.175824,-7.55859,-13.8575,0.00674,0.13537,Nothing,seated
2.63406,43,-0.00383455,-0.147837,0.0,0.0,0.0,0.0,-3.86813,0.0,10.2857,-0.0879121,-8.08594,-11.9843,0.00674,0.13537,Nothing,seated
2.69941,44,0.00115078,-0.153782,0.0,0.0,0.0,0.0,-6.15385,0.0,10.2857,-0.0879121,-8.26172,-8.97705,0.00674,0.13537,Nothing,seated
2.75948,45,-0.00191719,-0.167587,0.0,0.0,0.0,0.0,-7.73626,0.0,10.1978,0.0,-8.26172,-6.20577,0.00674,0.13537,Nothing,seated
2.82037,46,-0.00115043,-0.171039,0.0,0.0,0.0,0.0,-8.96703,0.0,10.1978,0.0879121,-8.08594,-3.37604,0.00674,0.13537,Nothing,seated
2.8834,47,1.74846e-07,-0.169313,0.0,0.0,0.0,0.0,-9.67033,0.0,10.1099,0.0879121,-7.73438,-0.561598,0.00674,0.13537,Nothing,seated
2.94414,48,0.000383552,-0.162219,0.0,0.0,0.0,0.0,-9.84615,0.0,10.1099,0.0,-7.20703,2.83439,0.00674,0.13537,Nothing,seated
3.00427,49,0.000767406,-0.149947,0.0,0.0,0.0,0.0,-9.58242,0.0,10.1978,0.0,-6.67969,5.18928,0.00674,0.13537,Nothing,seated
3.06434,50,0.000959094,-0.134032,0.0,0.0,0.0,0.0,-8.87912,0.0,10.1978,-0.0879121,-5.80078,8.07214,0.00674,0.13537,Nothing,seated
3.12465,51,0.000767406,-0.151673,0.0,0.0,0.0,0.0,-7.73626,0.0,10.2857,-0.263736,-4.92188,10.3984,0.00674,0.13537,TripleIncreaseAngularVelo,seated
3.77005,52,-0.0130385,-0.118884,0.0,0.0,0.0,0.0,8.87912,0.0,10.4615,-1.05495,6.32812,15.8603,0.00674,0.13537,TripleIncreaseAngularVelo,seated
4.41667,53,-0.00364286,-0.141701,0.0,0.0,0.0,0.0,-5.0989,0.0,10.5495,-0.879121,4.21875,7.75929,0.00674,0.13537,TripleIncreaseAngularVelo,seated
4.56376,54,-0.0017255,-0.176025,0.0,0.0,0.0,0.0,-6.06593,0.0,10.5495,-0.791209,1.58203,5.2977,0.0188,0.1476,TripleIncreaseAngularVelo,extended
4.72357,55,-0.00594408,-0.242177,0.0,0.0,0.0,0.0,-4.21978,0.0,12.044,-2.10989,-2.10938,2.22478,0.0188,0.1476,TripleIncreaseAngularVelo,extended
4.86431,56,-0.0226257,-0.504105,0.0,0.0,0.0,0.0,-6.59341,0.0,15.1209,3.07692,-4.21875,0.404174,0.0188,0.1476,TripleIncreaseAngularVelo,extended
4.92438,57,-0.013614,-0.619537,0.0,0.0,0.0,0.0,-2.63736,0.0,8.7033,1.14286,-5.09766,-9.89818,0.0188,0.1476,TripleIncreaseAngularVelo,extended
4.98449,58,-0.0122717,-0.75376,0.0,0.0,0.0,0.0,2.81319,-7.91209,2.02198,0.43956,-5.625,-17.336,0.0188,0.1476,TripleIncreaseAngularVelo,extended
5.04533,59,-0.00824482,-0.899105,0.0,0.0,0.0,0.0,2.1978,-5.18681,1.23077,4.74725,-5.625,-14.9659,0.0188,0.1476,TripleIncreaseAngularVelo,extended
5.7008,60,0.00268477,-0.60132,0.0,0.0,0.0,0.0,5.18681,-1.49451,8.08791,-1.14286,-4.92188,-2.87802,0.00674,0.13537,TripleIncreaseAngularVelo,seated
6.35417,61,0.0191752,0.477068,0.0,0.0,0.0,0.0,5.27473,-22.3297,19.7802,-15.6484,4.21875,5.66328,0.00674,0.13537,TripleIncreaseAngularVelo,seated
7.01466,62,0.00325983,0.118308,0.0,0.0,0.0,0.0,13.7143,-20.8352,19.8681,-10.3736,2.28516,3.53197,0.00674,0.13537,TripleIncreaseAngularVelo,seated
7.19031,63,-0.00556022,0.175257,0.0,0.0,0.0,0.0,18.4615,-19.7802,18.2857,-7.03297,-0.175781,2.47039,0.0188,0.1476,TripleIncreaseAngularVelo,extended
7.34331,64,-0.0161064,-0.314466,0.0,0.0,0.0,0.0,6.50549,-9.14286,5.18681,-0.791209,-1.75781,1.68287,0.0188,0.1476,TripleIncreaseAngularVelo,extended
7.49119,65,-0.0283783,-0.926141,0.0,0.0,0.0,0.0,-3.16484,-2.37363,3.78022,8.52747,-3.16406,0.981808,0.0188,0.1476,TripleIncreaseAngularVelo,extended
7.55175,66,-0.0157231,-1.01626,0.0,0.0,0.0,0.0,-3.6044,-1.67033,-0.43956,6.59341,-4.39453,-7.19225,0.0188,0.1476,TripleIncreaseAngularVelo,extended
7.61182,67,-0.00805313,-1.06688,0.0,0.0,0.0,0.0,-1.75824,2.9011,-4.48352,1.75824,-5.625,-13.2464,0.0188,0.1476,TripleIncreaseAngularVelo,extended
7.67189,68,-0.00191719,-1.06554,0.0,0.0,0.0,0.0,-0.967033,3.42857,-3.16484,0.703297,-6.67969,-13.5054,0.0188,0.1476,TripleIncreaseAngularVelo,extended
7.73196,69,0.00287646,-1.00207,0.0,0.0,0.0,0.0,-4.65934,0.351648,3.25275,1.31868,-7.20703,-14.0207,0.0188,0.1476,TripleIncreaseAngularVelo,extended
7.79236,70,0.00441044,-0.921539,0.0,0.0,0.0,0.0,-4.57143,0.351648,5.62637,0.351648,-7.91016,-15.7588,0.0188,0.1476,TripleIncreaseAngularVelo,extended
7.85362,71,0.00747841,-0.859605,0.0,0.0,0.0,0.0,-7.03297,0.351648,5.53846,-1.49451,-8.26172,-12.8108,0.0188,0.1476,TripleIncreaseAngularVelo,extended
7.91435,72,0.00882071,-0.807449,0.0,0.0,0.0,0.0,-4.57143,0.351648,6.41758,-1.58242,-8.26172,-8.71539,0.0188,0.1476,TripleIncreaseAngularVelo,extended
8.5713,73,-0.000958268,-0.660954,0.0,0.0,0.0,0.0,1.93407,0.351648,4.30769,-1.93407,0.351562,7.81762,0.00674,0.13537,TripleIncreaseAngularVelo,seated
9.2288,74,-0.00287611,0.275349,0.0,0.0,0.0,0.0,10.4615,-18.2857,17.5824,-7.20879,6.32812,9.04246,0.00674,0.13537,TripleIncreaseAngularVelo,seated
9.28888,75,-0.00479347,0.118692,0.0,0.0,0.0,0.0,0.527473,-16.1758,13.7143,-2.81319,6.85547,9.86663,0.00674,0.13537,TripleIncreaseAngularVelo,seated
9.44006,76,-0.000383202,-0.324629,0.0,0.0,0.0,0.0,-4.57143,-5.0989,4.65934,5.01099,7.03125,9.6398,0.0188,0.1476,TripleIncreaseAngularVelo,extended
9.50013,77,-0.00153381,-0.407272,0.0,0.0,0.0,0.0,-8.26374,-5.45055,4.30769,4.83517,6.32812,9.20044,0.0188,0.1476,TripleIncreaseAngularVelo,extended
9.64818,78,-0.0124634,-0.424913,0.0,0.0,0.0,0.0,-6.68132,-4.92308,8.0,-4.30769,2.46094,1.95878,0.0188,0.1476,TripleIncreaseAngularVelo,extended
9.80357,79,-0.01208,-0.391741,0.0,0.0,0.0,0.0,-4.21978,-18.5494,16.1758,-5.27473,-1.05469,-12.8449,0.0188,0.1476,TripleIncreaseAngularVelo,extended
9.95631,80,-0.00671083,-0.561821,0.0,0.0,0.0,0.0,0.0,-13.8022,8.61539,-2.54945,-2.8125,-14.4853,0.0188,0.1476,TripleIncreaseAngularVelo,extended
10.0172,81,-0.00824482,-0.727874,0.0,0.0,0.0,0.0,0.175824,-10.4615,5.0989,0.615385,-3.16406,-17.6666,0.0188,0.1476,TripleIncreaseAngularVelo,extended
10.6708,82,0.0111214,-0.515993,0.0,0.0,0.0,0.0,9.49451,-0.967033,10.9011,-7.64835,-7.73438,-12.0128,0.00674,0.13537,TripleIncreaseAngularVelo,seated
10.7317,83,0.0122721,-0.503721,0.0,0.0,0.0,0.0,9.49451,-7.38462,6.76923,-4.65934,-6.32812,-8.11124,0.00674,0.13537,TripleIncreaseAngularVelo,seated
11.3691,84,0.0113131,0.398643,0.0,0.0,0.0,0.0,5.18681,-20.8352,19.4286,-9.05494,2.46094,2.24571,0.00674,0.13537,TripleIncreaseAngularVelo,seated
12.0191,85,0.00479382,0.171039,0.0,0.0,0.0,0.0,12.7473,-19.1648,18.3736,-11.4286,4.04297,3.32347,0.00674,0.13537,TripleIncreaseAngularVelo,seated
12.0803,86,0.000575717,0.223194,0.0,0.0,0.0,0.0,19.6044,-17.6703,17.9341,-11.8681,3.33984,3.15236,0.00674,0.13537,TripleIncreaseAngularVelo,seated
12.1404,87,-0.000574891,0.211881,0.0,0.0,0.0,0.0,19.7802,-18.989,18.5494,-8.17582,2.98828,7.29611,0.00674,0.13537,TripleIncreaseAngularVelo,seated
12.2811,88,-0.0042184,-0.097408,0.0,0.0,0.0,0.0,7.64835,-13.4505,9.84615,2.46154,2.28516,5.55942,0.0188,0.1476,TripleIncreaseAngularVelo,extended
12.4281,89,-0.00939542,-0.518486,0.0,0.0,0.0,0.0,3.42857,-2.81319,2.9011,3.69231,0.175781,-2.15783,0.0188,0.1476,TripleIncreaseAngularVelo,extended
12.5754,90,-0.0138057,-0.780605,0.0,0.0,0.0,0.0,-3.25275,-6.06593,8.52747,3.42857,-3.16406,-12.9533,0.0188,0.1476,TripleIncreaseAngularVelo,extended
12.7278,91,0.00172585,-0.764881,0.0,0.0,0.0,0.0,-0.615385,-6.06593,5.36264,-3.25275,-5.97656,-14.3899,0.0188,0.1476,TripleIncreaseAngularVelo,extended
12.7911,92,0.000383552,-0.780029,0.0,0.0,0.0,0.0,-1.58242,-6.50549,6.76923,-0.791209,-6.50391,-14.5873,0.0188,0.1476,TripleIncreaseAngularVelo,extended
12.8512,93,-0.000191514,-0.834102,0.0,0.0,0.0,0.0,-2.63736,-6.50549,5.97802,0.615385,-6.67969,-15.7244,0.0188,0.1476,TripleIncreaseAngularVelo,extended
12.9112,94,0.000383552,-0.893736,0.0,0.0,0.0,0.0,-4.48352,-4.3956,2.1978,0.879121,-6.85547,-14.5521,0.0188,0.1476,TripleIncreaseAngularVelo,extended
12.9713,95,0.00325983,-0.969668,0.0,0.0,0.0,0.0,-5.62637,-2.02198,0.527473,1.75824,-6.67969,-8.8809,0.0188,0.1476,TripleIncreaseAngularVelo,extended
13.6209,96,0.0105464,-0.640437,0.0,0.0,0.0,0.0,2.98901,-5.36264,6.50549,-1.31868,-1.58203,4.92016,0.00674,0.13537,TripleIncreaseAngularVelo,seated
14.2737,97,0.00556105,0.427213,0.0,0.0,0.0,0.0,20.6593,-21.2747,19.8681,-14.3297,5.09766,7.82538,0.00674,0.13537,TripleIncreaseAngularVelo,seated
14.9211,98,0.00805348,0.0184076,0.0,0.0,0.0,0.0,1.84615,-17.0549,18.022,-11.0769,-0.703125,2.8874,0.00674,0.13537,TripleIncreaseAngularVelo,seated
15.0658,99,0.00287646,0.157616,0.0,0.0,0.0,0.0,9.75824,-18.5494,18.6374,-10.2857,-2.98828,1.79487,0.0188,0.1476,TripleIncreaseAngularVelo,extended
15.1259,100,-0.00287611,0.0728639,0.0,0.0,0.0,0.0,5.18681,-18.1099,17.0549,-5.18681,-3.33984,1.55012,0.0188,0.1476,TripleIncreaseAngularVelo,extended
15.1876,101,-0.00498516,-0.0970246,0.0,0.0,0.0,0.0,2.81319,-14.8571,12.4835,-2.54945,-3.86719,-1.45859,0.0188,0.1476,TripleIncreaseAngularVelo,extended
15.2477,102,-0.00882036,-0.322711,0.0,0.0,0.0,0.0,1.75824,-10.1099,6.59341,-2.02198,-4.21875,-9.56493,0.0188,0.1476,TripleIncreaseAngularVelo,extended
15.3077,103,-0.0147641,-0.546289,0.0,0.0,0.0,0.0,4.04396,-2.81319,1.49451,-0.879121,-4.57031,-10.0009,0.0188,0.1476,TripleIncreaseAngularVelo,extended
15.9476,104,0.00402706,-0.686265,0.0,0.0,0.0,0.0,2.63736,3.25275,7.82418,-3.07692,-5.625,-2.99032,0.00674,0.13537,TripleIncreaseAngularVelo,seated
16.0076,105,0.00651949,-0.661913,0.0,0.0,0.0,0.0,3.16484,3.25275,4.3956,-3.42857,-4.39453,-1.19613,0.00674,0.13537,TripleIncreaseAngularVelo,seated
16.6647,106,0.00153416,0.254065,0.0,0.0,0.0,0.0,2.28571,-17.7582,15.4725,-3.25275,4.92188,5.95035,0.00674,0.13537,TripleIncreaseAngularVelo,seated
17.3097,107,0.00134247,0.151672,0.0,0.0,0.0,0.0,15.2967,-15.7363,17.7582,-10.7253,2.28516,3.15418,0.00674,0.13537,TripleIncreaseAngularVelo,seated
17.4542,108,-0.00325948,0.0318301,0.0,0.0,0.0,0.0,9.84615,-14.8571,14.4176,-2.10989,1.23047,2.7025,0.0188,0.1476,TripleIncreaseAngularVelo,extended
17.6006,109,-0.00536853,-0.38177,0.0,0.0,0.0,0.0,4.83517,-6.15385,3.95604,-0.263736,-0.527344,3.08386,0.0188,0.1476,TripleIncreaseAngularVelo,extended
17.7406,110,-0.0193661,-0.748007,0.0,0.0,0.0,0.0,-5.18681,-4.92308,9.40659,5.62637,-2.10938,1.31867,0.0188,0.1476,TripleIncreaseAngularVelo,extended
17.8017,111,-0.00498516,-0.831801,0.0,0.0,0.0,0.0,-4.83517,-4.92308,7.47253,3.95604,-3.51562,-7.42047,0.0188,0.1476,TripleIncreaseAngularVelo,extended
17.8621,112,0.000959094,-0.866699,0.0,0.0,0.0,0.0,-0.967033,-3.42857,1.23077,-1.05495,-4.74609,-12.7271,0.0188,0.1476,TripleIncreaseAngularVelo,extended
17.9299,113,0.0051772,-0.869767,0.0,0.0,0.0,0.0,-1.58242,-3.07692,2.1978,-1.14286,-5.625,-14.4121,0.0188,0.1476,TripleIncreaseAngularVelo,extended
17.9899,114,0.00862902,-0.867083,0.0,0.0,0.0,0.0,-4.83517,-5.0989,5.45055,-0.0879121,-6.15234,-14.4468,0.0188,0.1476,TripleIncreaseAngularVelo,extended
18.0516,115,0.0111214,-0.862097,0.0,0.0,0.0,0.0,-4.21978,-5.0989,3.86813,-0.879121,-6.67969,-14.6924,0.0188,0.1476,TripleIncreaseAngularVelo,extended
18.1129,116,0.0105464,-0.865165,0.0,0.0,0.0,0.0,-4.92308,-3.16484,2.02198,-0.967033,-6.85547,-10.7325,0.0188,0.1476,TripleIncreaseAngularVelo,extended
18.173,117,0.010163,-0.884723,0.0,0.0,0.0,0.0,-4.57143,-3.25275,2.28571,0.0879121,-6.67969,-6.22029,0.0188,0.1476,TripleIncreaseAngularVelo,extended
18.8506,118,0.011697,-0.691251,0.0,0.0,0.0,0.0,4.57143,-2.81319,3.07692,-1.58242,-0.175781,5.91852,0.00674,0.13537,TripleIncreaseAngularVelo,seated
19.4909,119,-0.00134212,0.366813,0.0,0.0,0.0,0.0,11.2527,-19.7802,19.1648,-10.9011,5.09766,7.49498,0.00674,0.13537,TripleIncreaseAngularVelo,seated
19.5516,120,-0.00498516,0.238534,0.0,0.0,0.0,0.0,5.0989,-18.2857,15.4725,-4.57143,5.97656,8.43747,0.00674,0.13537,TripleIncreaseAngularVelo,seated
19.7123,121,0.00268477,-0.344571,0.0,0.0,0.0,0.0,-5.45055,-4.04396,3.07692,5.53846,7.03125,8.68258,0.0188,0.1476,TripleIncreaseAngularVelo,extended
19.7724,122,0.00172585,-0.464988,0.0,0.0,0.0,0.0,-8.61539,-4.57143,3.07692,6.76923,6.67969,8.35282,0.0188,0.1476,TripleIncreaseAngularVelo,extended
19.9158,123,-0.00690252,-0.512541,0.0,0.0,0.0,0.0,-4.3956,-1.31868,2.98901,-4.57143,3.16406,3.13541,0.0188,0.1476,TripleIncreaseAngularVelo,extended
20.0632,124,-0.0130385,-0.404587,0.0,0.0,0.0,0.0,-6.94506,-18.9011,16.2637,-4.74725,0.0,-8.90805,0.0188,0.1476,TripleIncreaseAngularVelo,extended
20.2036,125,-0.00805313,-0.469973,0.0,0.0,0.0,0.0,2.54945,-15.4725,11.2527,-4.3956,-1.75781,-11.8636,0.0188,0.1476,TripleIncreaseAngularVelo,extended
20.8763,126,0.0149566,-0.590199,0.0,0.0,0.0,0.0,6.32967,-2.72527,12.4835,-6.59341,-7.73438,-12.6852,0.00674,0.13537,TripleIncreaseAngularVelo,seated
20.9364,127,0.0201337,-0.517718,0.0,0.0,0.0,0.0,7.82418,-2.72527,9.93407,-6.06593,-7.20703,-11.9301,0.00674,0.13537,TripleIncreaseAngularVelo,seated
21.5853,128,0.0076701,0.214374,0.0,0.0,0.0,0.0,-1.05495,-15.8242,15.8242,-4.21978,1.23047,-1.15816,0.00674,0.13537,TripleIncreaseAngularVelo,seated
22.2287,129,0.00479382,0.157425,0.0,0.0,0.0,0.0,8.87912,-16.0,16.1758,-8.43956,4.92188,2.27287,0.00674,0.13537,TripleIncreaseAngularVelo,seated
22.8801,130,-0.000766579,-0.10968,0.0,0.0,0.0,0.0,0.263736,-13.6264,15.3846,-4.13187,-3.33984,-0.591085,0.00674,0.13537,TripleIncreaseAngularVelo,seated
23.0351,131,-0.00210888,-0.0270364,0.0,0.0,0.0,0.0,-0.0879121,-14.5055,14.9451,-4.13187,-5.27344,1.13998,0.0188,0.1476,TripleIncreaseAngularVelo,extended
23.0963,132,-0.00383455,-0.0814931,0.0,0.0,0.0,0.0,-2.1978,-14.4176,13.6264,-2.9011,-5.80078,0.651082,0.0188,0.1476,TripleIncreaseAngularVelo,extended
23.1563,133,-0.00556022,-0.176025,0.0,0.0,0.0,0.0,-4.83517,-11.6044,10.4615,-2.98901,-6.15234,-4.69938,0.0188,0.1476,TripleIncreaseAngularVelo,extended
23.2164,134,-0.010546,-0.320027,0.0,0.0,0.0,0.0,-4.83517,-9.31868,6.76923,-2.98901,-6.50391,-11.5678,0.0188,0.1476,TripleIncreaseAngularVelo,extended
23.2765,135,-0.0130385,-0.458277,0.0,0.0,0.0,0.0,-5.18681,-6.24176,4.83517,-2.63736,-6.50391,-7.98188,0.0188,0.1476,TripleIncreaseAngularVelo,extended
23.9197,136,0.00498551,-0.731517,0.0,0.0,0.0,0.0,7.20879,-2.02198,6.76923,-3.69231,-1.93359,3.77551,0.00674,0.13537,TripleIncreaseAngularVelo,seated
24.5773,137,0.000383552,0.264803,0.0,0.0,0.0,0.0,3.69231,-17.9341,17.3187,-6.76923,5.09766,7.35859,0.00674,0.13537,TripleIncreaseAngularVelo,seated
25.2201,138,0.00594443,0.0274199,0.0,0.0,0.0,0.0,0.703297,-13.4505,16.7033,-4.92308,0.175781,3.06634,0.00674,0.13537,TripleIncreaseAngularVelo,seated
25.3759,139,0.000959094,-0.0155317,0.0,0.0,0.0,0.0,2.98901,-14.7692,14.7692,-0.879121,-1.58203,2.27913,0.0188,0.1476,TripleIncreaseAngularVelo,extended
25.436,140,-0.00364286,-0.103161,0.0,0.0,0.0,0.0,3.51648,-13.4505,11.956,0.791209,-2.28516,1.95354,0.0188,0.1476,TripleIncreaseAngularVelo,extended
25.4961,141,-0.00345117,-0.218976,0.0,0.0,0.0,0.0,2.98901,-11.956,8.96703,2.1978,-2.8125,-0.557537,0.0188,0.1476,TripleIncreaseAngularVelo,extended
25.5562,142,-0.0101622,-0.342461,0.0,0.0,0.0,0.0,4.13187,-10.8132,7.20879,2.63736,-3.51562,-8.79937,0.0188,0.1476,TripleIncreaseAngularVelo,extended
25.6175,143,-0.0103543,-0.451566,0.0,0.0,0.0,0.0,6.15385,-9.14286,5.01099,2.46154,-4.21875,-11.0569,0.0188,0.1476,TripleIncreaseAngularVelo,extended
25.6776,144,-0.0084365,-0.558944,0.0,0.0,0.0,0.0,5.71429,-7.91209,3.86813,2.10989,-4.92188,-11.0723,0.0188,0.1476,TripleIncreaseAngularVelo,extended
25.7377,145,-0.00920374,-0.625097,0.0,0.0,0.0,0.0,5.97802,-7.03297,3.42857,2.28571,-5.27344,-9.90689,0.0188,0.1476,TripleIncreaseAngularVelo,extended
25.7977,146,-0.00441009,-0.695469,0.0,0.0,0.0,0.0,3.16484,-7.12088,3.69231,2.98901,-5.625,-9.32407,0.0188,0.1476,TripleIncreaseAngularVelo,extended
25.8578,147,-0.000766579,-0.760088,0.0,0.0,0.0,0.0,2.72527,-6.15385,3.34066,3.25275,-5.80078,-7.57596,0.0188,0.1476,TripleIncreaseAngularVelo,extended
25.9179,148,0.00402706,-0.81301,0.0,0.0,0.0,0.0,2.63736,-5.18681,3.16484,3.51648,-5.80078,-5.26741,0.0188,0.1476,TripleIncreaseAngularVelo,extended
26.5749,149,0.00997132,-0.687799,0.0,0.0,0.0,0.0,-2.98901,-3.95604,3.07692,0.527473,-0.351562,5.09312,0.00674,0.13537,TripleIncreaseAngularVelo,seated
27.2171,150,-0.00191719,0.357226,0.0,0.0,0.0,0.0,18.5494,-19.2527,18.022,-10.4615,4.21875,6.41623,0.00674,0.13537,TripleIncreaseAngularVelo,seated
27.8723,151,0.00556105,-0.00709456,0.0,0.0,0.0,0.0,4.57143,-18.5494,18.7253,-5.45055,-1.05469,2.20299,0.00674,0.13537,TripleIncreaseAngularVelo,seated
28.0912,152,-0.0042184,-0.022051,0.0,0.0,0.0,0.0,-0.791209,-15.4725,13.8022,-1.84615,-3.33984,1.10187,0.0188,0.1476,TripleIncreaseAngularVelo,extended
28.1513,153,-0.00345117,-0.142852,0.0,0.0,0.0,0.0,-0.879121,-13.5385,11.3407,0.703297,-3.51562,1.02316,0.0188,0.1476,TripleIncreaseAngularVelo,extended
28.7913,154,-0.00882036,-0.916554,0.0,0.0,0.0,0.0,0.43956,1.75824,-1.67033,0.43956,-4.39453,-1.82413,0.00674,0.13537,TripleIncreaseAngularVelo,seated
29.4449,155,-0.000958268,0.234124,0.0,0.0,0.0,0.0,7.73626,-18.989,16.8791,-2.9011,2.8125,-0.631204,0.00674,0.13537,TripleIncreaseAngularVelo,seated
30.0991,156,-0.00268442,0.206704,0.0,0.0,0.0,0.0,3.6044,-18.022,17.9341,-9.40659,2.8125,1.7367,0.00674,0.13537,TripleIncreaseAngularVelo,seated
30.2449,157,-0.00517685,0.0111211,0.0,0.0,0.0,0.0,0.0,-15.3846,13.2747,0.0879121,2.8125,2.85658,0.0188,0.1476,TripleIncreaseAngularVelo,extended
30.4002,158,-0.0116962,-0.406121,0.0,0.0,0.0,0.0,2.02198,-3.95604,3.42857,2.10989,1.40625,2.18855,0.0188,0.1476,TripleIncreaseAngularVelo,extended
30.4604,159,-0.0176404,-0.574668,0.0,0.0,0.0,0.0,0.351648,-4.92308,4.92308,4.3956,0.527344,2.94889,0.0188,0.1476,TripleIncreaseAngularVelo,extended
30.6203,160,-0.0170653,-0.775044,0.0,0.0,0.0,0.0,3.69231,-5.89011,3.6044,-1.05495,-2.46094,-4.48658,0.0188,0.1476,TripleIncreaseAngularVelo,extended
30.7684,161,-0.00594408,-0.82509,0.0,0.0,0.0,0.0,5.71429,-5.89011,5.0989,0.351648,-3.86719,-9.9791,0.0188,0.1476,TripleIncreaseAngularVelo,extended
30.8292,162,-0.00287611,-0.846758,0.0,0.0,0.0,0.0,3.95604,-4.65934,2.9011,-0.175824,-4.57031,-12.6353,0.0188,0.1476,TripleIncreaseAngularVelo,extended
30.8893,163,-0.00210888,-0.88319,0.0,0.0,0.0,0.0,3.6044,-2.81319,1.05495,0.43956,-4.74609,-12.5783,0.0188,0.1476,TripleIncreaseAngularVelo,extended
30.9536,164,1.74846e-07,-0.906583,0.0,0.0,0.0,0.0,1.93407,-2.63736,1.14286,2.02198,-4.92188,-11.0476,0.0188,0.1476,TripleIncreaseAngularVelo,extended
31.0152,165,1.74846e-07,-0.931702,0.0,0.0,0.0,0.0,0.0,-2.10989,0.527473,2.46154,-5.27344,-7.12174,0.0188,0.1476,TripleIncreaseAngularVelo,extended
31.0759,166,0.000575717,-0.944932,0.0,0.0,0.0,0.0,0.703297,-1.58242,0.0,2.10989,-5.44922,-5.14468,0.0188,0.1476,TripleIncreaseAngularVelo,extended
31.7241,167,-0.0017255,-0.814544,0.0,0.0,0.0,0.0,-2.81319,-1.75824,1.05495,0.351648,-0.351562,4.71466,0.00674,0.13537,TripleIncreaseAngularVelo,seated
32.3738,168,0.00421875,0.347447,0.0,0.0,0.0,0.0,20.1319,-20.7473,19.4286,-9.23077,4.04297,5.9208,0.00674,0.13537,TripleIncreaseAngularVelo,seated
33.0237,169,0.00709503,0.143044,0.0,0.0,0.0,0.0,2.81319,-17.9341,16.7033,-13.0989,-1.40625,1.69831,0.00674,0.13537,TripleIncreaseAngularVelo,seated
33.1762,170,0.00345152,0.10431,0.0,0.0,0.0,0.0,0.791209,-17.6703,15.9121,-4.3956,-2.46094,1.30151,0.0188,0.1476,TripleIncreaseAngularVelo,extended
33.2363,171,-0.0017255,-0.0444857,0.0,0.0,0.0,0.0,-0.263736,-15.3846,11.0769,-0.967033,-2.63672,1.30189,0.0188,0.1476,TripleIncreaseAngularVelo,extended
33.2963,172,-0.00210888,-0.350515,0.0,0.0,0.0,0.0,-3.6044,-10.1978,7.20879,-0.175824,-2.98828,-1.67702,0.0188,0.1476,TripleIncreaseAngularVelo,extended
33.383,173,-0.00383455,-0.547248,0.0,0.0,0.0,0.0,-1.58242,-1.84615,0.43956,0.527473,-3.33984,-7.31523,0.0188,0.1476,TripleIncreaseAngularVelo,extended
34.1053,174,1.74846e-07,-0.734969,0.0,0.0,0.0,0.0,8.17582,-2.10989,4.92308,-0.879121,-2.8125,-1.30012,0.00674,0.13537,TripleIncreaseAngularVelo,seated
34.8425,175,0.00498551,0.117925,0.0,0.0,0.0,0.0,-5.01099,-16.0879,11.4286,-2.81319,4.92188,4.43075,0.00674,0.13537,TripleIncreaseAngularVelo,seated
35.5033,176,0.00210923,0.158575,0.0,0.0,0.0,0.0,15.5604,-17.9341,17.4945,-9.05494,0.527344,1.39567,0.00674,0.13537,TripleIncreaseAngularVelo,seated
35.6598,177,-0.00364286,-0.17334,0.0,0.0,0.0,0.0,5.53846,-11.8681,7.73626,-0.879121,0.175781,1.33875,0.0188,0.1476,TripleIncreaseAngularVelo,extended
35.8037,178,-0.00901205,-0.500653,0.0,0.0,0.0,0.0,2.46154,-2.63736,2.98901,-0.43956,-1.40625,0.79878,0.0188,0.1476,TripleIncreaseAngularVelo,extended
35.8646,179,-0.0109294,-0.630083,0.0,0.0,0.0,0.0,2.1978,-3.6044,5.18681,0.0,-2.28516,0.299744,0.0188,0.1476,TripleIncreaseAngularVelo,extended
35.9265,180,-0.0084365,-0.684539,0.0,0.0,0.0,0.0,-2.9011,-6.50549,9.14286,1.23077,-3.16406,-7.45906,0.0188,0.1476,TripleIncreaseAngularVelo,extended
35.9866,181,-0.00613577,-0.681854,0.0,0.0,0.0,0.0,-2.54945,-6.50549,12.3077,1.23077,-4.04297,-9.4574,0.0188,0.1476,TripleIncreaseAngularVelo,extended
36.0478,182,-0.000574891,-0.643505,0.0,0.0,0.0,0.0,-0.43956,-6.50549,9.58242,-2.37363,-5.09766,-13.5918,0.0188,0.1476,TripleIncreaseAngularVelo,extended
36.1078,183,-0.00287611,-0.625864,0.0,0.0,0.0,0.0,1.75824,-6.50549,6.68132,-4.65934,-5.625,-13.8707,0.0188,0.1476,TripleIncreaseAngularVelo,extended
36.1696,184,-0.00345117,-0.648682,0.0,0.0,0.0,0.0,-2.28571,-6.50549,8.52747,-3.78022,-5.625,-10.9505,0.0188,0.1476,TripleIncreaseAngularVelo,extended
36.2297,185,0.000383552,-0.705056,0.0,0.0,0.0,0.0,-1.67033,-6.50549,7.56044,-2.98901,-5.44922,-7.53685,0.0188,0.1476,TripleIncreaseAngularVelo,extended
36.88,186,0.0122721,-0.593267,0.0,0.0,0.0,0.0,1.40659,-5.97802,9.23077,-4.83517,-1.58203,2.75461,0.00674,0.13537,TripleIncreaseAngularVelo,seated
37.5482,187,0.00268477,0.26883,0.0,0.0,0.0,0.0,12.3077,-17.4066,18.1978,-8.52747,3.69141,5.8577,0.00674,0.13537,TripleIncreaseAngularVelo,seated
38.1921,188,0.00556105,0.0659612,0.0,0.0,0.0,0.0,-0.175824,-16.967,16.8791,-8.96703,-0.878906,2.27714,0.00674,0.13537,TripleIncreaseAngularVelo,seated
38.3361,189,-0.000191514,0.0371988,0.0,0.0,0.0,0.0,1.05495,-15.8242,15.1209,-4.30769,-1.93359,1.7039,0.0188,0.1476,TripleIncreaseAngularVelo,extended
38.3961,190,-0.00287611,-0.0692212,0.0,0.0,0.0,0.0,-0.879121,-13.8022,11.2527,-2.46154,-2.28516,1.46049,0.0188,0.1476,TripleIncreaseAngularVelo,extended
38.4562,191,-0.00613577,-0.207854,0.0,0.0,0.0,0.0,-0.967033,-10.3736,7.38462,-2.28571,-2.8125,-0.780628,0.0188,0.1476,TripleIncreaseAngularVelo,extended
38.5163,192,-0.00824482,-0.367197,0.0,0.0,0.0,0.0,-0.615385,-7.82418,4.57143,-1.67033,-3.16406,-7.0814,0.0188,0.1476,TripleIncreaseAngularVelo,extended
38.5764,193,-0.0097788,-0.506406,0.0,0.0,0.0,0.0,-0.527473,-5.01099,3.25275,-1.23077,-3.33984,-6.40323,0.0188,0.1476,TripleIncreaseAngularVelo,extended
39.2264,194,0.00498551,-0.790576,0.0,0.0,0.0,0.0,3.69231,-2.54945,3.78022,-3.07692,-3.51562,-1.77682,0.00674,0.13537,TripleIncreaseAngularVelo,seated
39.8707,195,0.00306815,0.273624,0.0,0.0,0.0,0.0,1.05495,-18.3736,17.4945,-9.49451,2.28516,3.0995,0.00674,0.13537,TripleIncreaseAngularVelo,seated
40.5201,196,0.00402706,0.134798,0.0,0.0,0.0,0.0,10.6374,-17.0549,17.0549,-14.6813,1.58203,2.12929,0.00674,0.13537,TripleIncreaseAngularVelo,seated
40.5802,197,0.00115078,0.155124,0.0,0.0,0.0,0.0,13.978,-17.0549,17.4066,-13.5385,1.23047,2.12926,0.00674,0.13537,TripleIncreaseAngularVelo,seated
40.6402,198,1.74846e-07,0.112172,0.0,0.0,0.0,0.0,11.5165,-16.7033,16.6154,-9.84615,1.05469,2.12935,0.00674,0.13537,TripleIncreaseAngularVelo,seated
40.7836,199,-0.00402624,-0.19424,0.0,0.0,0.0,0.0,4.04396,-10.1978,6.85714,-2.46154,0.878906,2.82219,0.0188,0.1476,TripleIncreaseAngularVelo,extended
40.9265,200,-0.00536853,-0.454634,0.0,0.0,0.0,0.0,3.07692,-4.48352,4.92308,-1.14286,-0.703125,-2.8304,0.0188,0.1476,TripleIncreaseAngularVelo,extended
41.0725,201,-0.0209001,-0.627974,0.0,0.0,0.0,0.0,-2.81319,-9.40659,11.3407,-1.49451,-3.16406,-8.59186,0.0188,0.1476,TripleIncreaseAngularVelo,extended
41.1325,202,-0.0097788,-0.645614,0.0,0.0,0.0,0.0,-1.23077,-9.40659,11.6044,-4.48352,-4.04297,-9.54707,0.0188,0.1476,TripleIncreaseAngularVelo,extended
41.1935,203,-0.00805313,-0.665173,0.0,0.0,0.0,0.0,1.93407,-9.23077,6.15385,-8.35165,-4.57031,-10.1656,0.0188,0.1476,TripleIncreaseAngularVelo,extended
41.8488,204,0.0103547,-0.701796,0.0,0.0,0.0,0.0,-1.40659,-6.06593,6.76923,-6.41758,-3.51562,-4.1256,0.00674,0.13537,TripleIncreaseAngularVelo,seated
42.4913,205,0.00249308,0.267296,0.0,0.0,0.0,0.0,11.2527,-17.4945,17.3187,-10.7253,2.46094,2.02195,0.00674,0.13537,TripleIncreaseAngularVelo,seated
43.1323,206,0.00421875,0.0951069,0.0,0.0,0.0,0.0,1.14286,-16.7033,17.0549,-11.6044,1.58203,2.30408,0.00674,0.13537,TripleIncreaseAngularVelo,seated
43.2958,207,0.000191863,0.0592497,0.0,0.0,0.0,0.0,-0.0879121,-15.3846,14.9451,-6.15385,0.703125,2.19391,0.0188,0.1476,TripleIncreaseAngularVelo,extended
43.3559,208,-0.00134212,-0.0437185,0.0,0.0,0.0,0.0,-2.54945,-13.6264,11.6044,-4.30769,0.351562,2.27613,0.0188,0.1476,TripleIncreaseAngularVelo,extended
43.416,209,-0.00268442,-0.190214,0.0,0.0,0.0,0.0,-2.9011,-9.93407,7.73626,-4.30769,-0.175781,2.1311,0.0188,0.1476,TripleIncreaseAngularVelo,extended
43.476,210,-0.00441009,-0.35991,0.0,0.0,0.0,0.0,-0.967033,-6.50549,4.13187,-4.04396,-0.703125,-3.21318,0.0188,0.1476,TripleIncreaseAngularVelo,extended
44.1147,211,0.00383538,-0.871493,0.0,0.0,0.0,0.0,4.57143,-1.31868,1.31868,-4.74725,-4.74609,-6.44175,0.00674,0.13537,TripleIncreaseAngularVelo,seated
44.1748,212,0.0051772,-0.824131,0.0,0.0,0.0,0.0,6.24176,-0.879121,1.31868,-4.48352,-4.39453,-5.79984,0.00674,0.13537,TripleIncreaseAngularVelo,seated
44.8299,213,0.00613612,0.0952986,0.0,0.0,0.0,0.0,-2.54945,-17.1429,13.8901,-4.65934,1.05469,0.477,0.00674,0.13537,TripleIncreaseAngularVelo,seated
45.6515,214,-0.00345117,-0.0575244,0.0,0.0,0.0,0.0,6.59341,-12.9231,10.3736,-4.65934,3.33984,1.57263,0.00674,0.13537,TripleIncreaseAngularVelo,seated
