0.00178218,0,0.0,0.0,0.0,0.0,0.0,0.0,0.0,0.0,0.0,0.0,0.527344,0.0,0.0129973,0.143496,None,seated
0.0912142,1,0.0,0.0,0.0,0.0,0.0,0.0,0.0,0.0,0.0,0.0,0.527344,0.0,0.0178673,0.140658,Start,extended
0.169952,2,0.0,0.0,0.0,0.0,0.0,0.0,0.0,0.0,0.0,0.0,0.703125,0.0,0.0178673,0.140658,Start,extended
0.180024,3,0.0,0.0,0.0,0.0,0.0,0.0,0.0,0.0,0.0,0.0,0.703125,0.0,0.0178673,0.140658,Start,extended
0.190096,4,0.0,0.0,0.0,0.0,0.0,0.0,0.0,0.0,0.0,0.0,0.527344,0.0,0.0178673,0.140658,Start,extended
0.200165,5,0.0,0.0,0.0,0.0,0.0,0.0,0.0,0.0,0.0,0.0,0.351562,-0.886071,0.0178673,0.140658,Start,extended
0.210252,6,0.0,0.0,0.0,0.0,0.0,0.0,0.0,0.0,0.0,0.0,0.351562,-1.47668,0.0178673,0.140658,Start,extended
0.220324,7,0.0,0.0,0.0,0.0,0.0,0.0,0.0,0.0,0.0,0.0,0.351562,-6.97934,0.0178673,0.140658,Start,extended
0.230388,8,0.0,0.0,0.0,0.0,0.0,0.0,0.0,0.0,0.0,0.0,0.351562,-6.98043,0.0178673,0.140658,Start,extended
0.240458,9,0.0,0.0,0.0,0.0,0.0,0.0,0.0,0.0,0.0,0.0,0.351562,-3.49036,0.0178673,0.140658,Start,extended
0.25054,10,0.0,0.0,0.0,0.0,0.0,0.0,0.0,0.0,0.0,0.0,0.351562,0.0,0.0178673,0.140658,Start,extended
0.260607,11,0.0,0.0,0.0,0.0,0.0,0.0,0.0,0.0,0.0,0.0,0.351562,0.0,0.0178673,0.140658,Start,extended
0.270677,12,0.0,0.0,0.0,0.0,0.0,0.0,0.0,0.0,0.0,0.0,0.351562,0.0,0.0178673,0.140658,Start,extended
0.280716,13,0.0,0.0,0.0,0.0,0.0,0.0,0.0,0.0,0.0,0.0,0.351562,0.0,0.0178673,0.140658,Start,extended
0.290784,14,0.0,0.0,0.0,0.0,0.0,0.0,0.0,0.0,0.0,0.0,0.351562,0.0,0.0178673,0.140658,Start,extended
0.300866,15,0.0,0.0,0.0,0.0,0.0,0.0,0.0,0.0,0.0,0.0,0.351562,0.0,0.0178673,0.140658,Start,extended
0.31094,16,0.0,0.0,0.0,0.0,0.0,0.0,0.0,0.0,0.0,0.0,0.351562,0.0,0.0178673,0.140658,Start,extended
0.321011,17,0.0,0.0,0.0,0.0,0.0,0.0,0.0,0.0,0.0,0.0,0.351562,0.0,0.0178673,0.140658,Start,extended
0.331077,18,0.0,0.0,0.0,0.0,0.0,0.0,0.0,0.0,0.0,0.0,0.351562,0.0,0.0178673,0.140658,Start,extended
0.341157,19,0.0,0.0,0.0,0.0,0.0,0.0,0.0,0.0,0.0,0.0,0.527344,3.48959,0.0178673,0.140658,Start,extended
0.351225,20,0.0,0.0,0.0,0.0,0.0,0.0,0.0,0.0,0.0,0.0,0.527344,3.49056,0.0178673,0.140658,Start,extended
0.361293,21,0.0,0.0,0.0,0.0,0.0,0.0,0.0,0.0,0.0,0.0,0.351562,0.0,0.0178673,0.140658,Start,extended
0.371358,22,0.0,0.0,0.0,0.0,0.0,0.0,0.0,0.0,0.0,0.0,0.351562,0.0,0.0178673,0.140658,Start,extended
0.381426,23,0.0,0.0,0.0,0.0,0.0,0.0,0.0,0.0,0.0,0.0,0.175781,-3.49126,0.0178673,0.140658,Start,extended
0.391509,24,0.0,0.0,0.0,0.0,0.0,0.0,0.0,0.0,0.0,0.0,0.175781,-6.98212,0.0178673,0.140658,Start,extended
0.401582,25,0.0,0.0,0.0,0.0,0.0,0.0,0.0,0.0,0.0,0.0,0.175781,-6.98142,0.0178673,0.140658,Start,extended
0.41165,26,0.0,0.0,0.0,0.0,0.0,0.0,0.0,0.0,0.0,0.0,0.351562,0.0,0.0178673,0.140658,Start,extended
0.421713,27,0.0,0.0,0.0,0.0,0.0,0.0,0.0,0.0,0.0,0.0,0.351562,0.0,0.0178673,0.140658,Start,extended
0.431781,28,0.0,0.0,0.0,0.0,0.0,0.0,0.0,0.0,0.0,0.0,0.351562,3.49084,0.0178673,0.140658,Start,extended
0.441861,29,0.0,0.0,0.0,0.0,0.0,0.0,0.0,0.0,0.0,0.0,0.351562,3.49104,0.0178673,0.140658,Start,extended
0.451933,30,0.0,0.0,0.0,0.0,0.0,0.0,0.0,0.0,0.0,0.0,0.351562,3.49111,0.0178673,0.140658,Start,extended
0.462001,31,0.0,0.0,0.0,0.0,0.0,0.0,0.0,0.0,0.0,0.0,0.351562,0.0,0.0178673,0.140658,Start,extended
0.472082,32,0.0,0.0,0.0,0.0,0.0,0.0,0.0,0.0,0.0,0.0,0.527344,3.48987,0.0178673,0.140658,Start,extended
0.482154,33,0.0,0.0,0.0,0.0,0.0,0.0,0.0,0.0,0.0,0.0,0.527344,3.48959,0.0178673,0.140658,Start,extended
0.49222,34,0.0,0.0,0.0,0.0,0.0,0.0,0.0,0.0,0.0,0.0,0.527344,3.49056,0.0178673,0.140658,Start,extended
0.502288,35,0.0,0.0,0.0,0.0,0.0,0.0,0.0,0.0,0.0,0.0,0.527344,3.49084,0.0178673,0.140658,Start,extended
0.512374,36,0.0,0.0,0.0,0.0,0.0,0.0,0.0,0.0,0.0,0.0,0.527344,3.48959,0.0178673,0.140658,Start,extended
0.522444,37,0.0,0.0,0.0,0.0,0.0,0.0,0.0,0.0,0.0,0.0,0.527344,0.0,0.0178673,0.140658,Start,extended
0.532513,38,0.0,0.0,0.0,0.0,0.0,0.0,0.0,0.0,0.0,0.0,0.351562,-3.49056,0.0178673,0.140658,Start,extended
0.542579,39,0.0,0.0,0.0,0.0,0.0,0.0,0.0,0.0,0.0,0.0,0.351562,-3.49056,0.0178673,0.140658,Start,extended
0.552649,40,0.0,0.0,0.0,0.0,0.0,0.0,0.0,0.0,0.0,0.0,0.351562,-3.49043,0.0178673,0.140658,Start,extended
0.56273,41,0.0,0.0,0.0,0.0,0.0,0.0,0.0,0.0,0.0,0.0,0.351562,-3.49078,0.0178673,0.140658,Start,extended
0.572801,42,0.0,0.0,0.0,0.0,0.0,0.0,0.0,0.0,0.0,0.0,0.351562,-3.49069,0.0178673,0.140658,Start,extended
0.582865,43,0.0,0.0,0.0,0.0,0.0,0.0,0.0,0.0,0.0,0.0,0.351562,0.0,0.0178673,0.140658,Start,extended
0.592938,44,0.0,0.0,0.0,0.0,0.0,0.0,0.0,0.0,0.0,0.0,0.527344,3.49056,0.0178673,0.140658,Start,extended
0.603007,45,0.0,0.0,0.0,0.0,0.0,0.0,0.0,0.0,0.0,0.0,0.527344,3.49063,0.0178673,0.140658,Start,extended
0.61309,46,0.0,0.0,0.0,0.0,0.0,0.0,0.0,0.0,0.0,0.0,0.351562,0.0,0.0178673,0.140658,Start,extended
0.62316,47,0.0,0.0,0.0,0.0,0.0,0.0,0.0,0.0,0.0,0.0,0.351562,0.0,0.0178673,0.140658,Start,extended
0.63323,48,0.0,0.0,0.0,0.0,0.0,0.0,0.0,0.0,0.0,0.0,0.351562,0.0,0.0178673,0.140658,Start,extended
0.643294,49,0.0,0.0,0.0,0.0,0.0,0.0,0.0,0.0,0.0,0.0,0.351562,-3.49078,0.0178673,0.140658,Start,extended
0.653357,50,0.0,0.0,0.0,0.0,0.0,0.0,0.0,0.0,0.0,0.0,0.351562,-3.49119,0.0178673,0.140658,Start,extended
0.663442,51,0.0,0.0,0.0,0.0,0.0,0.0,0.0,0.0,0.0,0.0,0.351562,0.0,0.0178673,0.140658,Start,extended
0.673514,52,0.0,0.0,0.0,0.0,0.0,0.0,0.0,0.0,0.0,0.0,0.351562,0.0,0.0178673,0.140658,Start,extended
0.683584,53,0.0,0.0,0.0,0.0,0.0,0.0,0.0,0.0,0.0,0.0,0.351562,0.0,0.0178673,0.140658,Start,extended
0.693652,54,0.0,0.0,0.0,0.0,0.0,0.0,0.0,0.0,0.0,0.0,0.351562,0.0,0.0178673,0.140658,Start,extended
0.703714,55,0.0,0.0,0.0,0.0,0.0,0.0,0.0,0.0,0.0,0.0,0.351562,0.0,0.0178673,0.140658,Start,extended
0.713797,56,0.0,0.0,0.0,0.0,0.0,0.0,0.0,0.0,0.0,0.0,0.351562,0.0,0.0178673,0.140658,Start,extended
0.723865,57,0.0,0.0,0.0,0.0,0.0,0.0,0.0,0.0,0.0,0.0,0.351562,0.0,0.0178673,0.140658,Start,extended
0.80645,58,0.0,0.0,0.0,0.0,0.0,0.0,0.0,0.0,0.0,0.0,0.351562,0.0,0.0129973,0.143496,Start,seated
0.816519,59,0.0,0.0,0.0,0.0,0.0,0.0,0.0,0.0,0.0,0.0,0.351562,0.0,0.0129973,0.143496,Start,seated
0.826589,60,0.0,0.0,0.0,0.0,0.0,0.0,0.0,0.0,0.0,0.0,0.351562,0.0,0.0129973,0.143496,Start,seated
0.836659,61,0.0,0.0,0.0,0.0,0.0,0.0,0.0,0.0,0.0,0.0,0.351562,0.0,0.0129973,0.143496,Start,seated
0.846709,62,0.0,0.0,0.0,0.0,0.0,0.0,0.0,0.0,0.0,0.0,0.351562,0.0,0.0129973,0.143496,Start,seated
0.856779,63,0.0,0.0,0.0,0.0,0.0,0.0,0.0,0.0,0.0,0.0,0.351562,0.0,0.0129973,0.143496,Start,seated
0.866854,64,0.0,0.0,0.0,0.0,0.0,0.0,0.0,0.0,0.0,0.0,0.351562,0.0,0.0129973,0.143496,Start,seated
0.876926,65,0.0,0.0,0.0,0.0,0.0,0.0,0.0,0.0,0.0,0.0,0.351562,0.0,0.0129973,0.143496,Start,seated
0.887005,66,0.0,0.0,0.0,0.0,0.0,0.0,0.0,0.0,0.0,0.0,0.351562,0.0,0.0129973,0.143496,Start,seated
0.897077,67,0.0,0.0,0.0,0.0,0.0,0.0,0.0,0.0,0.0,0.0,0.351562,0.0,0.0129973,0.143496,Start,seated
0.907161,68,0.0,0.0,0.0,0.0,0.0,0.0,0.0,0.0,0.0,0.0,0.351562,0.0,0.0129973,0.143496,Start,seated
0.917228,69,0.0,0.0,0.0,0.0,0.0,0.0,0.0,0.0,0.0,0.0,0.351562,0.0,0.0129973,0.143496,Start,seated
0.927296,70,0.0,0.0,0.0,0.0,0.0,0.0,0.0,0.0,0.0,0.0,0.351562,0.0,0.0129973,0.143496,Start,seated
0.937367,71,0.0,0.0,0.0,0.0,0.0,0.0,0.0,0.0,0.0,0.0,0.351562,0.0,0.0129973,0.143496,Start,seated
0.947451,72,0.0,0.0,0.0,0.0,0.0,0.0,0.0,0.0,0.0,0.0,0.351562,0.0,0.0129973,0.143496,Start,seated
0.957522,73,0.0,0.0,0.0,0.0,0.0,0.0,0.0,0.0,0.0,0.0,0.351562,0.0,0.0129973,0.143496,Start,seated
0.967593,74,0.0,0.0,0.0,0.0,0.0,0.0,0.0,0.0,0.0,0.0,0.351562,0.0,0.0129973,0.143496,Start,seated
0.977664,75,0.0,0.0,0.0,0.0,0.0,0.0,0.0,0.0,0.0,0.0,0.351562,0.0,0.0129973,0.143496,Start,seated
0.987717,76,0.0,0.0,0.0,0.0,0.0,0.0,0.0,0.0,0.0,0.0,0.351562,0.0,0.0129973,0.143496,Start,seated
0.997802,77,0.0,0.0,0.0,0.0,0.0,0.0,0.0,0.0,0.0,0.0,0.351562,0.0,0.0129973,0.143496,Start,seated
1.00787,78,0.0,0.0,0.0,0.0,0.0,0.0,0.0,0.0,0.0,0.0,0.351562,0.0,0.0129973,0.143496,Start,seated
1.01794,79,0.0,0.0,0.0,0.0,0.0,0.0,0.0,0.0,0.0,0.0,0.351562,0.0,0.0129973,0.143496,Start,seated
1.02801,80,0.0,0.0,0.0,0.0,0.0,0.0,0.0,0.0,0.0,0.0,0.351562,0.0,0.0129973,0.143496,Start,seated
1.03808,81,0.0,0.0,0.0,0.0,0.0,0.0,0.0,0.0,0.0,0.0,0.351562,0.0,0.0129973,0.143496,Start,seated
1.04816,82,0.0,0.0,0.0,0.0,0.0,0.0,0.0,0.0,0.0,0.0,0.351562,0.0,0.0129973,0.143496,Start,seated
1.05823,83,0.0,0.0,0.0,0.0,0.0,0.0,0.0,0.0,0.0,0.0,0.527344,3.49041,0.0129973,0.143496,Start,seated
1.0683,84,0.0,0.0,0.0,0.0,0.0,0.0,0.0,0.0,0.0,0.0,0.527344,3.49022,0.0129973,0.143496,Start,seated
1.07837,85,0.0,0.0,0.0,0.0,0.0,0.0,0.0,0.0,0.0,0.0,0.527344,3.49022,0.0129973,0.143496,Start,seated
1.08845,86,0.0,0.0,0.0,0.0,0.0,0.0,0.0,0.0,0.0,0.0,0.351562,0.0,0.0129973,0.143496,Start,seated
1.09853,87,0.0,0.0,0.0,0.0,0.0,0.0,0.0,0.0,0.0,0.0,0.351562,0.0,0.0129973,0.143496,Start,seated
1.1086,88,0.0,0.0,0.0,0.0,0.0,0.0,0.0,0.0,0.0,0.0,0.351562,-3.48995,0.0129973,0.143496,Start,seated
1.11867,89,0.0,0.0,0.0,0.0,0.0,0.0,0.0,0.0,0.0,0.0,0.527344,0.0,0.0129973,0.143496,Start,seated
1.12872,90,0.0,0.0,0.0,0.0,0.0,0.0,0.0,0.0,0.0,0.0,0.527344,0.0,0.0129973,0.143496,Start,seated
1.1388,91,0.0,0.0,0.0,0.0,0.0,0.0,0.0,0.0,0.0,0.0,0.527344,3.49126,0.0129973,0.143496,Start,seated
1.14887,92,0.0,0.0,0.0,0.0,0.0,0.0,0.0,0.0,0.0,0.0,0.527344,3.49147,0.0129973,0.143496,Start,seated
1.15894,93,0.0,0.0,0.0,0.0,0.0,0.0,0.0,0.0,0.0,0.0,0.527344,3.49187,0.0129973,0.143496,Start,seated
1.16901,94,0.0,0.0,0.0,0.0,0.0,0.0,0.0,0.0,0.0,0.0,0.527344,0.0,0.0129973,0.143496,Start,seated
1.17908,95,0.0,0.0,0.0,0.0,0.0,0.0,0.0,0.0,0.0,0.0,0.527344,0.0,0.0129973,0.143496,Start,seated
1.18916,96,0.0,0.0,0.0,0.0,0.0,0.0,0.0,0.0,0.0,0.0,0.351562,-3.49043,0.0129973,0.143496,Start,seated
1.19923,97,0.0,0.0,0.0,0.0,0.0,0.0,0.0,0.0,0.0,0.0,0.527344,0.0,0.0129973,0.143496,Start,seated
1.2093,98,0.0,0.0,0.0,0.0,0.0,0.0,0.0,0.0,0.0,0.0,0.351562,-3.4903,0.0129973,0.143496,Start,seated
1.21937,99,0.0,0.0,0.0,0.0,0.0,0.0,0.0,0.0,0.0,0.0,0.351562,-3.49035,0.0129973,0.143496,Start,seated
1.22944,100,0.0,0.0,0.0,0.0,0.0,0.0,0.0,0.0,0.0,0.0,0.351562,-3.4903,0.0129973,0.143496,Start,seated
1.23952,101,0.0,0.0,0.0,0.0,0.0,0.0,0.0,0.0,0.0,0.0,0.351562,0.0,0.0129973,0.143496,Start,seated
1.24959,102,0.0,0.0,0.0,0.0,0.0,0.0,0.0,0.0,0.0,0.0,0.351562,-3.49043,0.0129973,0.143496,Start,seated
1.25966,103,0.0,0.0,0.0,0.0,0.0,0.0,0.0,0.0,0.0,0.0,0.351562,0.0,0.0129973,0.143496,Start,seated
1.26972,104,0.0,0.0,0.0,0.0,0.0,0.0,0.0,0.0,0.0,0.0,0.351562,0.0,0.0129973,0.143496,Start,seated
1.27979,105,0.0,0.0,0.0,0.0,0.0,0.0,0.0,0.0,0.0,0.0,0.351562,0.0,0.0129973,0.143496,Start,seated
1.28987,106,0.0,0.0,0.0,0.0,0.0,0.0,0.0,0.0,0.0,0.0,0.351562,0.0,0.0129973,0.143496,Start,seated
1.29994,107,0.0,0.0,0.0,0.0,0.0,0.0,0.0,0.0,0.0,0.0,0.351562,0.0,0.0129973,0.143496,Start,seated
1.31001,108,0.0,0.0,0.0,0.0,0.0,0.0,0.0,0.0,0.0,0.0,0.175781,-3.49119,0.0129973,0.143496,Start,seated
1.32009,109,0.0,0.0,0.0,0.0,0.0,0.0,0.0,0.0,0.0,0.0,0.175781,-3.48972,0.0129973,0.143496,Start,seated
1.33017,110,0.0,0.0,0.0,0.0,0.0,0.0,0.0,0.0,0.0,0.0,0.175781,-3.48917,0.0129973,0.143496,Start,seated
1.34023,111,0.0,0.0,0.0,0.0,0.0,0.0,0.0,0.0,0.0,0.0,0.175781,-3.49022,0.0129973,0.143496,Start,seated
1.35031,112,0.0,0.0,0.0,0.0,0.0,0.0,0.0,0.0,0.0,0.0,0.351562,0.0,0.0129973,0.143496,Start,seated
1.36039,113,0.0,0.0,0.0,0.0,0.0,0.0,0.0,0.0,0.0,0.0,0.351562,3.48937,0.0129973,0.143496,Start,seated
1.37046,114,0.0,0.0,0.0,0.0,0.0,0.0,0.0,0.0,0.0,0.0,0.351562,3.49002,0.0129973,0.143496,Start,seated
1.38053,115,0.0,0.0,0.0,0.0,0.0,0.0,0.0,0.0,0.0,0.0,0.351562,3.49022,0.0129973,0.143496,Start,seated
1.39059,116,0.0,0.0,0.0,0.0,0.0,0.0,0.0,0.0,0.0,0.0,0.351562,3.49043,0.0129973,0.143496,Start,seated
1.40066,117,0.0,0.0,0.0,0.0,0.0,0.0,0.0,0.0,0.0,0.0,0.351562,0.0,0.0129973,0.143496,Start,seated
1.41073,118,0.0,0.0,0.0,0.0,0.0,0.0,0.0,0.0,0.0,0.0,0.351562,0.0,0.0129973,0.143496,Start,seated
1.4208,119,0.0,0.0,0.0,0.0,0.0,0.0,0.0,0.0,0.0,0.0,0.351562,0.0,0.0129973,0.143496,Start,seated
1.43086,120,0.0,0.0,0.0,0.0,0.0,0.0,0.0,0.0,0.0,0.0,0.351562,0.0,0.0129973,0.143496,Start,seated
1.44093,121,0.0,0.0,0.0,0.0,0.0,0.0,0.0,0.0,0.0,0.0,0.527344,3.49243,0.0129973,0.143496,Start,seated
1.451,122,0.0,0.0,0.0,0.0,0.0,0.0,0.0,0.0,0.0,0.0,0.527344,3.49236,0.0129973,0.143496,Start,seated
1.46108,123,0.0,0.0,0.0,0.0,0.0,0.0,0.0,0.0,0.0,0.0,0.527344,3.49084,0.0129973,0.143496,Start,seated
1.47115,124,0.0,0.0,0.0,0.0,0.0,0.0,0.0,0.0,0.0,0.0,0.527344,3.49078,0.0129973,0.143496,Start,seated
1.48122,125,0.0,0.0,0.0,0.0,0.0,0.0,0.0,0.0,0.0,0.0,0.527344,3.49036,0.0129973,0.143496,Start,seated
1.49129,126,0.0,0.0,0.0,0.0,0.0,0.0,0.0,0.0,0.0,0.0,0.527344,0.0,0.0129973,0.143496,Start,seated
1.50136,127,0.0,0.0,0.0,0.0,0.0,0.0,0.0,0.0,0.0,0.0,0.527344,0.0,0.0129973,0.143496,Start,seated
1.51144,128,0.0,0.0,0.0,0.0,0.0,0.0,0.0,0.0,0.0,0.0,0.527344,0.0,0.0129973,0.143496,Start,seated
1.52151,129,0.0,0.0,0.0,0.0,0.0,0.0,0.0,0.0,0.0,0.0,0.527344,0.0,0.0129973,0.143496,Start,seated
1.53158,130,0.0,0.0,0.0,0.0,0.0,0.0,0.0,0.0,0.0,0.0,0.527344,0.0,0.0129973,0.143496,Start,seated
1.54165,131,0.0,0.0,0.0,0.0,0.0,0.0,0.0,0.0,0.0,0.0,0.527344,0.0,0.0129973,0.143496,Start,seated
1.55172,132,0.0,0.0,0.0,0.0,0.0,0.0,0.0,0.0,0.0,0.0,0.527344,0.0,0.0129973,0.143496,Start,seated
1.5618,133,0.0,0.0,0.0,0.0,0.0,0.0,0.0,0.0,0.0,0.0,0.527344,0.0,0.0129973,0.143496,Start,seated
1.57187,134,0.0,0.0,0.0,0.0,0.0,0.0,0.0,0.0,0.0,0.0,0.527344,0.0,0.0129973,0.143496,Start,seated
1.58193,135,0.0,0.0,0.0,0.0,0.0,0.0,0.0,0.0,0.0,0.0,0.527344,0.0,0.0129973,0.143496,Start,seated
1.592,136,0.0,0.0,0.0,0.0,0.0,0.0,0.0,0.0,0.0,0.0,0.527344,0.0,0.0129973,0.143496,Start,seated
1.60207,137,0.0,0.0,0.0,0.0,0.0,0.0,0.0,0.0,0.0,0.0,0.527344,0.0,0.0129973,0.143496,Start,seated
1.61216,138,0.0,0.0,0.0,0.0,0.0,0.0,0.0,0.0,0.0,0.0,0.527344,0.0,0.0129973,0.143496,Start,seated
1.62223,139,0.0,0.0,0.0,0.0,0.0,0.0,0.0,0.0,0.0,0.0,0.527344,0.0,0.0129973,0.143496,Start,seated
1.6323,140,0.0,0.0,0.0,0.0,0.0,0.0,0.0,0.0,0.0,0.0,0.351562,-3.49,0.0129973,0.143496,Start,seated
1.64237,141,0.0,0.0,0.0,0.0,0.0,0.0,0.0,0.0,0.0,0.0,0.351562,-3.49022,0.0129973,0.143496,Start,seated
1.65244,142,0.0,0.0,0.0,0.0,0.0,0.0,0.0,0.0,0.0,0.0,0.351562,-3.48987,0.0129973,0.143496,Start,seated
1.66253,143,0.0,0.0,0.0,0.0,0.0,0.0,0.0,0.0,0.0,0.0,0.351562,-3.49008,0.0129973,0.143496,Start,seated
1.6726,144,0.0,0.0,0.0,0.0,0.0,0.0,0.0,0.0,0.0,0.0,0.351562,-3.49,0.0129973,0.143496,Start,seated
1.68266,145,0.0,0.0,0.0,0.0,0.0,0.0,0.0,0.0,0.0,0.0,0.351562,0.0,0.0129973,0.143496,Start,seated
1.69272,146,0.0,0.0,0.0,0.0,0.0,0.0,0.0,0.0,0.0,0.0,0.351562,0.0,0.0129973,0.143496,Start,seated
1.70278,147,0.0,0.0,0.0,0.0,0.0,0.0,0.0,0.0,0.0,0.0,0.351562,0.0,0.0129973,0.143496,Start,seated
1.71286,148,0.0,0.0,0.0,0.0,0.0,0.0,0.0,0.0,0.0,0.0,0.351562,0.0,0.0129973,0.143496,Start,seated
1.72293,149,0.0,0.0,0.0,0.0,0.0,0.0,0.0,0.0,0.0,0.0,0.351562,0.0,0.0129973,0.143496,Start,seated
1.733,150,0.0,0.0,0.0,0.0,0.0,0.0,0.0,0.0,0.0,0.0,0.351562,0.0,0.0129973,0.143496,Start,seated
1.74307,151,0.0,0.0,0.0,0.0,0.0,0.0,0.0,0.0,0.0,0.0,0.527344,3.49126,0.0129973,0.143496,Start,seated
1.75315,152,0.0,0.0,0.0,0.0,0.0,0.0,0.0,0.0,0.0,0.0,0.527344,3.49008,0.0129973,0.143496,Start,seated
1.76322,153,0.0,0.0,0.0,0.0,0.0,0.0,0.0,0.0,0.0,0.0,0.527344,3.49069,0.0129973,0.143496,Start,seated
1.77329,154,0.0,0.0,0.0,0.0,0.0,0.0,0.0,0.0,0.0,0.0,0.527344,3.49043,0.0129973,0.143496,Start,seated
1.78336,155,0.0,0.0,0.0,0.0,0.0,0.0,0.0,0.0,0.0,0.0,0.527344,3.49043,0.0129973,0.143496,Start,seated
1.79342,156,0.0,0.0,0.0,0.0,0.0,0.0,0.0,0.0,0.0,0.0,0.527344,0.0,0.0129973,0.143496,Start,seated
1.8035,157,0.0,0.0,0.0,0.0,0.0,0.0,0.0,0.0,0.0,0.0,0.527344,0.0,0.0129973,0.143496,Start,seated
1.81357,158,0.0,0.0,0.0,0.0,0.0,0.0,0.0,0.0,0.0,0.0,0.527344,0.0,0.0129973,0.143496,Start,seated
1.82364,159,0.0,0.0,0.0,0.0,0.0,0.0,0.0,0.0,0.0,0.0,0.527344,0.0,0.0129973,0.143496,Start,seated
1.83372,160,0.0,0.0,0.0,0.0,0.0,0.0,0.0,0.0,0.0,0.0,0.527344,0.0,0.0129973,0.143496,Start,seated
1.84379,161,0.0,0.0,0.0,0.0,0.0,0.0,0.0,0.0,0.0,0.0,0.703125,3.49036,0.0129973,0.143496,Start,seated
1.85386,162,0.0,0.0,0.0,0.0,0.0,0.0,0.0,0.0,0.0,0.0,0.703125,3.49043,0.0129973,0.143496,Start,seated
1.86394,163,0.0,0.0,0.0,0.0,0.0,0.0,0.0,0.0,0.0,0.0,0.703125,3.49002,0.0129973,0.143496,Start,seated
1.874,164,0.0,0.0,0.0,0.0,0.0,0.0,0.0,0.0,0.0,0.0,0.703125,3.49056,0.0129973,0.143496,Start,seated
1.88407,165,0.0,0.0,0.0,0.0,0.0,0.0,0.0,0.0,0.0,0.0,0.703125,3.49084,0.0129973,0.143496,Start,seated
1.89416,166,0.0,0.0,0.0,0.0,0.0,0.0,0.0,0.0,0.0,0.0,0.703125,0.0,0.0129973,0.143496,Start,seated
1.90423,167,0.0,0.0,0.0,0.0,0.0,0.0,0.0,0.0,0.0,0.0,0.703125,0.0,0.0129973,0.143496,Start,seated
1.9143,168,0.0,0.0,0.0,0.0,0.0,0.0,0.0,0.0,0.0,0.0,0.703125,0.0,0.0129973,0.143496,Start,seated
1.92437,169,0.0,0.0,0.0,0.0,0.0,0.0,0.0,0.0,0.0,0.0,0.703125,0.0,0.0129973,0.143496,Start,seated
1.93443,170,0.0,0.0,0.0,0.0,0.0,0.0,0.0,0.0,0.0,0.0,0.703125,0.0,0.0129973,0.143496,Start,seated
1.94452,171,0.0,0.0,0.0,0.0,0.0,0.0,0.0,0.0,0.0,0.0,0.703125,0.0,0.0129973,0.143496,Start,seated
1.9546,172,0.0,0.0,0.0,0.0,0.0,0.0,0.0,0.0,0.0,0.0,0.703125,0.0,0.0129973,0.143496,Start,seated
1.96466,173,0.0,0.0,0.0,0.0,0.0,0.0,0.0,0.0,0.0,0.0,0.703125,0.0,0.0129973,0.143496,Start,seated
1.97473,174,0.0,0.0,0.0,0.0,0.0,0.0,0.0,0.0,0.0,0.0,0.703125,0.0,0.0129973,0.143496,Start,seated
1.98479,175,0.0,0.0,0.0,0.0,0.0,0.0,0.0,0.0,0.0,0.0,0.703125,0.0,0.0129973,0.143496,Start,seated
2.06959,176,0.0,0.0,0.0,0.0,0.0,0.0,0.0,0.0,0.0,0.0,0.703125,0.0,0.0178673,0.140658,Start,extended
2.07966,177,0.0,0.0,0.0,0.0,0.0,0.0,0.0,0.0,0.0,0.0,0.703125,0.0,0.0178673,0.140658,Start,extended
2.08972,178,0.0,0.0,0.0,0.0,0.0,0.0,0.0,0.0,0.0,0.0,0.703125,0.0,0.0178673,0.140658,Start,extended
2.09978,179,0.0,0.0,0.0,0.0,0.0,0.0,0.0,0.0,0.0,0.0,0.703125,0.0,0.0178673,0.140658,Start,extended
2.10987,180,0.0,0.0,0.0,0.0,0.0,0.0,0.0,0.0,0.0,0.0,0.703125,0.0,0.0178673,0.140658,Start,extended
2.11994,181,0.0,0.0,0.0,0.0,0.0,0.0,0.0,0.0,0.0,0.0,0.703125,0.0,0.0178673,0.140658,Start,extended
2.13001,182,0.0,0.0,0.0,0.0,0.0,0.0,0.0,0.0,0.0,0.0,0.703125,0.0,0.0178673,0.140658,Start,extended
2.14008,183,0.0,0.0,0.0,0.0,0.0,0.0,0.0,0.0,0.0,0.0,0.703125,0.0,0.0178673,0.140658,Start,extended
2.15016,184,0.0,0.0,0.0,0.0,0.0,0.0,0.0,0.0,0.0,0.0,0.703125,0.0,0.0178673,0.140658,Start,extended
2.16023,185,0.0,0.0,0.0,0.0,0.0,0.0,0.0,0.0,0.0,0.0,0.703125,0.0,0.0178673,0.140658,Start,extended
2.1703,186,0.0,0.0,0.0,0.0,0.0,0.0,0.0,0.0,0.0,0.0,0.703125,0.0,0.0178673,0.140658,Start,extended
2.18039,187,0.0,0.0,0.0,0.0,0.0,0.0,0.0,0.0,0.0,0.0,0.527344,-3.48952,0.0178673,0.140658,Start,extended
2.19046,188,0.0,0.0,0.0,0.0,0.0,0.0,0.0,0.0,0.0,0.0,0.527344,-3.48924,0.0178673,0.140658,Start,extended
2.20052,189,0.0,0.0,0.0,0.0,0.0,0.0,0.0,0.0,0.0,0.0,0.703125,0.0,0.0178673,0.140658,Start,extended
2.21059,190,0.0,0.0,0.0,0.0,0.0,0.0,0.0,0.0,0.0,0.0,0.703125,0.0,0.0178673,0.140658,Start,extended
2.22067,191,0.0,0.0,0.0,0.0,0.0,0.0,0.0,0.0,0.0,0.0,0.703125,0.0,0.0178673,0.140658,Start,extended
2.23072,192,0.0,0.0,0.0,0.0,0.0,0.0,0.0,0.0,0.0,0.0,0.703125,3.49243,0.0178673,0.140658,Start,extended
2.24078,193,0.0,0.0,0.0,0.0,0.0,0.0,0.0,0.0,0.0,0.0,0.703125,3.49278,0.0178673,0.140658,Start,extended
2.25086,194,0.0,0.0,0.0,0.0,0.0,0.0,0.0,0.0,0.0,0.0,0.703125,0.0,0.0178673,0.140658,Start,extended
2.26094,195,0.0,0.0,0.0,0.0,0.0,0.0,0.0,0.0,0.0,0.0,0.527344,-3.4916,0.0178673,0.140658,Start,extended
2.27101,196,0.0,0.0,0.0,0.0,0.0,0.0,0.0,0.0,0.0,0.0,0.527344,-3.4921,0.0178673,0.140658,Start,extended
2.28108,197,0.0,0.0,0.0,0.0,0.0,0.0,0.0,0.0,0.0,0.0,0.527344,-3.4905,0.0178673,0.140658,Start,extended
2.29116,198,0.0,0.0,0.0,0.0,0.0,0.0,0.0,0.0,0.0,0.0,0.703125,0.0,0.0178673,0.140658,Start,extended
2.30123,199,0.0,0.0,0.0,0.0,0.0,0.0,0.0,0.0,0.0,0.0,0.703125,0.0,0.0178673,0.140658,Start,extended
2.3113,200,0.0,0.0,0.0,0.0,0.0,0.0,0.0,0.0,0.0,0.0,0.703125,3.49035,0.0178673,0.140658,Start,extended
2.32137,201,0.0,0.0,0.0,0.0,0.0,0.0,0.0,0.0,0.0,0.0,0.703125,3.49041,0.0178673,0.140658,Start,extended
2.33144,202,0.0,0.0,0.0,0.0,0.0,0.0,0.0,0.0,0.0,0.0,0.527344,0.0,0.0178673,0.140658,Start,extended
2.34152,203,0.0,0.0,0.0,0.0,0.0,0.0,0.0,0.0,0.0,0.0,0.527344,-3.49043,0.0178673,0.140658,Start,extended
2.35159,204,0.0,0.0,0.0,0.0,0.0,0.0,0.0,0.0,0.0,0.0,0.527344,-3.4905,0.0178673,0.140658,Start,extended
2.36166,205,0.0,0.0,0.0,0.0,0.0,0.0,0.0,0.0,0.0,0.0,0.527344,-3.49022,0.0178673,0.140658,Start,extended
2.37171,206,0.0,0.0,0.0,0.0,0.0,0.0,0.0,0.0,0.0,0.0,0.527344,-3.49169,0.0178673,0.140658,Start,extended
2.38178,207,0.0,0.0,0.0,0.0,0.0,0.0,0.0,0.0,0.0,0.0,0.527344,0.0,0.0178673,0.140658,Start,extended
2.39186,208,0.0,0.0,0.0,0.0,0.0,0.0,0.0,0.0,0.0,0.0,0.527344,0.0,0.0178673,0.140658,Start,extended
2.40193,209,0.0,0.0,0.0,0.0,0.0,0.0,0.0,0.0,0.0,0.0,0.527344,0.0,0.0178673,0.140658,Start,extended
2.412,210,0.0,0.0,0.0,0.0,0.0,0.0,0.0,0.0,0.0,0.0,0.527344,0.0,0.0178673,0.140658,Start,extended
2.42207,211,0.0,0.0,0.0,0.0,0.0,0.0,0.0,0.0,0.0,0.0,0.527344,0.0,0.0178673,0.140658,Start,extended
2.43214,212,0.0,0.0,0.0,0.0,0.0,0.0,0.0,0.0,0.0,0.0,0.527344,0.0,0.0178673,0.140658,Start,extended
2.44221,213,0.0,0.0,0.0,0.0,0.0,0.0,0.0,0.0,0.0,0.0,0.527344,0.0,0.0178673,0.140658,Start,extended
2.45227,214,0.0,0.0,0.0,0.0,0.0,0.0,0.0,0.0,0.0,0.0,0.703125,3.49126,0.0178673,0.140658,Start,extended
2.46234,215,0.0,0.0,0.0,0.0,0.0,0.0,0.0,0.0,0.0,0.0,0.703125,3.49154,0.0178673,0.140658,Start,extended
2.47242,216,0.0,0.0,0.0,0.0,0.0,0.0,0.0,0.0,0.0,0.0,0.703125,3.49098,0.0178673,0.140658,Start,extended
2.48249,217,0.0,0.0,0.0,0.0,0.0,0.0,0.0,0.0,0.0,0.0,0.703125,3.4916,0.0178673,0.140658,Start,extended
2.49256,218,0.0,0.0,0.0,0.0,0.0,0.0,0.0,0.0,0.0,0.0,0.703125,3.49119,0.0178673,0.140658,Start,extended
2.50263,219,0.0,0.0,0.0,0.0,0.0,0.0,0.0,0.0,0.0,0.0,0.703125,0.0,0.0178673,0.140658,Start,extended
2.5127,220,0.0,0.0,0.0,0.0,0.0,0.0,0.0,0.0,0.0,0.0,0.703125,0.0,0.0178673,0.140658,Start,extended
2.52278,221,0.0,0.0,0.0,0.0,0.0,0.0,0.0,0.0,0.0,0.0,0.703125,0.0,0.0178673,0.140658,Start,extended
2.53285,222,0.0,0.0,0.0,0.0,0.0,0.0,0.0,0.0,0.0,0.0,0.527344,-3.49028,0.0178673,0.140658,Start,extended
2.54292,223,0.0,0.0,0.0,0.0,0.0,0.0,0.0,0.0,0.0,0.0,0.527344,-3.49035,0.0178673,0.140658,Start,extended
2.55299,224,0.0,0.0,0.0,0.0,0.0,0.0,0.0,0.0,0.0,0.0,0.703125,0.0,0.0178673,0.140658,Start,extended
2.56306,225,0.0,0.0,0.0,0.0,0.0,0.0,0.0,0.0,0.0,0.0,0.703125,0.0,0.0178673,0.140658,Start,extended
2.57314,226,0.0,0.0,0.0,0.0,0.0,0.0,0.0,0.0,0.0,0.0,0.703125,0.0,0.0178673,0.140658,Start,extended
2.5832,227,0.0,0.0,0.0,0.0,0.0,0.0,0.0,0.0,0.0,0.0,0.703125,3.49084,0.0178673,0.140658,Start,extended
2.59327,228,0.0,0.0,0.0,0.0,0.0,0.0,0.0,0.0,0.0,0.0,0.703125,3.49084,0.0178673,0.140658,Start,extended
2.60334,229,0.0,0.0,0.0,0.0,0.0,0.0,0.0,0.0,0.0,0.0,0.703125,0.0,0.0178673,0.140658,Start,extended
2.61342,230,0.0,0.0,0.0,0.0,0.0,0.0,0.0,0.0,0.0,0.0,0.703125,0.0,0.0178673,0.140658,Start,extended
2.62349,231,0.0,0.0,0.0,0.0,0.0,0.0,0.0,0.0,0.0,0.0,0.703125,0.0,0.0178673,0.140658,Start,extended
2.63357,232,0.0,0.0,0.0,0.0,0.0,0.0,0.0,0.0,0.0,0.0,0.703125,0.0,0.0178673,0.140658,Start,extended
2.64364,233,0.0,0.0,0.0,0.0,0.0,0.0,0.0,0.0,0.0,0.0,0.527344,-3.49002,0.0178673,0.140658,Start,extended
2.65371,234,0.0,0.0,0.0,0.0,0.0,0.0,0.0,0.0,0.0,0.0,0.527344,-3.48972,0.0178673,0.140658,Start,extended
2.66378,235,0.0,0.0,0.0,0.0,0.0,0.0,0.0,0.0,0.0,0.0,0.527344,-3.49063,0.0178673,0.140658,Start,extended
2.67386,236,0.0,0.0,0.0,0.0,0.0,0.0,0.0,0.0,0.0,0.0,0.527344,-3.48946,0.0178673,0.140658,Start,extended
2.68393,237,0.0,0.0,0.0,0.0,0.0,0.0,0.0,0.0,0.0,0.0,0.527344,-3.49002,0.0178673,0.140658,Start,extended
2.69401,238,0.0,0.0,0.0,0.0,0.0,0.0,0.0,0.0,0.0,0.0,0.527344,0.0,0.0178673,0.140658,Start,extended
2.70407,239,0.0,0.0,0.0,0.0,0.0,0.0,0.0,0.0,0.0,0.0,0.527344,0.0,0.0178673,0.140658,Start,extended
2.71415,240,0.0,0.0,0.0,0.0,0.0,0.0,0.0,0.0,0.0,0.0,0.527344,0.0,0.0178673,0.140658,Start,extended
2.72423,241,0.0,0.0,0.0,0.0,0.0,0.0,0.0,0.0,0.0,0.0,0.527344,0.0,0.0178673,0.140658,Start,extended
2.7343,242,0.0,0.0,0.0,0.0,0.0,0.0,0.0,0.0,0.0,0.0,0.527344,0.0,0.0178673,0.140658,Start,extended
2.74436,243,0.0,0.0,0.0,0.0,0.0,0.0,0.0,0.0,0.0,0.0,0.527344,0.0,0.0178673,0.140658,Start,extended
2.75443,244,0.0,0.0,0.0,0.0,0.0,0.0,0.0,0.0,0.0,0.0,0.527344,0.0,0.0178673,0.140658,Start,extended
2.76451,245,0.0,0.0,0.0,0.0,0.0,0.0,0.0,0.0,0.0,0.0,0.527344,0.0,0.0178673,0.140658,Start,extended
2.77458,246,0.0,0.0,0.0,0.0,0.0,0.0,0.0,0.0,0.0,0.0,0.527344,0.0,0.0178673,0.140658,Start,extended
2.78465,247,0.0,0.0,0.0,0.0,0.0,0.0,0.0,0.0,0.0,0.0,0.527344,0.0,0.0178673,0.140658,Start,extended
2.79472,248,0.0,0.0,0.0,0.0,0.0,0.0,0.0,0.0,0.0,0.0,0.527344,0.0,0.0178673,0.140658,Start,extended
2.80479,249,0.0,0.0,0.0,0.0,0.0,0.0,0.0,0.0,0.0,0.0,0.527344,0.0,0.0178673,0.140658,Start,extended
2.81487,250,0.0,0.0,0.0,0.0,0.0,0.0,0.0,0.0,0.0,0.0,0.527344,0.0,0.0178673,0.140658,Start,extended
2.82494,251,0.0,0.0,0.0,0.0,0.0,0.0,0.0,0.0,0.0,0.0,0.351562,-3.49035,0.0178673,0.140658,Start,extended
2.83502,252,0.0,0.0,0.0,0.0,0.0,0.0,0.0,0.0,0.0,0.0,0.351562,-3.49,0.0178673,0.140658,Start,extended
2.84509,253,0.0,0.0,0.0,0.0,0.0,0.0,0.0,0.0,0.0,0.0,0.351562,-3.48995,0.0178673,0.140658,Start,extended
2.85517,254,0.0,0.0,0.0,0.0,0.0,0.0,0.0,0.0,0.0,0.0,0.351562,-3.48889,0.0178673,0.140658,Start,extended
2.86524,255,0.0,0.0,0.0,0.0,0.0,0.0,0.0,0.0,0.0,0.0,0.351562,-3.48952,0.0178673,0.140658,Start,extended
2.87531,256,0.0,0.0,0.0,0.0,0.0,0.0,0.0,0.0,0.0,0.0,0.351562,0.0,0.0178673,0.140658,Start,extended
2.88538,257,0.0,0.0,0.0,0.0,0.0,0.0,0.0,0.0,0.0,0.0,0.351562,0.0,0.0178673,0.140658,Start,extended
2.89545,258,0.0,0.0,0.0,0.0,0.0,0.0,0.0,0.0,0.0,0.0,0.351562,0.0,0.0178673,0.140658,Start,extended
2.90554,259,0.0,0.0,0.0,0.0,0.0,0.0,0.0,0.0,0.0,0.0,0.351562,0.0,0.0178673,0.140658,Start,extended
2.9156,260,0.0,0.0,0.0,0.0,0.0,0.0,0.0,0.0,0.0,0.0,0.351562,0.0,0.0178673,0.140658,Start,extended
2.92567,261,0.0,0.0,0.0,0.0,0.0,0.0,0.0,0.0,0.0,0.0,0.351562,0.0,0.0178673,0.140658,Start,extended
2.93572,262,0.0,0.0,0.0,0.0,0.0,0.0,0.0,0.0,0.0,0.0,0.351562,0.0,0.0178673,0.140658,Start,extended
2.94578,263,0.0,0.0,0.0,0.0,0.0,0.0,0.0,0.0,0.0,0.0,0.351562,0.0,0.0178673,0.140658,Start,extended
2.95587,264,0.0,0.0,0.0,0.0,0.0,0.0,0.0,0.0,0.0,0.0,0.351562,0.0,0.0178673,0.140658,Start,extended
2.96593,265,0.0,0.0,0.0,0.0,0.0,0.0,0.0,0.0,0.0,0.0,0.351562,0.0,0.0178673,0.140658,Start,extended
2.976,266,0.0,0.0,0.0,0.0,0.0,0.0,0.0,0.0,0.0,0.0,0.351562,0.0,0.0178673,0.140658,Start,extended
2.98609,267,0.0,0.0,0.0,0.0,0.0,0.0,0.0,0.0,0.0,0.0,0.351562,0.0,0.0178673,0.140658,Start,extended
2.99616,268,0.0,0.0,0.0,0.0,0.0,0.0,0.0,0.0,0.0,0.0,0.351562,0.0,0.0178673,0.140658,Start,extended
3.00623,269,0.0,0.0,0.0,0.0,0.0,0.0,0.0,0.0,0.0,0.0,0.351562,0.0,0.0178673,0.140658,Start,extended
3.0163,270,0.0,0.0,0.0,0.0,0.0,0.0,0.0,0.0,0.0,0.0,0.351562,0.0,0.0178673,0.140658,Start,extended
3.02638,271,0.0,0.0,0.0,0.0,0.0,0.0,0.0,0.0,0.0,0.0,0.351562,0.0,0.0178673,0.140658,Start,extended
3.03645,272,0.0,0.0,0.0,0.0,0.0,0.0,0.0,0.0,0.0,0.0,0.351562,0.0,0.0178673,0.140658,Start,extended
3.04652,273,0.0,0.0,0.0,0.0,0.0,0.0,0.0,0.0,0.0,0.0,0.351562,0.0,0.0178673,0.140658,Start,extended
3.05659,274,0.0,0.0,0.0,0.0,0.0,0.0,0.0,0.0,0.0,0.0,0.351562,0.0,0.0178673,0.140658,Start,extended
3.06665,275,0.0,0.0,0.0,0.0,0.0,0.0,0.0,0.0,0.0,0.0,0.351562,0.0,0.0178673,0.140658,Start,extended
3.07673,276,0.0,0.0,0.0,0.0,0.0,0.0,0.0,0.0,0.0,0.0,0.351562,0.0,0.0178673,0.140658,Start,extended
3.0868,277,0.0,0.0,0.0,0.0,0.0,0.0,0.0,0.0,0.0,0.0,0.351562,0.0,0.0178673,0.140658,Start,extended
3.09687,278,0.0,0.0,0.0,0.0,0.0,0.0,0.0,0.0,0.0,0.0,0.351562,0.0,0.0178673,0.140658,Start,extended
3.10695,279,0.0,0.0,0.0,0.0,0.0,0.0,0.0,0.0,0.0,0.0,0.351562,0.0,0.0178673,0.140658,Start,extended
3.11702,280,0.0,0.0,0.0,0.0,0.0,0.0,0.0,0.0,0.0,0.0,0.351562,0.0,0.0178673,0.140658,Start,extended
3.12709,281,0.0,0.0,0.0,0.0,0.0,0.0,0.0,0.0,0.0,0.0,0.351562,0.0,0.0178673,0.140658,Start,extended
3.13716,282,0.0,0.0,0.0,0.0,0.0,0.0,0.0,0.0,0.0,0.0,0.351562,0.0,0.0178673,0.140658,Start,extended
3.14724,283,0.0,0.0,0.0,0.0,0.0,0.0,0.0,0.0,0.0,0.0,0.175781,-3.48959,0.0178673,0.140658,Start,extended
3.15732,284,0.0,0.0,0.0,0.0,0.0,0.0,0.0,0.0,0.0,0.0,0.175781,-3.49,0.0178673,0.140658,Start,extended
3.16738,285,0.0,0.0,0.0,0.0,0.0,0.0,0.0,0.0,0.0,0.0,0.175781,-3.49035,0.0178673,0.140658,Start,extended
3.17745,286,0.0,0.0,0.0,0.0,0.0,0.0,0.0,0.0,0.0,0.0,0.175781,-3.49036,0.0178673,0.140658,Start,extended
3.18752,287,0.0,0.0,0.0,0.0,0.0,0.0,0.0,0.0,0.0,0.0,0.175781,-3.49028,0.0178673,0.140658,Start,extended
3.19761,288,0.0,0.0,0.0,0.0,0.0,0.0,0.0,0.0,0.0,0.0,0.175781,0.0,0.0178673,0.140658,Start,extended
3.20768,289,0.0,0.0,0.0,0.0,0.0,0.0,0.0,0.0,0.0,0.0,0.175781,0.0,0.0178673,0.140658,Start,extended
3.21771,290,0.0,0.0,0.0,0.0,0.0,0.0,0.0,0.0,0.0,0.0,0.175781,0.0,0.0178673,0.140658,Start,extended
3.22778,291,0.0,0.0,0.0,0.0,0.0,0.0,0.0,0.0,0.0,0.0,0.175781,0.0,0.0178673,0.140658,Start,extended
3.23785,292,0.0,0.0,0.0,0.0,0.0,0.0,0.0,0.0,0.0,0.0,0.175781,0.0,0.0178673,0.140658,Start,extended
3.32185,293,0.0,0.0,0.0,0.0,0.0,0.0,0.0,0.0,0.0,0.0,0.175781,0.0,0.0129973,0.143496,Start,seated
3.33192,294,0.0,0.0,0.0,0.0,0.0,0.0,0.0,0.0,0.0,0.0,0.175781,0.0,0.0129973,0.143496,Start,seated
3.34198,295,0.0,0.0,0.0,0.0,0.0,0.0,0.0,0.0,0.0,0.0,0.175781,0.0,0.0129973,0.143496,Start,seated
3.35205,296,0.0,0.0,0.0,0.0,0.0,0.0,0.0,0.0,0.0,0.0,0.175781,0.0,0.0129973,0.143496,Start,seated
3.36212,297,0.0,0.0,0.0,0.0,0.0,0.0,0.0,0.0,0.0,0.0,0.175781,0.0,0.0129973,0.143496,Start,seated
3.37219,298,0.0,0.0,0.0,0.0,0.0,0.0,0.0,0.0,0.0,0.0,0.175781,0.0,0.0129973,0.143496,Start,seated
3.38226,299,0.0,0.0,0.0,0.0,0.0,0.0,0.0,0.0,0.0,0.0,0.175781,0.0,0.0129973,0.143496,Start,seated
3.39233,300,0.0,0.0,0.0,0.0,0.0,0.0,0.0,0.0,0.0,0.0,0.175781,0.0,0.0129973,0.143496,Start,seated
3.4024,301,0.0,0.0,0.0,0.0,0.0,0.0,0.0,0.0,0.0,0.0,0.175781,0.0,0.0129973,0.143496,Start,seated
3.41249,302,0.0,0.0,0.0,0.0,0.0,0.0,0.0,0.0,0.0,0.0,0.175781,0.0,0.0129973,0.143496,Start,seated
3.42256,303,0.0,0.0,0.0,0.0,0.0,0.0,0.0,0.0,0.0,0.0,0.175781,0.0,0.0129973,0.143496,Start,seated
3.43264,304,0.0,0.0,0.0,0.0,0.0,0.0,0.0,0.0,0.0,0.0,0.0,-3.48896,0.0129973,0.143496,Start,seated
3.44272,305,0.0,0.0,0.0,0.0,0.0,0.0,0.0,0.0,0.0,0.0,0.0,-3.48855,0.0129973,0.143496,Start,seated
3.45278,306,0.0,0.0,0.0,0.0,0.0,0.0,0.0,0.0,0.0,0.0,0.0,-3.48896,0.0129973,0.143496,Start,seated
3.46286,307,0.0,0.0,0.0,0.0,0.0,0.0,0.0,0.0,0.0,0.0,0.0,-3.48931,0.0129973,0.143496,Start,seated
3.47294,308,0.0,0.0,0.0,0.0,0.0,0.0,0.0,0.0,0.0,0.0,0.175781,0.0,0.0129973,0.143496,Start,seated
3.48302,309,0.0,0.0,0.0,0.0,0.0,0.0,0.0,0.0,0.0,0.0,0.0,0.0,0.0129973,0.143496,Start,seated
3.49308,310,0.0,0.0,0.0,0.0,0.0,0.0,0.0,0.0,0.0,0.0,0.0,0.0,0.0129973,0.143496,Start,seated
3.50316,311,0.0,0.0,0.0,0.0,0.0,0.0,0.0,0.0,0.0,0.0,0.0,0.0,0.0129973,0.143496,Start,seated
3.51323,312,0.0,0.0,0.0,0.0,0.0,0.0,0.0,0.0,0.0,0.0,0.0,0.0,0.0129973,0.143496,Start,seated
3.5233,313,0.0,0.0,0.0,0.0,0.0,0.0,0.0,0.0,0.0,0.0,0.0,-3.49069,0.0129973,0.143496,Start,seated
3.53337,314,0.0,0.0,0.0,0.0,0.0,0.0,0.0,0.0,0.0,0.0,0.0,0.0,0.0129973,0.143496,Start,seated
3.54343,315,0.0,0.0,0.0,0.0,0.0,0.0,0.0,0.0,0.0,0.0,0.0,0.0,0.0129973,0.143496,Start,seated
3.55352,316,0.0,0.0,0.0,0.0,0.0,0.0,0.0,0.0,0.0,0.0,0.175781,3.49076,0.0129973,0.143496,Start,seated
3.56359,317,0.0,0.0,0.0,0.0,0.0,0.0,0.0,0.0,0.0,0.0,0.175781,3.49076,0.0129973,0.143496,Start,seated
3.57366,318,0.0,0.0,0.0,0.0,0.0,0.0,0.0,0.0,0.0,0.0,0.175781,3.49071,0.0129973,0.143496,Start,seated
3.58372,319,0.0,0.0,0.0,0.0,0.0,0.0,0.0,0.0,0.0,0.0,0.175781,3.49145,0.0129973,0.143496,Start,seated
3.59378,320,0.0,0.0,0.0,0.0,0.0,0.0,0.0,0.0,0.0,0.0,0.175781,3.49119,0.0129973,0.143496,Start,seated
3.60386,321,0.0,0.0,0.0,0.0,0.0,0.0,0.0,0.0,0.0,0.0,0.175781,0.0,0.0129973,0.143496,Start,seated
3.61392,322,0.0,0.0,0.0,0.0,0.0,0.0,0.0,0.0,0.0,0.0,0.175781,0.0,0.0129973,0.143496,Start,seated
3.624,323,0.0,0.0,0.0,0.0,0.0,0.0,0.0,0.0,0.0,0.0,0.175781,0.0,0.0129973,0.143496,Start,seated
3.63407,324,0.0,0.0,0.0,0.0,0.0,0.0,0.0,0.0,0.0,0.0,0.175781,0.0,0.0129973,0.143496,Start,seated
3.64416,325,0.0,0.0,0.0,0.0,0.0,0.0,0.0,0.0,0.0,0.0,0.175781,0.0,0.0129973,0.143496,Start,seated
3.65423,326,0.0,0.0,0.0,0.0,0.0,0.0,0.0,0.0,0.0,0.0,0.351562,3.48987,0.0129973,0.143496,Start,seated
3.6643,327,0.0,0.0,0.0,0.0,0.0,0.0,0.0,0.0,0.0,0.0,0.351562,3.48952,0.0129973,0.143496,Start,seated
3.67437,328,0.0,0.0,0.0,0.0,0.0,0.0,0.0,0.0,0.0,0.0,0.175781,0.0,0.0129973,0.143496,Start,seated
3.68444,329,0.0,0.0,0.0,0.0,0.0,0.0,0.0,0.0,0.0,0.0,0.175781,0.0,0.0129973,0.143496,Start,seated
3.69452,330,0.0,0.0,0.0,0.0,0.0,0.0,0.0,0.0,0.0,0.0,0.175781,0.0,0.0129973,0.143496,Start,seated
3.70459,331,0.0,0.0,0.0,0.0,0.0,0.0,0.0,0.0,0.0,0.0,0.175781,-3.49,0.0129973,0.143496,Start,seated
3.71467,332,0.0,0.0,0.0,0.0,0.0,0.0,0.0,0.0,0.0,0.0,0.175781,-3.48993,0.0129973,0.143496,Start,seated
3.72472,333,0.0,0.0,0.0,0.0,0.0,0.0,0.0,0.0,0.0,0.0,0.351562,3.49098,0.0129973,0.143496,Start,seated
3.73479,334,0.0,0.0,0.0,0.0,0.0,0.0,0.0,0.0,0.0,0.0,0.351562,3.49112,0.0129973,0.143496,Start,seated
3.74487,335,0.0,0.0,0.0,0.0,0.0,0.0,0.0,0.0,0.0,0.0,0.175781,0.0,0.0129973,0.143496,Start,seated
3.75494,336,0.0,0.0,0.0,0.0,0.0,0.0,0.0,0.0,0.0,0.0,0.175781,0.0,0.0129973,0.143496,Start,seated
3.76502,337,0.0,0.0,0.0,0.0,0.0,0.0,0.0,0.0,0.0,0.0,0.175781,0.0,0.0129973,0.143496,Start,seated
3.77508,338,0.0,0.0,0.0,0.0,0.0,0.0,0.0,0.0,0.0,0.0,0.175781,-3.49036,0.0129973,0.143496,Start,seated
3.78517,339,0.0,0.0,0.0,0.0,0.0,0.0,0.0,0.0,0.0,0.0,0.175781,-3.48924,0.0129973,0.143496,Start,seated
3.79524,340,0.0,0.0,0.0,0.0,0.0,0.0,0.0,0.0,0.0,0.0,0.175781,0.0,0.0129973,0.143496,Start,seated
3.80531,341,0.0,0.0,0.0,0.0,0.0,0.0,0.0,0.0,0.0,0.0,0.175781,0.0,0.0129973,0.143496,Start,seated
3.81538,342,0.0,0.0,0.0,0.0,0.0,0.0,0.0,0.0,0.0,0.0,0.175781,0.0,0.0129973,0.143496,Start,seated
3.82545,343,0.0,0.0,0.0,0.0,0.0,0.0,0.0,0.0,0.0,0.0,0.175781,0.0,0.0129973,0.143496,Start,seated
3.83554,344,0.0,0.0,0.0,0.0,0.0,0.0,0.0,0.0,0.0,0.0,0.175781,0.0,0.0129973,0.143496,Start,seated
3.84561,345,0.0,0.0,0.0,0.0,0.0,0.0,0.0,0.0,0.0,0.0,0.175781,0.0,0.0129973,0.143496,Start,seated
3.85568,346,0.0,0.0,0.0,0.0,0.0,0.0,0.0,0.0,0.0,0.0,0.175781,0.0,0.0129973,0.143496,Start,seated
3.86572,347,0.0,0.0,0.0,0.0,0.0,0.0,0.0,0.0,0.0,0.0,0.175781,0.0,0.0129973,0.143496,Start,seated
3.8758,348,0.0,0.0,0.0,0.0,0.0,0.0,0.0,0.0,0.0,0.0,0.175781,0.0,0.0129973,0.143496,Start,seated
3.88586,349,0.0,0.0,0.0,0.0,0.0,0.0,0.0,0.0,0.0,0.0,0.175781,0.0,0.0129973,0.143496,Start,seated
3.89594,350,0.0,0.0,0.0,0.0,0.0,0.0,0.0,0.0,0.0,0.0,0.175781,0.0,0.0129973,0.143496,Start,seated
3.90601,351,0.0,0.0,0.0,0.0,0.0,0.0,0.0,0.0,0.0,0.0,0.175781,0.0,0.0129973,0.143496,Start,seated
3.91607,352,0.0,0.0,0.0,0.0,0.0,0.0,0.0,0.0,0.0,0.0,0.175781,0.0,0.0129973,0.143496,Start,seated
3.92616,353,0.0,0.0,0.0,0.0,0.0,0.0,0.0,0.0,0.0,0.0,0.175781,0.0,0.0129973,0.143496,Start,seated
3.93623,354,0.0,0.0,0.0,0.0,0.0,0.0,0.0,0.0,0.0,0.0,0.351562,3.49,0.0129973,0.143496,Start,seated
3.9463,355,0.0,0.0,0.0,0.0,0.0,0.0,0.0,0.0,0.0,0.0,0.351562,3.4903,0.0129973,0.143496,Start,seated
3.95637,356,0.0,0.0,0.0,0.0,0.0,0.0,0.0,0.0,0.0,0.0,0.351562,3.49043,0.0129973,0.143496,Start,seated
3.96644,357,0.0,0.0,0.0,0.0,0.0,0.0,0.0,0.0,0.0,0.0,0.351562,3.49028,0.0129973,0.143496,Start,seated
3.97652,358,0.0,0.0,0.0,0.0,0.0,0.0,0.0,0.0,0.0,0.0,0.351562,3.49078,0.0129973,0.143496,Start,seated
3.98659,359,0.0,0.0,0.0,0.0,0.0,0.0,0.0,0.0,0.0,0.0,0.351562,0.0,0.0129973,0.143496,Start,seated
3.99665,360,0.0,0.0,0.0,0.0,0.0,0.0,0.0,0.0,0.0,0.0,0.351562,0.0,0.0129973,0.143496,Start,seated
4.00671,361,0.0,0.0,0.0,0.0,0.0,0.0,0.0,0.0,0.0,0.0,0.351562,0.0,0.0129973,0.143496,Start,seated
4.01678,362,0.0,0.0,0.0,0.0,0.0,0.0,0.0,0.0,0.0,0.0,0.351562,0.0,0.0129973,0.143496,Start,seated
4.02685,363,0.0,0.0,0.0,0.0,0.0,0.0,0.0,0.0,0.0,0.0,0.351562,0.0,0.0129973,0.143496,Start,seated
4.03692,364,0.0,0.0,0.0,0.0,0.0,0.0,0.0,0.0,0.0,0.0,0.351562,0.0,0.0129973,0.143496,Start,seated
4.04699,365,0.0,0.0,0.0,0.0,0.0,0.0,0.0,0.0,0.0,0.0,0.527344,3.49208,0.0129973,0.143496,Start,seated
4.05706,366,0.0,0.0,0.0,0.0,0.0,0.0,0.0,0.0,0.0,0.0,0.527344,3.49111,0.0129973,0.143496,Start,seated
4.06715,367,0.0,0.0,0.0,0.0,0.0,0.0,0.0,0.0,0.0,0.0,0.527344,3.48974,0.0129973,0.143496,Start,seated
4.07722,368,0.0,0.0,0.0,0.0,0.0,0.0,0.0,0.0,0.0,0.0,0.527344,3.49022,0.0129973,0.143496,Start,seated
4.08729,369,0.0,0.0,0.0,0.0,0.0,0.0,0.0,0.0,0.0,0.0,0.527344,3.49015,0.0129973,0.143496,Start,seated
4.09735,370,0.0,0.0,0.0,0.0,0.0,0.0,0.0,0.0,0.0,0.0,0.527344,0.0,0.0129973,0.143496,Start,seated
4.10742,371,0.0,0.0,0.0,0.0,0.0,0.0,0.0,0.0,0.0,0.0,0.527344,0.0,0.0129973,0.143496,Start,seated
4.1175,372,0.0,0.0,0.0,0.0,0.0,0.0,0.0,0.0,0.0,0.0,0.351562,-3.49119,0.0129973,0.143496,Start,seated
4.12757,373,0.0,0.0,0.0,0.0,0.0,0.0,0.0,0.0,0.0,0.0,0.351562,-3.49098,0.0129973,0.143496,Start,seated
4.13764,374,0.0,0.0,0.0,0.0,0.0,0.0,0.0,0.0,0.0,0.0,0.351562,-3.49083,0.0129973,0.143496,Start,seated
4.14772,375,0.0,0.0,0.0,0.0,0.0,0.0,0.0,0.0,0.0,0.0,0.527344,0.0,0.0129973,0.143496,Start,seated
4.15778,376,0.0,0.0,0.0,0.0,0.0,0.0,0.0,0.0,0.0,0.0,0.527344,0.0,0.0129973,0.143496,Start,seated
4.16787,377,0.0,0.0,0.0,0.0,0.0,0.0,0.0,0.0,0.0,0.0,0.527344,3.48982,0.0129973,0.143496,Start,seated
4.17794,378,0.0,0.0,0.0,0.0,0.0,0.0,0.0,0.0,0.0,0.0,0.527344,3.49008,0.0129973,0.143496,Start,seated
4.18801,379,0.0,0.0,0.0,0.0,0.0,0.0,0.0,0.0,0.0,0.0,0.527344,3.49,0.0129973,0.143496,Start,seated
4.19808,380,0.0,0.0,0.0,0.0,0.0,0.0,0.0,0.0,0.0,0.0,0.527344,0.0,0.0129973,0.143496,Start,seated
4.20816,381,0.0,0.0,0.0,0.0,0.0,0.0,0.0,0.0,0.0,0.0,0.527344,0.0,0.0129973,0.143496,Start,seated
4.21822,382,0.0,0.0,0.0,0.0,0.0,0.0,0.0,0.0,0.0,0.0,0.527344,0.0,0.0129973,0.143496,Start,seated
4.22829,383,0.0,0.0,0.0,0.0,0.0,0.0,0.0,0.0,0.0,0.0,0.527344,0.0,0.0129973,0.143496,Start,seated
4.23836,384,0.0,0.0,0.0,0.0,0.0,0.0,0.0,0.0,0.0,0.0,0.527344,0.0,0.0129973,0.143496,Start,seated
4.24844,385,0.0,0.0,0.0,0.0,0.0,0.0,0.0,0.0,0.0,0.0,0.527344,0.0,0.0129973,0.143496,Start,seated
4.25852,386,0.0,0.0,0.0,0.0,0.0,0.0,0.0,0.0,0.0,0.0,0.527344,0.0,0.0129973,0.143496,Start,seated
4.26859,387,0.0,0.0,0.0,0.0,0.0,0.0,0.0,0.0,0.0,0.0,0.527344,0.0,0.0129973,0.143496,Start,seated
4.27866,388,0.0,0.0,0.0,0.0,0.0,0.0,0.0,0.0,0.0,0.0,0.527344,0.0,0.0129973,0.143496,Start,seated
4.28874,389,0.0,0.0,0.0,0.0,0.0,0.0,0.0,0.0,0.0,0.0,0.703125,3.48934,0.0129973,0.143496,Start,seated
4.29881,390,0.0,0.0,0.0,0.0,0.0,0.0,0.0,0.0,0.0,0.0,0.703125,3.48974,0.0129973,0.143496,Start,seated
4.30888,391,0.0,0.0,0.0,0.0,0.0,0.0,0.0,0.0,0.0,0.0,0.703125,3.48988,0.0129973,0.143496,Start,seated
4.31895,392,0.0,0.0,0.0,0.0,0.0,0.0,0.0,0.0,0.0,0.0,0.703125,3.49002,0.0129973,0.143496,Start,seated
4.32902,393,0.0,0.0,0.0,0.0,0.0,0.0,0.0,0.0,0.0,0.0,0.703125,3.49043,0.0129973,0.143496,Start,seated
4.3391,394,0.0,0.0,0.0,0.0,0.0,0.0,0.0,0.0,0.0,0.0,0.703125,0.0,0.0129973,0.143496,Start,seated
4.34917,395,0.0,0.0,0.0,0.0,0.0,0.0,0.0,0.0,0.0,0.0,0.703125,0.0,0.0129973,0.143496,Start,seated
4.35924,396,0.0,0.0,0.0,0.0,0.0,0.0,0.0,0.0,0.0,0.0,0.703125,0.0,0.0129973,0.143496,Start,seated
4.36931,397,0.0,0.0,0.0,0.0,0.0,0.0,0.0,0.0,0.0,0.0,0.703125,0.0,0.0129973,0.143496,Start,seated
4.37937,398,0.0,0.0,0.0,0.0,0.0,0.0,0.0,0.0,0.0,0.0,0.703125,0.0,0.0129973,0.143496,Start,seated
4.38946,399,0.0,0.0,0.0,0.0,0.0,0.0,0.0,0.0,0.0,0.0,0.703125,0.0,0.0129973,0.143496,Start,seated
4.39953,400,0.0,0.0,0.0,0.0,0.0,0.0,0.0,0.0,0.0,0.0,0.703125,0.0,0.0129973,0.143496,Start,seated
4.4096,401,0.0,0.0,0.0,0.0,0.0,0.0,0.0,0.0,0.0,0.0,0.703125,0.0,0.0129973,0.143496,Start,seated
4.41967,402,0.0,0.0,0.0,0.0,0.0,0.0,0.0,0.0,0.0,0.0,0.703125,0.0,0.0129973,0.143496,Start,seated
4.42973,403,0.0,0.0,0.0,0.0,0.0,0.0,0.0,0.0,0.0,0.0,0.703125,0.0,0.0129973,0.143496,Start,seated
4.43981,404,0.0,0.0,0.0,0.0,0.0,0.0,0.0,0.0,0.0,0.0,0.703125,0.0,0.0129973,0.143496,Start,seated
4.44988,405,0.0,0.0,0.0,0.0,0.0,0.0,0.0,0.0,0.0,0.0,0.878906,3.49078,0.0129973,0.143496,Start,seated
4.45995,406,0.0,0.0,0.0,0.0,0.0,0.0,0.0,0.0,0.0,0.0,0.878906,3.49079,0.0129973,0.143496,Start,seated
4.47002,407,0.0,0.0,0.0,0.0,0.0,0.0,0.0,0.0,0.0,0.0,0.878906,3.49119,0.0129973,0.143496,Start,seated
4.48009,408,0.0,0.0,0.0,0.0,0.0,0.0,0.0,0.0,0.0,0.0,0.878906,3.49099,0.0129973,0.143496,Start,seated
4.49016,409,0.0,0.0,0.0,0.0,0.0,0.0,0.0,0.0,0.0,0.0,0.878906,3.49112,0.0129973,0.143496,Start,seated
4.50024,410,0.0,0.0,0.0,0.0,0.0,0.0,0.0,0.0,0.0,0.0,0.878906,0.0,0.0129973,0.143496,Start,seated
4.58322,411,0.0,0.0,0.0,0.0,0.0,0.0,0.0,0.0,0.0,0.0,0.878906,0.0,0.0178673,0.140658,Start,extended
4.59329,412,0.0,0.0,0.0,0.0,0.0,0.0,0.0,0.0,0.0,0.0,0.878906,0.0,0.0178673,0.140658,Start,extended
4.60336,413,0.0,0.0,0.0,0.0,0.0,0.0,0.0,0.0,0.0,0.0,0.878906,0.0,0.0178673,0.140658,Start,extended
4.61343,414,0.0,0.0,0.0,0.0,0.0,0.0,0.0,0.0,0.0,0.0,0.878906,0.0,0.0178673,0.140658,Start,extended
4.6235,415,0.0,0.0,0.0,0.0,0.0,0.0,0.0,0.0,0.0,0.0,0.878906,0.0,0.0178673,0.140658,Start,extended
4.63357,416,0.0,0.0,0.0,0.0,0.0,0.0,0.0,0.0,0.0,0.0,0.878906,0.0,0.0178673,0.140658,Start,extended
4.64363,417,0.0,0.0,0.0,0.0,0.0,0.0,0.0,0.0,0.0,0.0,0.878906,0.0,0.0178673,0.140658,Start,extended
4.65371,418,0.0,0.0,0.0,0.0,0.0,0.0,0.0,0.0,0.0,0.0,1.05469,3.4916,0.0178673,0.140658,Start,extended
4.66377,419,0.0,0.0,0.0,0.0,0.0,0.0,0.0,0.0,0.0,0.0,1.05469,3.49174,0.0178673,0.140658,Start,extended
4.67385,420,0.0,0.0,0.0,0.0,0.0,0.0,0.0,0.0,0.0,0.0,1.05469,3.49098,0.0178673,0.140658,Start,extended
4.68392,421,0.0,0.0,0.0,0.0,0.0,0.0,0.0,0.0,0.0,0.0,0.878906,0.0,0.0178673,0.140658,Start,extended
4.69399,422,0.0,0.0,0.0,0.0,0.0,0.0,0.0,0.0,0.0,0.0,0.878906,0.0,0.0178673,0.140658,Start,extended
4.70406,423,0.0,0.0,0.0,0.0,0.0,0.0,0.0,0.0,0.0,0.0,0.878906,-3.49098,0.0178673,0.140658,Start,extended
4.71414,424,0.0,0.0,0.0,0.0,0.0,0.0,0.0,0.0,0.0,0.0,0.878906,-3.48993,0.0178673,0.140658,Start,extended
4.72421,425,0.0,0.0,0.0,0.0,0.0,0.0,0.0,0.0,0.0,0.0,0.878906,-3.49022,0.0178673,0.140658,Start,extended
4.73428,426,0.0,0.0,0.0,0.0,0.0,0.0,0.0,0.0,0.0,0.0,0.878906,0.0,0.0178673,0.140658,Start,extended
4.74435,427,0.0,0.0,0.0,0.0,0.0,0.0,0.0,0.0,0.0,0.0,1.05469,3.49068,0.0178673,0.140658,Start,extended
4.75442,428,0.0,0.0,0.0,0.0,0.0,0.0,0.0,0.0,0.0,0.0,1.05469,3.49056,0.0178673,0.140658,Start,extended
4.7645,429,0.0,0.0,0.0,0.0,0.0,0.0,0.0,0.0,0.0,0.0,0.878906,0.0,0.0178673,0.140658,Start,extended
4.77457,430,0.0,0.0,0.0,0.0,0.0,0.0,0.0,0.0,0.0,0.0,0.878906,0.0,0.0178673,0.140658,Start,extended
4.78463,431,0.0,0.0,0.0,0.0,0.0,0.0,0.0,0.0,0.0,0.0,0.878906,0.0,0.0178673,0.140658,Start,extended
4.79467,432,0.0,0.0,0.0,0.0,0.0,0.0,0.0,0.0,0.0,0.0,0.878906,-3.49284,0.0178673,0.140658,Start,extended
4.80472,433,0.0,0.0,0.0,0.0,0.0,0.0,0.0,0.0,0.0,0.0,0.878906,-3.49462,0.0178673,0.140658,Start,extended
4.8148,434,0.0,0.0,0.0,0.0,0.0,0.0,0.0,0.0,0.0,0.0,0.878906,0.0,0.0178673,0.140658,Start,extended
4.82487,435,0.0,0.0,0.0,0.0,0.0,0.0,0.0,0.0,0.0,0.0,0.878906,0.0,0.0178673,0.140658,Start,extended
4.83494,436,0.0,0.0,0.0,0.0,0.0,0.0,0.0,0.0,0.0,0.0,0.878906,0.0,0.0178673,0.140658,Start,extended
4.84501,437,0.0,0.0,0.0,0.0,0.0,0.0,0.0,0.0,0.0,0.0,0.878906,0.0,0.0178673,0.140658,Start,extended
4.85507,438,0.0,0.0,0.0,0.0,0.0,0.0,0.0,0.0,0.0,0.0,0.878906,0.0,0.0178673,0.140658,Start,extended
4.86516,439,0.0,0.0,0.0,0.0,0.0,0.0,0.0,0.0,0.0,0.0,0.878906,0.0,0.0178673,0.140658,Start,extended
4.87518,440,0.0,0.0,0.0,0.0,0.0,0.0,0.0,0.0,0.0,0.0,0.878906,0.0,0.0178673,0.140658,Start,extended
4.88525,441,0.0,0.0,0.0,0.0,0.0,0.0,0.0,0.0,0.0,0.0,0.878906,0.0,0.0178673,0.140658,Start,extended
4.89532,442,0.0,0.0,0.0,0.0,0.0,0.0,0.0,0.0,0.0,0.0,0.703125,-3.49409,0.0178673,0.140658,Start,extended
4.90539,443,0.0,0.0,0.0,0.0,0.0,0.0,0.0,0.0,0.0,0.0,0.703125,-3.49382,0.0178673,0.140658,Start,extended
4.91547,444,0.0,0.0,0.0,0.0,0.0,0.0,0.0,0.0,0.0,0.0,0.703125,-3.4939,0.0178673,0.140658,Start,extended
4.92553,445,0.0,0.0,0.0,0.0,0.0,0.0,0.0,0.0,0.0,0.0,0.703125,-3.49066,0.0178673,0.140658,Start,extended
4.9356,446,0.0,0.0,0.0,0.0,0.0,0.0,0.0,0.0,0.0,0.0,0.703125,-3.49084,0.0178673,0.140658,Start,extended
4.94567,447,0.0,0.0,0.0,0.0,0.0,0.0,0.0,0.0,0.0,0.0,0.703125,0.0,0.0178673,0.140658,Start,extended
4.95572,448,0.0,0.0,0.0,0.0,0.0,0.0,0.0,0.0,0.0,0.0,0.878906,3.4925,0.0178673,0.140658,Start,extended
4.9658,449,0.0,0.0,0.0,0.0,0.0,0.0,0.0,0.0,0.0,0.0,0.878906,3.49251,0.0178673,0.140658,Start,extended
4.97587,450,0.0,0.0,0.0,0.0,0.0,0.0,0.0,0.0,0.0,0.0,0.878906,3.49197,0.0178673,0.140658,Start,extended
4.98594,451,0.0,0.0,0.0,0.0,0.0,0.0,0.0,0.0,0.0,0.0,0.878906,3.49182,0.0178673,0.140658,Start,extended
4.99601,452,0.0,0.0,0.0,0.0,0.0,0.0,0.0,0.0,0.0,0.0,0.878906,3.49182,0.0178673,0.140658,Start,extended
5.00608,453,0.0,0.0,0.0,0.0,0.0,0.0,0.0,0.0,0.0,0.0,0.878906,0.0,0.0178673,0.140658,Start,extended
5.01616,454,0.0,0.0,0.0,0.0,0.0,0.0,0.0,0.0,0.0,0.0,0.703125,-3.49036,0.0178673,0.140658,Start,extended
5.02623,455,0.0,0.0,0.0,0.0,0.0,0.0,0.0,0.0,0.0,0.0,0.703125,-3.49041,0.0178673,0.140658,Start,extended
5.0363,456,0.0,0.0,0.0,0.0,0.0,0.0,0.0,0.0,0.0,0.0,0.878906,0.0,0.0178673,0.140658,Start,extended
5.04637,457,0.0,0.0,0.0,0.0,0.0,0.0,0.0,0.0,0.0,0.0,0.878906,0.0,0.0178673,0.140658,Start,extended
5.05644,458,0.0,0.0,0.0,0.0,0.0,0.0,0.0,0.0,0.0,0.0,0.878906,0.0,0.0178673,0.140658,Start,extended
5.06652,459,0.0,0.0,0.0,0.0,0.0,0.0,0.0,0.0,0.0,0.0,0.878906,3.49069,0.0178673,0.140658,Start,extended
5.07659,460,0.0,0.0,0.0,0.0,0.0,0.0,0.0,0.0,0.0,0.0,0.878906,3.49071,0.0178673,0.140658,Start,extended
5.08666,461,0.0,0.0,0.0,0.0,0.0,0.0,0.0,0.0,0.0,0.0,0.878906,0.0,0.0178673,0.140658,Start,extended
5.09672,462,0.0,0.0,0.0,0.0,0.0,0.0,0.0,0.0,0.0,0.0,0.878906,0.0,0.0178673,0.140658,Start,extended
5.1068,463,0.0,0.0,0.0,0.0,0.0,0.0,0.0,0.0,0.0,0.0,0.878906,0.0,0.0178673,0.140658,Start,extended
5.11687,464,0.0,0.0,0.0,0.0,0.0,0.0,0.0,0.0,0.0,0.0,0.878906,0.0,0.0178673,0.140658,Start,extended
5.12693,465,0.0,0.0,0.0,0.0,0.0,0.0,0.0,0.0,0.0,0.0,0.878906,0.0,0.0178673,0.140658,Start,extended
5.137,466,0.0,0.0,0.0,0.0,0.0,0.0,0.0,0.0,0.0,0.0,0.703125,-3.49177,0.0178673,0.140658,Start,extended
5.14708,467,0.0,0.0,0.0,0.0,0.0,0.0,0.0,0.0,0.0,0.0,0.703125,-3.49007,0.0178673,0.140658,Start,extended
5.15715,468,0.0,0.0,0.0,0.0,0.0,0.0,0.0,0.0,0.0,0.0,0.703125,-3.49078,0.0178673,0.140658,Start,extended
5.16722,469,0.0,0.0,0.0,0.0,0.0,0.0,0.0,0.0,0.0,0.0,0.703125,-3.49063,0.0178673,0.140658,Start,extended
5.17729,470,0.0,0.0,0.0,0.0,0.0,0.0,0.0,0.0,0.0,0.0,0.703125,-3.49036,0.0178673,0.140658,Start,extended
5.18736,471,0.0,0.0,0.0,0.0,0.0,0.0,0.0,0.0,0.0,0.0,0.703125,0.0,0.0178673,0.140658,Start,extended
5.19744,472,0.0,0.0,0.0,0.0,0.0,0.0,0.0,0.0,0.0,0.0,0.703125,0.0,0.0178673,0.140658,Start,extended
5.20752,473,0.0,0.0,0.0,0.0,0.0,0.0,0.0,0.0,0.0,0.0,0.703125,0.0,0.0178673,0.140658,Start,extended
5.21759,474,0.0,0.0,0.0,0.0,0.0,0.0,0.0,0.0,0.0,0.0,0.703125,0.0,0.0178673,0.140658,Start,extended
5.22766,475,0.0,0.0,0.0,0.0,0.0,0.0,0.0,0.0,0.0,0.0,0.703125,0.0,0.0178673,0.140658,Start,extended
5.23772,476,0.0,0.0,0.0,0.0,0.0,0.0,0.0,0.0,0.0,0.0,0.703125,0.0,0.0178673,0.140658,Start,extended
5.2478,477,0.0,0.0,0.0,0.0,0.0,0.0,0.0,0.0,0.0,0.0,0.703125,0.0,0.0178673,0.140658,Start,extended
5.25786,478,0.0,0.0,0.0,0.0,0.0,0.0,0.0,0.0,0.0,0.0,0.527344,-3.49167,0.0178673,0.140658,Start,extended
5.26793,479,0.0,0.0,0.0,0.0,0.0,0.0,0.0,0.0,0.0,0.0,0.527344,-3.49175,0.0178673,0.140658,Start,extended
5.278,480,0.0,0.0,0.0,0.0,0.0,0.0,0.0,0.0,0.0,0.0,0.527344,-3.49162,0.0178673,0.140658,Start,extended
5.28807,481,0.0,0.0,0.0,0.0,0.0,0.0,0.0,0.0,0.0,0.0,0.527344,-3.49084,0.0178673,0.140658,Start,extended
5.29815,482,0.0,0.0,0.0,0.0,0.0,0.0,0.0,0.0,0.0,0.0,0.527344,-3.49098,0.0178673,0.140658,Start,extended
5.30822,483,0.0,0.0,0.0,0.0,0.0,0.0,0.0,0.0,0.0,0.0,0.527344,0.0,0.0178673,0.140658,Start,extended
5.31829,484,0.0,0.0,0.0,0.0,0.0,0.0,0.0,0.0,0.0,0.0,0.527344,0.0,0.0178673,0.140658,Start,extended
5.32836,485,0.0,0.0,0.0,0.0,0.0,0.0,0.0,0.0,0.0,0.0,0.527344,0.0,0.0178673,0.140658,Start,extended
5.33843,486,0.0,0.0,0.0,0.0,0.0,0.0,0.0,0.0,0.0,0.0,0.527344,0.0,0.0178673,0.140658,Start,extended
5.34851,487,0.0,0.0,0.0,0.0,0.0,0.0,0.0,0.0,0.0,0.0,0.527344,0.0,0.0178673,0.140658,Start,extended
5.35858,488,0.0,0.0,0.0,0.0,0.0,0.0,0.0,0.0,0.0,0.0,0.527344,0.0,0.0178673,0.140658,Start,extended
5.36864,489,0.0,0.0,0.0,0.0,0.0,0.0,0.0,0.0,0.0,0.0,0.351562,-3.49102,0.0178673,0.140658,Start,extended
5.37871,490,0.0,0.0,0.0,0.0,0.0,0.0,0.0,0.0,0.0,0.0,0.351562,-3.49091,0.0178673,0.140658,Start,extended
5.38878,491,0.0,0.0,0.0,0.0,0.0,0.0,0.0,0.0,0.0,0.0,0.351562,-3.49121,0.0178673,0.140658,Start,extended
5.39886,492,0.0,0.0,0.0,0.0,0.0,0.0,0.0,0.0,0.0,0.0,0.351562,-3.49141,0.0178673,0.140658,Start,extended
5.40893,493,0.0,0.0,0.0,0.0,0.0,0.0,0.0,0.0,0.0,0.0,0.351562,-3.49074,0.0178673,0.140658,Start,extended
5.419,494,0.0,0.0,0.0,0.0,0.0,0.0,0.0,0.0,0.0,0.0,0.351562,0.0,0.0178673,0.140658,Start,extended
5.42908,495,0.0,0.0,0.0,0.0,0.0,0.0,0.0,0.0,0.0,0.0,0.351562,0.0,0.0178673,0.140658,Start,extended
5.43916,496,0.0,0.0,0.0,0.0,0.0,0.0,0.0,0.0,0.0,0.0,0.351562,0.0,0.0178673,0.140658,Start,extended
5.44923,497,0.0,0.0,0.0,0.0,0.0,0.0,0.0,0.0,0.0,0.0,0.351562,0.0,0.0178673,0.140658,Start,extended
5.4593,498,0.0,0.0,0.0,0.0,0.0,0.0,0.0,0.0,0.0,0.0,0.351562,0.0,0.0178673,0.140658,Start,extended
5.46937,499,0.0,0.0,0.0,0.0,0.0,0.0,0.0,0.0,0.0,0.0,0.351562,0.0,0.0178673,0.140658,Start,extended
5.47944,500,0.0,0.0,0.0,0.0,0.0,0.0,0.0,0.0,0.0,0.0,0.351562,0.0,0.0178673,0.140658,Start,extended
5.48952,501,0.0,0.0,0.0,0.0,0.0,0.0,0.0,0.0,0.0,0.0,0.351562,0.0,0.0178673,0.140658,Start,extended
5.49959,502,0.0,0.0,0.0,0.0,0.0,0.0,0.0,0.0,0.0,0.0,0.351562,0.0,0.0178673,0.140658,Start,extended
5.50966,503,0.0,0.0,0.0,0.0,0.0,0.0,0.0,0.0,0.0,0.0,0.351562,0.0,0.0178673,0.140658,Start,extended
5.51972,504,0.0,0.0,0.0,0.0,0.0,0.0,0.0,0.0,0.0,0.0,0.351562,0.0,0.0178673,0.140658,Start,extended
5.52979,505,0.0,0.0,0.0,0.0,0.0,0.0,0.0,0.0,0.0,0.0,0.351562,0.0,0.0178673,0.140658,Start,extended
5.53986,506,0.0,0.0,0.0,0.0,0.0,0.0,0.0,0.0,0.0,0.0,0.351562,0.0,0.0178673,0.140658,Start,extended
5.54994,507,0.0,0.0,0.0,0.0,0.0,0.0,0.0,0.0,0.0,0.0,0.351562,0.0,0.0178673,0.140658,Start,extended
5.56,508,0.0,0.0,0.0,0.0,0.0,0.0,0.0,0.0,0.0,0.0,0.351562,0.0,0.0178673,0.140658,Start,extended
5.57007,509,0.0,0.0,0.0,0.0,0.0,0.0,0.0,0.0,0.0,0.0,0.351562,0.0,0.0178673,0.140658,Start,extended
5.58015,510,0.0,0.0,0.0,0.0,0.0,0.0,0.0,0.0,0.0,0.0,0.175781,-3.49036,0.0178673,0.140658,Start,extended
5.59022,511,0.0,0.0,0.0,0.0,0.0,0.0,0.0,0.0,0.0,0.0,0.175781,-3.49104,0.0178673,0.140658,Start,extended
5.60028,512,0.0,0.0,0.0,0.0,0.0,0.0,0.0,0.0,0.0,0.0,0.175781,-3.49147,0.0178673,0.140658,Start,extended
5.61035,513,0.0,0.0,0.0,0.0,0.0,0.0,0.0,0.0,0.0,0.0,0.175781,-3.49162,0.0178673,0.140658,Start,extended
5.62042,514,0.0,0.0,0.0,0.0,0.0,0.0,0.0,0.0,0.0,0.0,0.175781,-3.49127,0.0178673,0.140658,Start,extended
5.63049,515,0.0,0.0,0.0,0.0,0.0,0.0,0.0,0.0,0.0,0.0,0.175781,0.0,0.0178673,0.140658,Start,extended
5.64056,516,0.0,0.0,0.0,0.0,0.0,0.0,0.0,0.0,0.0,0.0,0.175781,0.0,0.0178673,0.140658,Start,extended
5.65063,517,0.0,0.0,0.0,0.0,0.0,0.0,0.0,0.0,0.0,0.0,0.175781,0.0,0.0178673,0.140658,Start,extended
5.66071,518,0.0,0.0,0.0,0.0,0.0,0.0,0.0,0.0,0.0,0.0,0.175781,0.0,0.0178673,0.140658,Start,extended
5.67077,519,0.0,0.0,0.0,0.0,0.0,0.0,0.0,0.0,0.0,0.0,0.175781,0.0,0.0178673,0.140658,Start,extended
5.68085,520,0.0,0.0,0.0,0.0,0.0,0.0,0.0,0.0,0.0,0.0,0.175781,0.0,0.0178673,0.140658,Start,extended
5.69092,521,0.0,0.0,0.0,0.0,0.0,0.0,0.0,0.0,0.0,0.0,0.0,-3.49076,0.0178673,0.140658,Start,extended
5.70099,522,0.0,0.0,0.0,0.0,0.0,0.0,0.0,0.0,0.0,0.0,0.0,-3.49076,0.0178673,0.140658,Start,extended
5.71105,523,0.0,0.0,0.0,0.0,0.0,0.0,0.0,0.0,0.0,0.0,0.0,-3.49132,0.0178673,0.140658,Start,extended
5.72114,524,0.0,0.0,0.0,0.0,0.0,0.0,0.0,0.0,0.0,0.0,0.0,-3.49015,0.0178673,0.140658,Start,extended
5.73121,525,0.0,0.0,0.0,0.0,0.0,0.0,0.0,0.0,0.0,0.0,0.0,-3.49043,0.0178673,0.140658,Start,extended
5.74129,526,0.0,0.0,0.0,0.0,0.0,0.0,0.0,0.0,0.0,0.0,0.0,0.0,0.0178673,0.140658,Start,extended
5.75136,527,0.0,0.0,0.0,0.0,0.0,0.0,0.0,0.0,0.0,0.0,0.0,0.0,0.0178673,0.140658,Start,extended
5.76142,528,0.0,0.0,0.0,0.0,0.0,0.0,0.0,0.0,0.0,0.0,0.0,0.0,0.0178673,0.140658,Start,extended
5.85059,529,0.0,0.0,0.0,0.0,0.0,0.0,0.0,0.0,0.0,0.0,0.0,0.0,0.0129973,0.143496,Start,seated
5.86067,530,0.0,0.0,0.0,0.0,0.0,0.0,0.0,0.0,0.0,0.0,0.0,0.0,0.0129973,0.143496,Start,seated
5.87071,531,0.0,0.0,0.0,0.0,0.0,0.0,0.0,0.0,0.0,0.0,0.0,0.0,0.0129973,0.143496,Start,seated
5.88078,532,0.0,0.0,0.0,0.0,0.0,0.0,0.0,0.0,0.0,0.0,0.0,0.0,0.0129973,0.143496,Start,seated
5.89086,533,0.0,0.0,0.0,0.0,0.0,0.0,0.0,0.0,0.0,0.0,0.0,0.0,0.0129973,0.143496,Start,seated
5.90092,534,0.0,0.0,0.0,0.0,0.0,0.0,0.0,0.0,0.0,0.0,0.0,0.0,0.0129973,0.143496,Start,seated
5.91097,535,0.0,0.0,0.0,0.0,0.0,0.0,0.0,0.0,0.0,0.0,0.0,0.0,0.0129973,0.143496,Start,seated
5.92103,536,0.0,0.0,0.0,0.0,0.0,0.0,0.0,0.0,0.0,0.0,0.0,0.0,0.0129973,0.143496,Start,seated
5.93112,537,0.0,0.0,0.0,0.0,0.0,0.0,0.0,0.0,0.0,0.0,0.0,0.0,0.0129973,0.143496,Start,seated
5.94118,538,0.0,0.0,0.0,0.0,0.0,0.0,0.0,0.0,0.0,0.0,0.0,0.0,0.0129973,0.143496,Start,seated
5.95125,539,0.0,0.0,0.0,0.0,0.0,0.0,0.0,0.0,0.0,0.0,-0.175781,-3.49286,0.0129973,0.143496,Start,seated
5.96132,540,0.0,0.0,0.0,0.0,0.0,0.0,0.0,0.0,0.0,0.0,-0.175781,-3.49117,0.0129973,0.143496,Start,seated
5.97139,541,0.0,0.0,0.0,0.0,0.0,0.0,0.0,0.0,0.0,0.0,-0.175781,-3.49083,0.0129973,0.143496,Start,seated
5.98147,542,0.0,0.0,0.0,0.0,0.0,0.0,0.0,0.0,0.0,0.0,-0.175781,-3.49126,0.0129973,0.143496,Start,seated
5.99154,543,0.0,0.0,0.0,0.0,0.0,0.0,0.0,0.0,0.0,0.0,-0.175781,-3.49098,0.0129973,0.143496,Start,seated
6.0016,544,0.0,0.0,0.0,0.0,0.0,0.0,0.0,0.0,0.0,0.0,-0.175781,0.0,0.0129973,0.143496,Start,seated
6.01167,545,0.0,0.0,0.0,0.0,0.0,0.0,0.0,0.0,0.0,0.0,-0.175781,0.0,0.0129973,0.143496,Start,seated
6.02174,546,0.0,0.0,0.0,0.0,0.0,0.0,0.0,0.0,0.0,0.0,-0.175781,0.0,0.0129973,0.143496,Start,seated
6.03181,547,0.0,0.0,0.0,0.0,0.0,0.0,0.0,0.0,0.0,0.0,-0.175781,0.0,0.0129973,0.143496,Start,seated
6.04189,548,0.0,0.0,0.0,0.0,0.0,0.0,0.0,0.0,0.0,0.0,-0.175781,0.0,0.0129973,0.143496,Start,seated
6.05196,549,0.0,0.0,0.0,0.0,0.0,0.0,0.0,0.0,0.0,0.0,-0.175781,0.0,0.0129973,0.143496,Start,seated
6.06203,550,0.0,0.0,0.0,0.0,0.0,0.0,0.0,0.0,0.0,0.0,-0.175781,0.0,0.0129973,0.143496,Start,seated
6.0721,551,0.0,0.0,0.0,0.0,0.0,0.0,0.0,0.0,0.0,0.0,-0.175781,0.0,0.0129973,0.143496,Start,seated
6.08218,552,0.0,0.0,0.0,0.0,0.0,0.0,0.0,0.0,0.0,0.0,0.0,3.49008,0.0129973,0.143496,Start,seated
6.09226,553,0.0,0.0,0.0,0.0,0.0,0.0,0.0,0.0,0.0,0.0,0.0,3.48982,0.0129973,0.143496,Start,seated
6.10233,554,0.0,0.0,0.0,0.0,0.0,0.0,0.0,0.0,0.0,0.0,0.0,3.48932,0.0129973,0.143496,Start,seated
6.1124,555,0.0,0.0,0.0,0.0,0.0,0.0,0.0,0.0,0.0,0.0,0.0,3.48931,0.0129973,0.143496,Start,seated
6.12248,556,0.0,0.0,0.0,0.0,0.0,0.0,0.0,0.0,0.0,0.0,0.0,3.48909,0.0129973,0.143496,Start,seated
6.13255,557,0.0,0.0,0.0,0.0,0.0,0.0,0.0,0.0,0.0,0.0,0.0,0.0,0.0129973,0.143496,Start,seated
6.14262,558,0.0,0.0,0.0,0.0,0.0,0.0,0.0,0.0,0.0,0.0,0.0,0.0,0.0129973,0.143496,Start,seated
6.15269,559,0.0,0.0,0.0,0.0,0.0,0.0,0.0,0.0,0.0,0.0,0.0,0.0,0.0129973,0.143496,Start,seated
6.16274,560,0.0,0.0,0.0,0.0,0.0,0.0,0.0,0.0,0.0,0.0,0.0,0.0,0.0129973,0.143496,Start,seated
6.1728,561,0.0,0.0,0.0,0.0,0.0,0.0,0.0,0.0,0.0,0.0,0.175781,3.49286,0.0129973,0.143496,Start,seated
6.18288,562,0.0,0.0,0.0,0.0,0.0,0.0,0.0,0.0,0.0,0.0,0.175781,3.49218,0.0129973,0.143496,Start,seated
6.19295,563,0.0,0.0,0.0,0.0,0.0,0.0,0.0,0.0,0.0,0.0,0.0,0.0,0.0129973,0.143496,Start,seated
6.20302,564,0.0,0.0,0.0,0.0,0.0,0.0,0.0,0.0,0.0,0.0,0.0,0.0,0.0129973,0.143496,Start,seated
6.21309,565,0.0,0.0,0.0,0.0,0.0,0.0,0.0,0.0,0.0,0.0,0.0,0.0,0.0129973,0.143496,Start,seated
6.22316,566,0.0,0.0,0.0,0.0,0.0,0.0,0.0,0.0,0.0,0.0,0.0,-3.49035,0.0129973,0.143496,Start,seated
6.23324,567,0.0,0.0,0.0,0.0,0.0,0.0,0.0,0.0,0.0,0.0,0.0,-3.49099,0.0129973,0.143496,Start,seated
6.24331,568,0.0,0.0,0.0,0.0,0.0,0.0,0.0,0.0,0.0,0.0,0.0,0.0,0.0129973,0.143496,Start,seated
6.25338,569,0.0,0.0,0.0,0.0,0.0,0.0,0.0,0.0,0.0,0.0,0.0,0.0,0.0129973,0.143496,Start,seated
6.26344,570,0.0,0.0,0.0,0.0,0.0,0.0,0.0,0.0,0.0,0.0,0.0,0.0,0.0129973,0.143496,Start,seated
6.27352,571,0.0,0.0,0.0,0.0,0.0,0.0,0.0,0.0,0.0,0.0,0.0,0.0,0.0129973,0.143496,Start,seated
6.2836,572,0.0,0.0,0.0,0.0,0.0,0.0,0.0,0.0,0.0,0.0,0.0,0.0,0.0129973,0.143496,Start,seated
6.29367,573,0.0,0.0,0.0,0.0,0.0,0.0,0.0,0.0,0.0,0.0,0.0,0.0,0.0129973,0.143496,Start,seated
6.30373,574,0.0,0.0,0.0,0.0,0.0,0.0,0.0,0.0,0.0,0.0,0.0,0.0,0.0129973,0.143496,Start,seated
6.31379,575,0.0,0.0,0.0,0.0,0.0,0.0,0.0,0.0,0.0,0.0,0.0,0.0,0.0129973,0.143496,Start,seated
6.32388,576,0.0,0.0,0.0,0.0,0.0,0.0,0.0,0.0,0.0,0.0,0.0,0.0,0.0129973,0.143496,Start,seated
6.33394,577,0.0,0.0,0.0,0.0,0.0,0.0,0.0,0.0,0.0,0.0,0.0,0.0,0.0129973,0.143496,Start,seated
6.34401,578,0.0,0.0,0.0,0.0,0.0,0.0,0.0,0.0,0.0,0.0,0.0,0.0,0.0129973,0.143496,Start,seated
6.35408,579,0.0,0.0,0.0,0.0,0.0,0.0,0.0,0.0,0.0,0.0,0.0,0.0,0.0129973,0.143496,Start,seated
6.36417,580,0.0,0.0,0.0,0.0,0.0,0.0,0.0,0.0,0.0,0.0,-0.175781,-3.48952,0.0129973,0.143496,Start,seated
6.37424,581,0.0,0.0,0.0,0.0,0.0,0.0,0.0,0.0,0.0,0.0,0.0,0.0,0.0129973,0.143496,Start,seated
6.38431,582,0.0,0.0,0.0,0.0,0.0,0.0,0.0,0.0,0.0,0.0,0.0,0.0,0.0129973,0.143496,Start,seated
6.39437,583,0.0,0.0,0.0,0.0,0.0,0.0,0.0,0.0,0.0,0.0,0.0,0.0,0.0129973,0.143496,Start,seated
6.40444,584,0.0,0.0,0.0,0.0,0.0,0.0,0.0,0.0,0.0,0.0,0.0,0.0,0.0129973,0.143496,Start,seated
6.41452,585,0.0,0.0,0.0,0.0,0.0,0.0,0.0,0.0,0.0,0.0,0.0,3.49106,0.0129973,0.143496,Start,seated
6.42459,586,0.0,0.0,0.0,0.0,0.0,0.0,0.0,0.0,0.0,0.0,0.175781,3.49139,0.0129973,0.143496,Start,seated
6.43465,587,0.0,0.0,0.0,0.0,0.0,0.0,0.0,0.0,0.0,0.0,0.175781,3.49132,0.0129973,0.143496,Start,seated
6.44471,588,0.0,0.0,0.0,0.0,0.0,0.0,0.0,0.0,0.0,0.0,0.175781,3.49174,0.0129973,0.143496,Start,seated
6.45478,589,0.0,0.0,0.0,0.0,0.0,0.0,0.0,0.0,0.0,0.0,0.175781,3.49208,0.0129973,0.143496,Start,seated
6.46485,590,0.0,0.0,0.0,0.0,0.0,0.0,0.0,0.0,0.0,0.0,0.175781,3.49238,0.0129973,0.143496,Start,seated
6.47492,591,0.0,0.0,0.0,0.0,0.0,0.0,0.0,0.0,0.0,0.0,0.175781,0.0,0.0129973,0.143496,Start,seated
6.48499,592,0.0,0.0,0.0,0.0,0.0,0.0,0.0,0.0,0.0,0.0,0.175781,0.0,0.0129973,0.143496,Start,seated
6.49506,593,0.0,0.0,0.0,0.0,0.0,0.0,0.0,0.0,0.0,0.0,0.351562,3.49147,0.0129973,0.143496,Start,seated
6.50514,594,0.0,0.0,0.0,0.0,0.0,0.0,0.0,0.0,0.0,0.0,0.351562,3.49033,0.0129973,0.143496,Start,seated
6.51521,595,0.0,0.0,0.0,0.0,0.0,0.0,0.0,0.0,0.0,0.0,0.351562,3.49093,0.0129973,0.143496,Start,seated
6.52528,596,0.0,0.0,0.0,0.0,0.0,0.0,0.0,0.0,0.0,0.0,0.351562,3.49071,0.0129973,0.143496,Start,seated
6.53534,597,0.0,0.0,0.0,0.0,0.0,0.0,0.0,0.0,0.0,0.0,0.351562,3.49112,0.0129973,0.143496,Start,seated
6.54541,598,0.0,0.0,0.0,0.0,0.0,0.0,0.0,0.0,0.0,0.0,0.351562,0.0,0.0129973,0.143496,Start,seated
6.55549,599,0.0,0.0,0.0,0.0,0.0,0.0,0.0,0.0,0.0,0.0,0.351562,0.0,0.0129973,0.143496,Start,seated
6.56557,600,0.0,0.0,0.0,0.0,0.0,0.0,0.0,0.0,0.0,0.0,0.351562,0.0,0.0129973,0.143496,Start,seated
6.57564,601,0.0,0.0,0.0,0.0,0.0,0.0,0.0,0.0,0.0,0.0,0.351562,0.0,0.0129973,0.143496,Start,seated
6.58571,602,0.0,0.0,0.0,0.0,0.0,0.0,0.0,0.0,0.0,0.0,0.351562,0.0,0.0129973,0.143496,Start,seated
6.59578,603,0.0,0.0,0.0,0.0,0.0,0.0,0.0,0.0,0.0,0.0,0.351562,0.0,0.0129973,0.143496,Start,seated
6.60586,604,0.0,0.0,0.0,0.0,0.0,0.0,0.0,0.0,0.0,0.0,0.351562,0.0,0.0129973,0.143496,Start,seated
6.61593,605,0.0,0.0,0.0,0.0,0.0,0.0,0.0,0.0,0.0,0.0,0.351562,0.0,0.0129973,0.143496,Start,seated
6.62599,606,0.0,0.0,0.0,0.0,0.0,0.0,0.0,0.0,0.0,0.0,0.351562,0.0,0.0129973,0.143496,Start,seated
6.63606,607,0.0,0.0,0.0,0.0,0.0,0.0,0.0,0.0,0.0,0.0,0.351562,0.0,0.0129973,0.143496,Start,seated
6.64614,608,0.0,0.0,0.0,0.0,0.0,0.0,0.0,0.0,0.0,0.0,0.351562,0.0,0.0129973,0.143496,Start,seated
6.6562,609,0.0,0.0,0.0,0.0,0.0,0.0,0.0,0.0,0.0,0.0,0.351562,0.0,0.0129973,0.143496,Start,seated
6.66627,610,0.0,0.0,0.0,0.0,0.0,0.0,0.0,0.0,0.0,0.0,0.351562,0.0,0.0129973,0.143496,Start,seated
6.67634,611,0.0,0.0,0.0,0.0,0.0,0.0,0.0,0.0,0.0,0.0,0.351562,0.0,0.0129973,0.143496,Start,seated
6.68641,612,0.0,0.0,0.0,0.0,0.0,0.0,0.0,0.0,0.0,0.0,0.351562,0.0,0.0129973,0.143496,Start,seated
6.69649,613,0.0,0.0,0.0,0.0,0.0,0.0,0.0,0.0,0.0,0.0,0.351562,0.0,0.0129973,0.143496,Start,seated
6.70656,614,0.0,0.0,0.0,0.0,0.0,0.0,0.0,0.0,0.0,0.0,0.351562,0.0,0.0129973,0.143496,Start,seated
6.71663,615,0.0,0.0,0.0,0.0,0.0,0.0,0.0,0.0,0.0,0.0,0.527344,3.49017,0.0129973,0.143496,Start,seated
6.72671,616,0.0,0.0,0.0,0.0,0.0,0.0,0.0,0.0,0.0,0.0,0.527344,3.48967,0.0129973,0.143496,Start,seated
6.73678,617,0.0,0.0,0.0,0.0,0.0,0.0,0.0,0.0,0.0,0.0,0.527344,3.49007,0.0129973,0.143496,Start,seated
6.74686,618,0.0,0.0,0.0,0.0,0.0,0.0,0.0,0.0,0.0,0.0,0.527344,3.49008,0.0129973,0.143496,Start,seated
6.75693,619,0.0,0.0,0.0,0.0,0.0,0.0,0.0,0.0,0.0,0.0,0.527344,3.49041,0.0129973,0.143496,Start,seated
6.767,620,0.0,0.0,0.0,0.0,0.0,0.0,0.0,0.0,0.0,0.0,0.527344,0.0,0.0129973,0.143496,Start,seated
6.77706,621,0.0,0.0,0.0,0.0,0.0,0.0,0.0,0.0,0.0,0.0,0.527344,0.0,0.0129973,0.143496,Start,seated
6.78714,622,0.0,0.0,0.0,0.0,0.0,0.0,0.0,0.0,0.0,0.0,0.527344,0.0,0.0129973,0.143496,Start,seated
6.79721,623,0.0,0.0,0.0,0.0,0.0,0.0,0.0,0.0,0.0,0.0,0.527344,0.0,0.0129973,0.143496,Start,seated
6.80728,624,0.0,0.0,0.0,0.0,0.0,0.0,0.0,0.0,0.0,0.0,0.703125,3.49111,0.0129973,0.143496,Start,seated
6.81734,625,0.0,0.0,0.0,0.0,0.0,0.0,0.0,0.0,0.0,0.0,0.703125,3.49155,0.0129973,0.143496,Start,seated
6.82741,626,0.0,0.0,0.0,0.0,0.0,0.0,0.0,0.0,0.0,0.0,0.703125,3.49111,0.0129973,0.143496,Start,seated
6.8375,627,0.0,0.0,0.0,0.0,0.0,0.0,0.0,0.0,0.0,0.0,0.703125,3.49076,0.0129973,0.143496,Start,seated
6.84756,628,0.0,0.0,0.0,0.0,0.0,0.0,0.0,0.0,0.0,0.0,0.703125,3.49126,0.0129973,0.143496,Start,seated
6.85763,629,0.0,0.0,0.0,0.0,0.0,0.0,0.0,0.0,0.0,0.0,0.703125,0.0,0.0129973,0.143496,Start,seated
6.86769,630,0.0,0.0,0.0,0.0,0.0,0.0,0.0,0.0,0.0,0.0,0.703125,0.0,0.0129973,0.143496,Start,seated
6.87776,631,0.0,0.0,0.0,0.0,0.0,0.0,0.0,0.0,0.0,0.0,0.878906,3.49112,0.0129973,0.143496,Start,seated
6.88784,632,0.0,0.0,0.0,0.0,0.0,0.0,0.0,0.0,0.0,0.0,0.878906,3.49137,0.0129973,0.143496,Start,seated
6.89791,633,0.0,0.0,0.0,0.0,0.0,0.0,0.0,0.0,0.0,0.0,0.878906,3.49117,0.0129973,0.143496,Start,seated
6.90798,634,0.0,0.0,0.0,0.0,0.0,0.0,0.0,0.0,0.0,0.0,0.878906,3.49137,0.0129973,0.143496,Start,seated
6.91805,635,0.0,0.0,0.0,0.0,0.0,0.0,0.0,0.0,0.0,0.0,0.878906,3.49102,0.0129973,0.143496,Start,seated
6.92813,636,0.0,0.0,0.0,0.0,0.0,0.0,0.0,0.0,0.0,0.0,0.878906,0.0,0.0129973,0.143496,Start,seated
6.9382,637,0.0,0.0,0.0,0.0,0.0,0.0,0.0,0.0,0.0,0.0,0.878906,0.0,0.0129973,0.143496,Start,seated
6.94827,638,0.0,0.0,0.0,0.0,0.0,0.0,0.0,0.0,0.0,0.0,0.878906,0.0,0.0129973,0.143496,Start,seated
6.95834,639,0.0,0.0,0.0,0.0,0.0,0.0,0.0,0.0,0.0,0.0,0.878906,0.0,0.0129973,0.143496,Start,seated
6.96841,640,0.0,0.0,0.0,0.0,0.0,0.0,0.0,0.0,0.0,0.0,0.878906,0.0,0.0129973,0.143496,Start,seated
6.9785,641,0.0,0.0,0.0,0.0,0.0,0.0,0.0,0.0,0.0,0.0,0.878906,0.0,0.0129973,0.143496,Start,seated
6.98856,642,0.0,0.0,0.0,0.0,0.0,0.0,0.0,0.0,0.0,0.0,0.878906,0.0,0.0129973,0.143496,Start,seated
6.99863,643,0.0,0.0,0.0,0.0,0.0,0.0,0.0,0.0,0.0,0.0,1.05469,3.49048,0.0129973,0.143496,Start,seated
7.00871,644,0.0,0.0,0.0,0.0,0.0,0.0,0.0,0.0,0.0,0.0,1.05469,3.49008,0.0129973,0.143496,Start,seated
7.01877,645,0.0,0.0,0.0,0.0,0.0,0.0,0.0,0.0,0.0,0.0,1.05469,3.49041,0.0129973,0.143496,Start,seated
7.10749,646,0.0,0.0,0.0,0.0,0.0,0.0,0.0,0.0,0.0,0.0,1.05469,1.36274,0.0178673,0.140658,Start,extended
7.11755,647,0.0,0.0,0.0,0.0,0.0,0.0,0.0,0.0,0.0,0.0,1.05469,1.36274,0.0178673,0.140658,Start,extended
7.12762,648,0.0,0.0,0.0,0.0,0.0,0.0,0.0,0.0,0.0,0.0,1.05469,0.0,0.0178673,0.140658,Start,extended
7.1377,649,0.0,0.0,0.0,0.0,0.0,0.0,0.0,0.0,0.0,0.0,1.05469,0.0,0.0178673,0.140658,Start,extended
7.14771,650,0.0,0.0,0.0,0.0,0.0,0.0,0.0,0.0,0.0,0.0,1.05469,0.0,0.0178673,0.140658,Start,extended
7.15778,651,0.0,0.0,0.0,0.0,0.0,0.0,0.0,0.0,0.0,0.0,1.05469,0.0,0.0178673,0.140658,Start,extended
7.16786,652,0.0,0.0,0.0,0.0,0.0,0.0,0.0,0.0,0.0,0.0,1.23047,3.49409,0.0178673,0.140658,Start,extended
7.17793,653,0.0,0.0,0.0,0.0,0.0,0.0,0.0,0.0,0.0,0.0,1.23047,3.49438,0.0178673,0.140658,Start,extended
7.18799,654,0.0,0.0,0.0,0.0,0.0,0.0,0.0,0.0,0.0,0.0,1.23047,3.4948,0.0178673,0.140658,Start,extended
7.19808,655,0.0,0.0,0.0,0.0,0.0,0.0,0.0,0.0,0.0,0.0,1.23047,3.48957,0.0178673,0.140658,Start,extended
7.20815,656,0.0,0.0,0.0,0.0,0.0,0.0,0.0,0.0,0.0,0.0,1.23047,3.48974,0.0178673,0.140658,Start,extended
7.21822,657,0.0,0.0,0.0,0.0,0.0,0.0,0.0,0.0,0.0,0.0,1.05469,-3.49041,0.0178673,0.140658,Start,extended
7.22829,658,0.0,0.0,0.0,0.0,0.0,0.0,0.0,0.0,0.0,0.0,1.05469,-3.49015,0.0178673,0.140658,Start,extended
7.23837,659,0.0,0.0,0.0,0.0,0.0,0.0,0.0,0.0,0.0,0.0,1.05469,-3.48917,0.0178673,0.140658,Start,extended
7.24844,660,0.0,0.0,0.0,0.0,0.0,0.0,0.0,0.0,0.0,0.0,1.05469,-3.49069,0.0178673,0.140658,Start,extended
7.25851,661,0.0,0.0,0.0,0.0,0.0,0.0,0.0,0.0,0.0,0.0,1.05469,-3.49055,0.0178673,0.140658,Start,extended
7.26858,662,0.0,0.0,0.0,0.0,0.0,0.0,0.0,0.0,0.0,0.0,1.23047,3.49056,0.0178673,0.140658,Start,extended
7.27865,663,0.0,0.0,0.0,0.0,0.0,0.0,0.0,0.0,0.0,0.0,1.23047,3.49063,0.0178673,0.140658,Start,extended
7.28873,664,0.0,0.0,0.0,0.0,0.0,0.0,0.0,0.0,0.0,0.0,1.23047,3.49061,0.0178673,0.140658,Start,extended
7.2988,665,0.0,0.0,0.0,0.0,0.0,0.0,0.0,0.0,0.0,0.0,1.05469,0.0,0.0178673,0.140658,Start,extended
7.30886,666,0.0,0.0,0.0,0.0,0.0,0.0,0.0,0.0,0.0,0.0,1.05469,0.0,0.0178673,0.140658,Start,extended
7.31892,667,0.0,0.0,0.0,0.0,0.0,0.0,0.0,0.0,0.0,0.0,1.05469,-3.49162,0.0178673,0.140658,Start,extended
7.32899,668,0.0,0.0,0.0,0.0,0.0,0.0,0.0,0.0,0.0,0.0,1.05469,-3.49155,0.0178673,0.140658,Start,extended
7.33908,669,0.0,0.0,0.0,0.0,0.0,0.0,0.0,0.0,0.0,0.0,1.05469,-3.49154,0.0178673,0.140658,Start,extended
7.34915,670,0.0,0.0,0.0,0.0,0.0,0.0,0.0,0.0,0.0,0.0,1.05469,0.0,0.0178673,0.140658,Start,extended
7.35922,671,0.0,0.0,0.0,0.0,0.0,0.0,0.0,0.0,0.0,0.0,1.05469,0.0,0.0178673,0.140658,Start,extended
7.36929,672,0.0,0.0,0.0,0.0,0.0,0.0,0.0,0.0,0.0,0.0,1.05469,0.0,0.0178673,0.140658,Start,extended
7.37936,673,0.0,0.0,0.0,0.0,0.0,0.0,0.0,0.0,0.0,0.0,1.05469,0.0,0.0178673,0.140658,Start,extended
7.38944,674,0.0,0.0,0.0,0.0,0.0,0.0,0.0,0.0,0.0,0.0,1.05469,0.0,0.0178673,0.140658,Start,extended
7.39951,675,0.0,0.0,0.0,0.0,0.0,0.0,0.0,0.0,0.0,0.0,1.05469,0.0,0.0178673,0.140658,Start,extended
7.40957,676,0.0,0.0,0.0,0.0,0.0,0.0,0.0,0.0,0.0,0.0,0.878906,-3.49078,0.0178673,0.140658,Start,extended
7.41964,677,0.0,0.0,0.0,0.0,0.0,0.0,0.0,0.0,0.0,0.0,0.878906,-3.49101,0.0178673,0.140658,Start,extended
7.42972,678,0.0,0.0,0.0,0.0,0.0,0.0,0.0,0.0,0.0,0.0,0.878906,-3.49064,0.0178673,0.140658,Start,extended
7.4398,679,0.0,0.0,0.0,0.0,0.0,0.0,0.0,0.0,0.0,0.0,0.878906,-3.49084,0.0178673,0.140658,Start,extended
7.44986,680,0.0,0.0,0.0,0.0,0.0,0.0,0.0,0.0,0.0,0.0,1.05469,0.0,0.0178673,0.140658,Start,extended
7.45993,681,0.0,0.0,0.0,0.0,0.0,0.0,0.0,0.0,0.0,0.0,1.05469,3.49111,0.0178673,0.140658,Start,extended
7.46999,682,0.0,0.0,0.0,0.0,0.0,0.0,0.0,0.0,0.0,0.0,1.05469,3.49104,0.0178673,0.140658,Start,extended
7.48006,683,0.0,0.0,0.0,0.0,0.0,0.0,0.0,0.0,0.0,0.0,1.05469,3.49141,0.0178673,0.140658,Start,extended
7.49015,684,0.0,0.0,0.0,0.0,0.0,0.0,0.0,0.0,0.0,0.0,1.05469,3.49111,0.0178673,0.140658,Start,extended
7.50021,685,0.0,0.0,0.0,0.0,0.0,0.0,0.0,0.0,0.0,0.0,1.05469,0.0,0.0178673,0.140658,Start,extended
7.51028,686,0.0,0.0,0.0,0.0,0.0,0.0,0.0,0.0,0.0,0.0,1.05469,0.0,0.0178673,0.140658,Start,extended
7.52035,687,0.0,0.0,0.0,0.0,0.0,0.0,0.0,0.0,0.0,0.0,1.05469,0.0,0.0178673,0.140658,Start,extended
7.53042,688,0.0,0.0,0.0,0.0,0.0,0.0,0.0,0.0,0.0,0.0,1.05469,0.0,0.0178673,0.140658,Start,extended
7.5405,689,0.0,0.0,0.0,0.0,0.0,0.0,0.0,0.0,0.0,0.0,1.05469,0.0,0.0178673,0.140658,Start,extended
7.55058,690,0.0,0.0,0.0,0.0,0.0,0.0,0.0,0.0,0.0,0.0,1.05469,0.0,0.0178673,0.140658,Start,extended
7.56064,691,0.0,0.0,0.0,0.0,0.0,0.0,0.0,0.0,0.0,0.0,1.05469,0.0,0.0178673,0.140658,Start,extended
7.57071,692,0.0,0.0,0.0,0.0,0.0,0.0,0.0,0.0,0.0,0.0,0.878906,-3.49058,0.0178673,0.140658,Start,extended
7.58078,693,0.0,0.0,0.0,0.0,0.0,0.0,0.0,0.0,0.0,0.0,0.878906,-3.4903,0.0178673,0.140658,Start,extended
7.59086,694,0.0,0.0,0.0,0.0,0.0,0.0,0.0,0.0,0.0,0.0,0.878906,-3.49063,0.0178673,0.140658,Start,extended
7.60094,695,0.0,0.0,0.0,0.0,0.0,0.0,0.0,0.0,0.0,0.0,0.878906,-3.49043,0.0178673,0.140658,Start,extended
7.61101,696,0.0,0.0,0.0,0.0,0.0,0.0,0.0,0.0,0.0,0.0,1.05469,0.0,0.0178673,0.140658,Start,extended
7.62107,697,0.0,0.0,0.0,0.0,0.0,0.0,0.0,0.0,0.0,0.0,1.05469,3.49036,0.0178673,0.140658,Start,extended
7.63116,698,0.0,0.0,0.0,0.0,0.0,0.0,0.0,0.0,0.0,0.0,1.05469,3.48979,0.0178673,0.140658,Start,extended
7.64122,699,0.0,0.0,0.0,0.0,0.0,0.0,0.0,0.0,0.0,0.0,1.05469,3.49036,0.0178673,0.140658,Start,extended
7.6513,700,0.0,0.0,0.0,0.0,0.0,0.0,0.0,0.0,0.0,0.0,1.05469,3.49048,0.0178673,0.140658,Start,extended
7.66136,701,0.0,0.0,0.0,0.0,0.0,0.0,0.0,0.0,0.0,0.0,0.878906,-3.49068,0.0178673,0.140658,Start,extended
7.67143,702,0.0,0.0,0.0,0.0,0.0,0.0,0.0,0.0,0.0,0.0,0.878906,-3.49055,0.0178673,0.140658,Start,extended
7.68152,703,0.0,0.0,0.0,0.0,0.0,0.0,0.0,0.0,0.0,0.0,0.878906,-3.49041,0.0178673,0.140658,Start,extended
7.69159,704,0.0,0.0,0.0,0.0,0.0,0.0,0.0,0.0,0.0,0.0,0.878906,-3.4902,0.0178673,0.140658,Start,extended
7.70166,705,0.0,0.0,0.0,0.0,0.0,0.0,0.0,0.0,0.0,0.0,0.878906,-3.49056,0.0178673,0.140658,Start,extended
7.71171,706,0.0,0.0,0.0,0.0,0.0,0.0,0.0,0.0,0.0,0.0,0.878906,0.0,0.0178673,0.140658,Start,extended
7.72178,707,0.0,0.0,0.0,0.0,0.0,0.0,0.0,0.0,0.0,0.0,0.878906,0.0,0.0178673,0.140658,Start,extended
7.73186,708,0.0,0.0,0.0,0.0,0.0,0.0,0.0,0.0,0.0,0.0,0.703125,-3.4916,0.0178673,0.140658,Start,extended
7.74193,709,0.0,0.0,0.0,0.0,0.0,0.0,0.0,0.0,0.0,0.0,0.703125,-3.49183,0.0178673,0.140658,Start,extended
7.752,710,0.0,0.0,0.0,0.0,0.0,0.0,0.0,0.0,0.0,0.0,0.703125,-3.49155,0.0178673,0.140658,Start,extended
7.76207,711,0.0,0.0,0.0,0.0,0.0,0.0,0.0,0.0,0.0,0.0,0.703125,-3.49083,0.0178673,0.140658,Start,extended
7.77215,712,0.0,0.0,0.0,0.0,0.0,0.0,0.0,0.0,0.0,0.0,0.703125,-3.48965,0.0178673,0.140658,Start,extended
7.78222,713,0.0,0.0,0.0,0.0,0.0,0.0,0.0,0.0,0.0,0.0,0.703125,0.0,0.0178673,0.140658,Start,extended
7.79229,714,0.0,0.0,0.0,0.0,0.0,0.0,0.0,0.0,0.0,0.0,0.703125,0.0,0.0178673,0.140658,Start,extended
7.80236,715,0.0,0.0,0.0,0.0,0.0,0.0,0.0,0.0,0.0,0.0,0.703125,0.0,0.0178673,0.140658,Start,extended
7.81243,716,0.0,0.0,0.0,0.0,0.0,0.0,0.0,0.0,0.0,0.0,0.527344,-3.49055,0.0178673,0.140658,Start,extended
7.82251,717,0.0,0.0,0.0,0.0,0.0,0.0,0.0,0.0,0.0,0.0,0.527344,-3.49056,0.0178673,0.140658,Start,extended
7.83258,718,0.0,0.0,0.0,0.0,0.0,0.0,0.0,0.0,0.0,0.0,0.527344,-3.49028,0.0178673,0.140658,Start,extended
7.84265,719,0.0,0.0,0.0,0.0,0.0,0.0,0.0,0.0,0.0,0.0,0.527344,-3.4902,0.0178673,0.140658,Start,extended
7.85271,720,0.0,0.0,0.0,0.0,0.0,0.0,0.0,0.0,0.0,0.0,0.527344,-3.49099,0.0178673,0.140658,Start,extended
7.86278,721,0.0,0.0,0.0,0.0,0.0,0.0,0.0,0.0,0.0,0.0,0.527344,0.0,0.0178673,0.140658,Start,extended
7.87285,722,0.0,0.0,0.0,0.0,0.0,0.0,0.0,0.0,0.0,0.0,0.527344,0.0,0.0178673,0.140658,Start,extended
7.88292,723,0.0,0.0,0.0,0.0,0.0,0.0,0.0,0.0,0.0,0.0,0.527344,0.0,0.0178673,0.140658,Start,extended
7.89299,724,0.0,0.0,0.0,0.0,0.0,0.0,0.0,0.0,0.0,0.0,0.527344,0.0,0.0178673,0.140658,Start,extended
7.90306,725,0.0,0.0,0.0,0.0,0.0,0.0,0.0,0.0,0.0,0.0,0.527344,0.0,0.0178673,0.140658,Start,extended
7.91314,726,0.0,0.0,0.0,0.0,0.0,0.0,0.0,0.0,0.0,0.0,0.351562,-3.49026,0.0178673,0.140658,Start,extended
7.92321,727,0.0,0.0,0.0,0.0,0.0,0.0,0.0,0.0,0.0,0.0,0.351562,-3.49076,0.0178673,0.140658,Start,extended
7.93327,728,0.0,0.0,0.0,0.0,0.0,0.0,0.0,0.0,0.0,0.0,0.351562,-3.49106,0.0178673,0.140658,Start,extended
7.94334,729,0.0,0.0,0.0,0.0,0.0,0.0,0.0,0.0,0.0,0.0,0.351562,-3.49126,0.0178673,0.140658,Start,extended
7.95341,730,0.0,0.0,0.0,0.0,0.0,0.0,0.0,0.0,0.0,0.0,0.351562,-3.49112,0.0178673,0.140658,Start,extended
7.96349,731,0.0,0.0,0.0,0.0,0.0,0.0,0.0,0.0,0.0,0.0,0.351562,0.0,0.0178673,0.140658,Start,extended
7.97356,732,0.0,0.0,0.0,0.0,0.0,0.0,0.0,0.0,0.0,0.0,0.351562,0.0,0.0178673,0.140658,Start,extended
7.98363,733,0.0,0.0,0.0,0.0,0.0,0.0,0.0,0.0,0.0,0.0,0.351562,0.0,0.0178673,0.140658,Start,extended
7.9937,734,0.0,0.0,0.0,0.0,0.0,0.0,0.0,0.0,0.0,0.0,0.351562,0.0,0.0178673,0.140658,Start,extended
8.00371,735,0.0,0.0,0.0,0.0,0.0,0.0,0.0,0.0,0.0,0.0,0.351562,0.0,0.0178673,0.140658,Start,extended
8.01379,736,0.0,0.0,0.0,0.0,0.0,0.0,0.0,0.0,0.0,0.0,0.351562,0.0,0.0178673,0.140658,Start,extended
8.02386,737,0.0,0.0,0.0,0.0,0.0,0.0,0.0,0.0,0.0,0.0,0.351562,0.0,0.0178673,0.140658,Start,extended
8.03392,738,0.0,0.0,0.0,0.0,0.0,0.0,0.0,0.0,0.0,0.0,0.351562,0.0,0.0178673,0.140658,Start,extended
8.04399,739,0.0,0.0,0.0,0.0,0.0,0.0,0.0,0.0,0.0,0.0,0.351562,0.0,0.0178673,0.140658,Start,extended
8.05406,740,0.0,0.0,0.0,0.0,0.0,0.0,0.0,0.0,0.0,0.0,0.175781,-3.49102,0.0178673,0.140658,Start,extended
8.06414,741,0.0,0.0,0.0,0.0,0.0,0.0,0.0,0.0,0.0,0.0,0.175781,-3.49112,0.0178673,0.140658,Start,extended
8.07421,742,0.0,0.0,0.0,0.0,0.0,0.0,0.0,0.0,0.0,0.0,0.175781,-3.49099,0.0178673,0.140658,Start,extended
8.08428,743,0.0,0.0,0.0,0.0,0.0,0.0,0.0,0.0,0.0,0.0,0.175781,-3.49091,0.0178673,0.140658,Start,extended
8.09435,744,0.0,0.0,0.0,0.0,0.0,0.0,0.0,0.0,0.0,0.0,0.175781,-3.49083,0.0178673,0.140658,Start,extended
8.10443,745,0.0,0.0,0.0,0.0,0.0,0.0,0.0,0.0,0.0,0.0,0.175781,0.0,0.0178673,0.140658,Start,extended
8.11449,746,0.0,0.0,0.0,0.0,0.0,0.0,0.0,0.0,0.0,0.0,0.175781,0.0,0.0178673,0.140658,Start,extended
8.12458,747,0.0,0.0,0.0,0.0,0.0,0.0,0.0,0.0,0.0,0.0,0.175781,0.0,0.0178673,0.140658,Start,extended
8.13464,748,0.0,0.0,0.0,0.0,0.0,0.0,0.0,0.0,0.0,0.0,0.0,-3.49022,0.0178673,0.140658,Start,extended
8.14472,749,0.0,0.0,0.0,0.0,0.0,0.0,0.0,0.0,0.0,0.0,0.0,-3.49007,0.0178673,0.140658,Start,extended
8.15478,750,0.0,0.0,0.0,0.0,0.0,0.0,0.0,0.0,0.0,0.0,0.0,-3.49106,0.0178673,0.140658,Start,extended
8.16486,751,0.0,0.0,0.0,0.0,0.0,0.0,0.0,0.0,0.0,0.0,0.0,-3.4901,0.0178673,0.140658,Start,extended
8.17493,752,0.0,0.0,0.0,0.0,0.0,0.0,0.0,0.0,0.0,0.0,0.0,-3.49116,0.0178673,0.140658,Start,extended
8.18499,753,0.0,0.0,0.0,0.0,0.0,0.0,0.0,0.0,0.0,0.0,0.0,0.0,0.0178673,0.140658,Start,extended
8.19506,754,0.0,0.0,0.0,0.0,0.0,0.0,0.0,0.0,0.0,0.0,0.0,0.0,0.0178673,0.140658,Start,extended
8.20515,755,0.0,0.0,0.0,0.0,0.0,0.0,0.0,0.0,0.0,0.0,0.0,0.0,0.0178673,0.140658,Start,extended
8.21522,756,0.0,0.0,0.0,0.0,0.0,0.0,0.0,0.0,0.0,0.0,0.0,0.0,0.0178673,0.140658,Start,extended
8.22528,757,0.0,0.0,0.0,0.0,0.0,0.0,0.0,0.0,0.0,0.0,-0.175781,-3.49061,0.0178673,0.140658,Start,extended
8.23535,758,0.0,0.0,0.0,0.0,0.0,0.0,0.0,0.0,0.0,0.0,-0.175781,-3.49055,0.0178673,0.140658,Start,extended
8.24542,759,0.0,0.0,0.0,0.0,0.0,0.0,0.0,0.0,0.0,0.0,-0.175781,-3.49081,0.0178673,0.140658,Start,extended
8.2555,760,0.0,0.0,0.0,0.0,0.0,0.0,0.0,0.0,0.0,0.0,-0.175781,-3.49089,0.0178673,0.140658,Start,extended
8.26557,761,0.0,0.0,0.0,0.0,0.0,0.0,0.0,0.0,0.0,0.0,-0.175781,-3.49081,0.0178673,0.140658,Start,extended
8.27564,762,0.0,0.0,0.0,0.0,0.0,0.0,0.0,0.0,0.0,0.0,-0.175781,0.0,0.0178673,0.140658,Start,extended
8.40348,763,0.0,0.0,0.0,0.0,0.0,0.0,0.0,0.0,0.0,0.0,-0.351562,-1.04553,0.0129973,0.143496,Start,seated
8.41355,764,0.0,0.0,0.0,0.0,0.0,0.0,0.0,0.0,0.0,0.0,-0.351562,-1.04549,0.0129973,0.143496,Start,seated
8.42362,765,0.0,0.0,0.0,0.0,0.0,0.0,0.0,0.0,0.0,0.0,-0.351562,-1.04556,0.0129973,0.143496,Start,seated
8.4337,766,0.0,0.0,0.0,0.0,0.0,0.0,0.0,0.0,0.0,0.0,-0.351562,-1.04554,0.0129973,0.143496,Start,seated
8.44377,767,0.0,0.0,0.0,0.0,0.0,0.0,0.0,0.0,0.0,0.0,-0.351562,-1.04554,0.0129973,0.143496,Start,seated
8.45384,768,0.0,0.0,0.0,0.0,0.0,0.0,0.0,0.0,0.0,0.0,-0.351562,0.0,0.0129973,0.143496,Start,seated
8.4639,769,0.0,0.0,0.0,0.0,0.0,0.0,0.0,0.0,0.0,0.0,-0.351562,0.0,0.0129973,0.143496,Start,seated
8.47398,770,0.0,0.0,0.0,0.0,0.0,0.0,0.0,0.0,0.0,0.0,-0.351562,0.0,0.0129973,0.143496,Start,seated
8.48405,771,0.0,0.0,0.0,0.0,0.0,0.0,0.0,0.0,0.0,0.0,-0.351562,0.0,0.0129973,0.143496,Start,seated
8.49413,772,0.0,0.0,0.0,0.0,0.0,0.0,0.0,0.0,0.0,0.0,-0.351562,0.0,0.0129973,0.143496,Start,seated
8.5042,773,0.0,0.0,0.0,0.0,0.0,0.0,0.0,0.0,0.0,0.0,-0.351562,0.0,0.0129973,0.143496,Start,seated
8.51426,774,0.0,0.0,0.0,0.0,0.0,0.0,0.0,0.0,0.0,0.0,-0.351562,0.0,0.0129973,0.143496,Start,seated
8.52433,775,0.0,0.0,0.0,0.0,0.0,0.0,0.0,0.0,0.0,0.0,-0.527344,-3.49056,0.0129973,0.143496,Start,seated
8.53441,776,0.0,0.0,0.0,0.0,0.0,0.0,0.0,0.0,0.0,0.0,-0.527344,-3.49,0.0129973,0.143496,Start,seated
8.54449,777,0.0,0.0,0.0,0.0,0.0,0.0,0.0,0.0,0.0,0.0,-0.527344,-3.49071,0.0129973,0.143496,Start,seated
8.55455,778,0.0,0.0,0.0,0.0,0.0,0.0,0.0,0.0,0.0,0.0,-0.527344,-3.49089,0.0129973,0.143496,Start,seated
8.56462,779,0.0,0.0,0.0,0.0,0.0,0.0,0.0,0.0,0.0,0.0,-0.527344,-3.49036,0.0129973,0.143496,Start,seated
8.5747,780,0.0,0.0,0.0,0.0,0.0,0.0,0.0,0.0,0.0,0.0,-0.351562,3.49048,0.0129973,0.143496,Start,seated
8.58478,781,0.0,0.0,0.0,0.0,0.0,0.0,0.0,0.0,0.0,0.0,-0.351562,3.49036,0.0129973,0.143496,Start,seated
8.59485,782,0.0,0.0,0.0,0.0,0.0,0.0,0.0,0.0,0.0,0.0,-0.527344,0.0,0.0129973,0.143496,Start,seated
8.60492,783,0.0,0.0,0.0,0.0,0.0,0.0,0.0,0.0,0.0,0.0,-0.527344,0.0,0.0129973,0.143496,Start,seated
8.61499,784,0.0,0.0,0.0,0.0,0.0,0.0,0.0,0.0,0.0,0.0,-0.527344,0.0,0.0129973,0.143496,Start,seated
8.62506,785,0.0,0.0,0.0,0.0,0.0,0.0,0.0,0.0,0.0,0.0,-0.527344,-3.49025,0.0129973,0.143496,Start,seated
8.63514,786,0.0,0.0,0.0,0.0,0.0,0.0,0.0,0.0,0.0,0.0,-0.351562,0.0,0.0129973,0.143496,Start,seated
8.64521,787,0.0,0.0,0.0,0.0,0.0,0.0,0.0,0.0,0.0,0.0,-0.351562,3.49073,0.0129973,0.143496,Start,seated
8.65528,788,0.0,0.0,0.0,0.0,0.0,0.0,0.0,0.0,0.0,0.0,-0.351562,3.49079,0.0129973,0.143496,Start,seated
8.66535,789,0.0,0.0,0.0,0.0,0.0,0.0,0.0,0.0,0.0,0.0,-0.351562,3.49078,0.0129973,0.143496,Start,seated
8.67541,790,0.0,0.0,0.0,0.0,0.0,0.0,0.0,0.0,0.0,0.0,-0.175781,6.98169,0.0129973,0.143496,Start,seated
8.6855,791,0.0,0.0,0.0,0.0,0.0,0.0,0.0,0.0,0.0,0.0,-0.351562,0.0,0.0129973,0.143496,Start,seated
8.69557,792,0.0,0.0,0.0,0.0,0.0,0.0,0.0,0.0,0.0,0.0,-0.175781,3.49031,0.0129973,0.143496,Start,seated
8.70564,793,0.0,0.0,0.0,0.0,0.0,0.0,0.0,0.0,0.0,0.0,-0.175781,3.4903,0.0129973,0.143496,Start,seated
8.71572,794,0.0,0.0,0.0,0.0,0.0,0.0,0.0,0.0,0.0,0.0,-0.175781,3.4896,0.0129973,0.143496,Start,seated
8.72579,795,0.0,0.0,0.0,0.0,0.0,0.0,0.0,0.0,0.0,0.0,-0.175781,0.0,0.0129973,0.143496,Start,seated
8.73587,796,0.0,0.0,0.0,0.0,0.0,0.0,0.0,0.0,0.0,0.0,-0.175781,3.48995,0.0129973,0.143496,Start,seated
8.74594,797,0.0,0.0,0.0,0.0,0.0,0.0,0.0,0.0,0.0,0.0,-0.175781,0.0,0.0129973,0.143496,Start,seated
8.75602,798,0.0,0.0,0.0,0.0,0.0,0.0,0.0,0.0,0.0,0.0,-0.175781,0.0,0.0129973,0.143496,Start,seated
8.76608,799,0.0,0.0,0.0,0.0,0.0,0.0,0.0,0.0,0.0,0.0,-0.175781,0.0,0.0129973,0.143496,Start,seated
8.77617,800,0.0,0.0,0.0,0.0,0.0,0.0,0.0,0.0,0.0,0.0,-0.175781,0.0,0.0129973,0.143496,Start,seated
8.78624,801,0.0,0.0,0.0,0.0,0.0,0.0,0.0,0.0,0.0,0.0,0.0,3.48969,0.0129973,0.143496,Start,seated
8.7963,802,0.0,0.0,0.0,0.0,0.0,0.0,0.0,0.0,0.0,0.0,-0.175781,0.0,0.0129973,0.143496,Start,seated
8.80638,803,0.0,0.0,0.0,0.0,0.0,0.0,0.0,0.0,0.0,0.0,-0.175781,0.0,0.0129973,0.143496,Start,seated
8.81645,804,0.0,0.0,0.0,0.0,0.0,0.0,0.0,0.0,0.0,0.0,-0.175781,0.0,0.0129973,0.143496,Start,seated
8.82653,805,0.0,0.0,0.0,0.0,0.0,0.0,0.0,0.0,0.0,0.0,-0.175781,0.0,0.0129973,0.143496,Start,seated
8.8366,806,0.0,0.0,0.0,0.0,0.0,0.0,0.0,0.0,0.0,0.0,-0.175781,-3.49012,0.0129973,0.143496,Start,seated
8.84667,807,0.0,0.0,0.0,0.0,0.0,0.0,0.0,0.0,0.0,0.0,-0.175781,0.0,0.0129973,0.143496,Start,seated
8.85672,808,0.0,0.0,0.0,0.0,0.0,0.0,0.0,0.0,0.0,0.0,-0.175781,0.0,0.0129973,0.143496,Start,seated
8.86678,809,0.0,0.0,0.0,0.0,0.0,0.0,0.0,0.0,0.0,0.0,-0.175781,0.0,0.0129973,0.143496,Start,seated
8.87686,810,0.0,0.0,0.0,0.0,0.0,0.0,0.0,0.0,0.0,0.0,-0.175781,0.0,0.0129973,0.143496,Start,seated
8.88694,811,0.0,0.0,0.0,0.0,0.0,0.0,0.0,0.0,0.0,0.0,-0.175781,0.0,0.0129973,0.143496,Start,seated
8.89701,812,0.0,0.0,0.0,0.0,0.0,0.0,0.0,0.0,0.0,0.0,-0.175781,0.0,0.0129973,0.143496,Start,seated
8.90709,813,0.0,0.0,0.0,0.0,0.0,0.0,0.0,0.0,0.0,0.0,-0.351562,-3.4898,0.0129973,0.143496,Start,seated
8.91715,814,0.0,0.0,0.0,0.0,0.0,0.0,0.0,0.0,0.0,0.0,-0.351562,-3.4898,0.0129973,0.143496,Start,seated
8.92722,815,0.0,0.0,0.0,0.0,0.0,0.0,0.0,0.0,0.0,0.0,-0.175781,0.0,0.0129973,0.143496,Start,seated
8.93729,816,0.0,0.0,0.0,0.0,0.0,0.0,0.0,0.0,0.0,0.0,-0.175781,0.0,0.0129973,0.143496,Start,seated
8.94738,817,0.0,0.0,0.0,0.0,0.0,0.0,0.0,0.0,0.0,0.0,-0.175781,0.0,0.0129973,0.143496,Start,seated
8.95745,818,0.0,0.0,0.0,0.0,0.0,0.0,0.0,0.0,0.0,0.0,0.0,6.98116,0.0129973,0.143496,Start,seated
8.96751,819,0.0,0.0,0.0,0.0,0.0,0.0,0.0,0.0,0.0,0.0,0.0,6.98102,0.0129973,0.143496,Start,seated
8.97758,820,0.0,0.0,0.0,0.0,0.0,0.0,0.0,0.0,0.0,0.0,0.0,3.49071,0.0129973,0.143496,Start,seated
8.98765,821,0.0,0.0,0.0,0.0,0.0,0.0,0.0,0.0,0.0,0.0,0.0,3.49063,0.0129973,0.143496,Start,seated
8.99773,822,0.0,0.0,0.0,0.0,0.0,0.0,0.0,0.0,0.0,0.0,0.0,3.49099,0.0129973,0.143496,Start,seated
9.0078,823,0.0,0.0,0.0,0.0,0.0,0.0,0.0,0.0,0.0,0.0,0.0,0.0,0.0129973,0.143496,Start,seated
9.01786,824,0.0,0.0,0.0,0.0,0.0,0.0,0.0,0.0,0.0,0.0,0.0,0.0,0.0129973,0.143496,Start,seated
9.02793,825,0.0,0.0,0.0,0.0,0.0,0.0,0.0,0.0,0.0,0.0,0.0,0.0,0.0129973,0.143496,Start,seated
9.038,826,0.0,0.0,0.0,0.0,0.0,0.0,0.0,0.0,0.0,0.0,0.175781,3.49124,0.0129973,0.143496,Start,seated
9.04808,827,0.0,0.0,0.0,0.0,0.0,0.0,0.0,0.0,0.0,0.0,0.175781,3.49099,0.0129973,0.143496,Start,seated
9.05815,828,0.0,0.0,0.0,0.0,0.0,0.0,0.0,0.0,0.0,0.0,0.175781,3.49119,0.0129973,0.143496,Start,seated
9.06822,829,0.0,0.0,0.0,0.0,0.0,0.0,0.0,0.0,0.0,0.0,0.175781,3.49078,0.0129973,0.143496,Start,seated
9.07829,830,0.0,0.0,0.0,0.0,0.0,0.0,0.0,0.0,0.0,0.0,0.351562,6.98099,0.0129973,0.143496,Start,seated
9.08836,831,0.0,0.0,0.0,0.0,0.0,0.0,0.0,0.0,0.0,0.0,0.351562,3.49056,0.0129973,0.143496,Start,seated
9.09844,832,0.0,0.0,0.0,0.0,0.0,0.0,0.0,0.0,0.0,0.0,0.351562,3.49036,0.0129973,0.143496,Start,seated
9.10851,833,0.0,0.0,0.0,0.0,0.0,0.0,0.0,0.0,0.0,0.0,0.351562,3.49036,0.0129973,0.143496,Start,seated
9.11858,834,0.0,0.0,0.0,0.0,0.0,0.0,0.0,0.0,0.0,0.0,0.351562,3.49056,0.0129973,0.143496,Start,seated
9.12865,835,0.0,0.0,0.0,0.0,0.0,0.0,0.0,0.0,0.0,0.0,0.351562,0.0,0.0129973,0.143496,Start,seated
9.13872,836,0.0,0.0,0.0,0.0,0.0,0.0,0.0,0.0,0.0,0.0,0.351562,0.0,0.0129973,0.143496,Start,seated
9.1488,837,0.0,0.0,0.0,0.0,0.0,0.0,0.0,0.0,0.0,0.0,0.351562,0.0,0.0129973,0.143496,Start,seated
9.15887,838,0.0,0.0,0.0,0.0,0.0,0.0,0.0,0.0,0.0,0.0,0.351562,0.0,0.0129973,0.143496,Start,seated
9.16894,839,0.0,0.0,0.0,0.0,0.0,0.0,0.0,0.0,0.0,0.0,0.351562,0.0,0.0129973,0.143496,Start,seated
9.17901,840,0.0,0.0,0.0,0.0,0.0,0.0,0.0,0.0,0.0,0.0,0.351562,0.0,0.0129973,0.143496,Start,seated
9.18909,841,0.0,0.0,0.0,0.0,0.0,0.0,0.0,0.0,0.0,0.0,0.351562,0.0,0.0129973,0.143496,Start,seated
9.19916,842,0.0,0.0,0.0,0.0,0.0,0.0,0.0,0.0,0.0,0.0,0.351562,0.0,0.0129973,0.143496,Start,seated
9.20923,843,0.0,0.0,0.0,0.0,0.0,0.0,0.0,0.0,0.0,0.0,0.527344,3.49007,0.0129973,0.143496,Start,seated
9.2193,844,0.0,0.0,0.0,0.0,0.0,0.0,0.0,0.0,0.0,0.0,0.527344,3.49005,0.0129973,0.143496,Start,seated
9.22937,845,0.0,0.0,0.0,0.0,0.0,0.0,0.0,0.0,0.0,0.0,0.527344,3.49045,0.0129973,0.143496,Start,seated
9.23944,846,0.0,0.0,0.0,0.0,0.0,0.0,0.0,0.0,0.0,0.0,0.527344,3.49091,0.0129973,0.143496,Start,seated
9.24952,847,0.0,0.0,0.0,0.0,0.0,0.0,0.0,0.0,0.0,0.0,0.527344,3.49045,0.0129973,0.143496,Start,seated
9.2596,848,0.0,0.0,0.0,0.0,0.0,0.0,0.0,0.0,0.0,0.0,0.527344,0.0,0.0129973,0.143496,Start,seated
9.26967,849,0.0,0.0,0.0,0.0,0.0,0.0,0.0,0.0,0.0,0.0,0.527344,0.0,0.0129973,0.143496,Start,seated
9.27974,850,0.0,0.0,0.0,0.0,0.0,0.0,0.0,0.0,0.0,0.0,0.527344,0.0,0.0129973,0.143496,Start,seated
9.28981,851,0.0,0.0,0.0,0.0,0.0,0.0,0.0,0.0,0.0,0.0,0.527344,0.0,0.0129973,0.143496,Start,seated
9.29989,852,0.0,0.0,0.0,0.0,0.0,0.0,0.0,0.0,0.0,0.0,0.527344,0.0,0.0129973,0.143496,Start,seated
9.30995,853,0.0,0.0,0.0,0.0,0.0,0.0,0.0,0.0,0.0,0.0,0.527344,0.0,0.0129973,0.143496,Start,seated
9.32002,854,0.0,0.0,0.0,0.0,0.0,0.0,0.0,0.0,0.0,0.0,0.703125,3.49074,0.0129973,0.143496,Start,seated
9.33009,855,0.0,0.0,0.0,0.0,0.0,0.0,0.0,0.0,0.0,0.0,0.703125,3.49107,0.0129973,0.143496,Start,seated
9.34018,856,0.0,0.0,0.0,0.0,0.0,0.0,0.0,0.0,0.0,0.0,0.703125,3.48995,0.0129973,0.143496,Start,seated
9.35025,857,0.0,0.0,0.0,0.0,0.0,0.0,0.0,0.0,0.0,0.0,0.703125,3.49033,0.0129973,0.143496,Start,seated
9.36032,858,0.0,0.0,0.0,0.0,0.0,0.0,0.0,0.0,0.0,0.0,0.703125,3.49018,0.0129973,0.143496,Start,seated
9.37039,859,0.0,0.0,0.0,0.0,0.0,0.0,0.0,0.0,0.0,0.0,0.703125,0.0,0.0129973,0.143496,Start,seated
9.38046,860,0.0,0.0,0.0,0.0,0.0,0.0,0.0,0.0,0.0,0.0,0.703125,0.0,0.0129973,0.143496,Start,seated
9.39054,861,0.0,0.0,0.0,0.0,0.0,0.0,0.0,0.0,0.0,0.0,0.878906,3.4904,0.0129973,0.143496,Start,seated
9.40061,862,0.0,0.0,0.0,0.0,0.0,0.0,0.0,0.0,0.0,0.0,0.878906,3.49051,0.0129973,0.143496,Start,seated
9.41068,863,0.0,0.0,0.0,0.0,0.0,0.0,0.0,0.0,0.0,0.0,0.878906,3.49071,0.0129973,0.143496,Start,seated
9.42072,864,0.0,0.0,0.0,0.0,0.0,0.0,0.0,0.0,0.0,0.0,0.878906,3.49263,0.0129973,0.143496,Start,seated
9.4308,865,0.0,0.0,0.0,0.0,0.0,0.0,0.0,0.0,0.0,0.0,0.878906,3.49165,0.0129973,0.143496,Start,seated
9.44087,866,0.0,0.0,0.0,0.0,0.0,0.0,0.0,0.0,0.0,0.0,1.05469,3.49238,0.0129973,0.143496,Start,seated
9.45094,867,0.0,0.0,0.0,0.0,0.0,0.0,0.0,0.0,0.0,0.0,1.05469,3.4925,0.0129973,0.143496,Start,seated
9.46101,868,0.0,0.0,0.0,0.0,0.0,0.0,0.0,0.0,0.0,0.0,1.05469,3.4925,0.0129973,0.143496,Start,seated
9.47109,869,0.0,0.0,0.0,0.0,0.0,0.0,0.0,0.0,0.0,0.0,1.05469,3.48974,0.0129973,0.143496,Start,seated
9.48116,870,0.0,0.0,0.0,0.0,0.0,0.0,0.0,0.0,0.0,0.0,1.05469,3.49073,0.0129973,0.143496,Start,seated
9.49122,871,0.0,0.0,0.0,0.0,0.0,0.0,0.0,0.0,0.0,0.0,1.05469,0.0,0.0129973,0.143496,Start,seated
9.5013,872,0.0,0.0,0.0,0.0,0.0,0.0,0.0,0.0,0.0,0.0,1.05469,0.0,0.0129973,0.143496,Start,seated
9.51137,873,0.0,0.0,0.0,0.0,0.0,0.0,0.0,0.0,0.0,0.0,1.05469,0.0,0.0129973,0.143496,Start,seated
9.52145,874,0.0,0.0,0.0,0.0,0.0,0.0,0.0,0.0,0.0,0.0,1.05469,0.0,0.0129973,0.143496,Start,seated
9.53153,875,0.0,0.0,0.0,0.0,0.0,0.0,0.0,0.0,0.0,0.0,1.23047,3.4896,0.0129973,0.143496,Start,seated
9.612,876,0.0,0.0,0.0,0.0,0.0,0.0,0.0,0.0,0.0,0.0,1.23047,1.45544,0.0178673,0.140658,Start,extended
9.62207,877,0.0,0.0,0.0,0.0,0.0,0.0,0.0,0.0,0.0,0.0,1.23047,1.45543,0.0178673,0.140658,Start,extended
9.63214,878,0.0,0.0,0.0,0.0,0.0,0.0,0.0,0.0,0.0,0.0,1.23047,1.45544,0.0178673,0.140658,Start,extended
9.64221,879,0.0,0.0,0.0,0.0,0.0,0.0,0.0,0.0,0.0,0.0,1.23047,1.45564,0.0178673,0.140658,Start,extended
9.65227,880,0.0,0.0,0.0,0.0,0.0,0.0,0.0,0.0,0.0,0.0,1.23047,0.0,0.0178673,0.140658,Start,extended
9.66235,881,0.0,0.0,0.0,0.0,0.0,0.0,0.0,0.0,0.0,0.0,1.23047,0.0,0.0178673,0.140658,Start,extended
9.67241,882,0.0,0.0,0.0,0.0,0.0,0.0,0.0,0.0,0.0,0.0,1.23047,0.0,0.0178673,0.140658,Start,extended
9.6825,883,0.0,0.0,0.0,0.0,0.0,0.0,0.0,0.0,0.0,0.0,1.40625,3.49078,0.0178673,0.140658,Start,extended
9.69256,884,0.0,0.0,0.0,0.0,0.0,0.0,0.0,0.0,0.0,0.0,1.40625,3.49071,0.0178673,0.140658,Start,extended
9.70263,885,0.0,0.0,0.0,0.0,0.0,0.0,0.0,0.0,0.0,0.0,1.40625,3.4903,0.0178673,0.140658,Start,extended
9.71271,886,0.0,0.0,0.0,0.0,0.0,0.0,0.0,0.0,0.0,0.0,1.40625,3.49055,0.0178673,0.140658,Start,extended
9.72278,887,0.0,0.0,0.0,0.0,0.0,0.0,0.0,0.0,0.0,0.0,1.40625,3.48972,0.0178673,0.140658,Start,extended
9.73285,888,0.0,0.0,0.0,0.0,0.0,0.0,0.0,0.0,0.0,0.0,1.40625,0.0,0.0178673,0.140658,Start,extended
9.74292,889,0.0,0.0,0.0,0.0,0.0,0.0,0.0,0.0,0.0,0.0,1.40625,0.0,0.0178673,0.140658,Start,extended
9.753,890,0.0,0.0,0.0,0.0,0.0,0.0,0.0,0.0,0.0,0.0,1.23047,-3.49,0.0178673,0.140658,Start,extended
9.76307,891,0.0,0.0,0.0,0.0,0.0,0.0,0.0,0.0,0.0,0.0,1.23047,-3.49018,0.0178673,0.140658,Start,extended
9.77314,892,0.0,0.0,0.0,0.0,0.0,0.0,0.0,0.0,0.0,0.0,1.23047,-3.49091,0.0178673,0.140658,Start,extended
9.78321,893,0.0,0.0,0.0,0.0,0.0,0.0,0.0,0.0,0.0,0.0,1.40625,0.0,0.0178673,0.140658,Start,extended
9.79329,894,0.0,0.0,0.0,0.0,0.0,0.0,0.0,0.0,0.0,0.0,1.40625,0.0,0.0178673,0.140658,Start,extended
9.80336,895,0.0,0.0,0.0,0.0,0.0,0.0,0.0,0.0,0.0,0.0,1.40625,3.49058,0.0178673,0.140658,Start,extended
9.81343,896,0.0,0.0,0.0,0.0,0.0,0.0,0.0,0.0,0.0,0.0,1.40625,3.49078,0.0178673,0.140658,Start,extended
9.82351,897,0.0,0.0,0.0,0.0,0.0,0.0,0.0,0.0,0.0,0.0,1.40625,3.49007,0.0178673,0.140658,Start,extended
9.83358,898,0.0,0.0,0.0,0.0,0.0,0.0,0.0,0.0,0.0,0.0,1.40625,0.0,0.0178673,0.140658,Start,extended
9.84366,899,0.0,0.0,0.0,0.0,0.0,0.0,0.0,0.0,0.0,0.0,1.40625,0.0,0.0178673,0.140658,Start,extended
9.85372,900,0.0,0.0,0.0,0.0,0.0,0.0,0.0,0.0,0.0,0.0,1.40625,0.0,0.0178673,0.140658,Start,extended
9.86378,901,0.0,0.0,0.0,0.0,0.0,0.0,0.0,0.0,0.0,0.0,1.23047,-3.49063,0.0178673,0.140658,Start,extended
9.87387,902,0.0,0.0,0.0,0.0,0.0,0.0,0.0,0.0,0.0,0.0,1.40625,0.0,0.0178673,0.140658,Start,extended
9.88394,903,0.0,0.0,0.0,0.0,0.0,0.0,0.0,0.0,0.0,0.0,1.40625,0.0,0.0178673,0.140658,Start,extended
9.89401,904,0.0,0.0,0.0,0.0,0.0,0.0,0.0,0.0,0.0,0.0,1.40625,0.0,0.0178673,0.140658,Start,extended
9.90408,905,0.0,0.0,0.0,0.0,0.0,0.0,0.0,0.0,0.0,0.0,1.40625,0.0,0.0178673,0.140658,Start,extended
9.91416,906,0.0,0.0,0.0,0.0,0.0,0.0,0.0,0.0,0.0,0.0,1.23047,0.0,0.0178673,0.140658,Start,extended
9.92423,907,0.0,0.0,0.0,0.0,0.0,0.0,0.0,0.0,0.0,0.0,1.23047,-3.4905,0.0178673,0.140658,Start,extended
9.9343,908,0.0,0.0,0.0,0.0,0.0,0.0,0.0,0.0,0.0,0.0,1.05469,-6.98109,0.0178673,0.140658,Start,extended
9.94436,909,0.0,0.0,0.0,0.0,0.0,0.0,0.0,0.0,0.0,0.0,1.05469,-6.98205,0.0178673,0.140658,Start,extended
9.95442,910,0.0,0.0,0.0,0.0,0.0,0.0,0.0,0.0,0.0,0.0,1.23047,-3.49149,0.0178673,0.140658,Start,extended
9.96451,911,0.0,0.0,0.0,0.0,0.0,0.0,0.0,0.0,0.0,0.0,1.23047,0.0,0.0178673,0.140658,Start,extended
9.97458,912,0.0,0.0,0.0,0.0,0.0,0.0,0.0,0.0,0.0,0.0,1.23047,0.0,0.0178673,0.140658,Start,extended
9.98465,913,0.0,0.0,0.0,0.0,0.0,0.0,0.0,0.0,0.0,0.0,1.23047,3.49101,0.0178673,0.140658,Start,extended
9.99472,914,0.0,0.0,0.0,0.0,0.0,0.0,0.0,0.0,0.0,0.0,1.40625,6.98162,0.0178673,0.140658,Start,extended
10.0048,915,0.0,0.0,0.0,0.0,0.0,0.0,0.0,0.0,0.0,0.0,1.40625,3.49061,0.0178673,0.140658,Start,extended
10.0149,916,0.0,0.0,0.0,0.0,0.0,0.0,0.0,0.0,0.0,0.0,1.40625,3.49139,0.0178673,0.140658,Start,extended
10.0249,917,0.0,0.0,0.0,0.0,0.0,0.0,0.0,0.0,0.0,0.0,1.40625,3.49165,0.0178673,0.140658,Start,extended
10.035,918,0.0,0.0,0.0,0.0,0.0,0.0,0.0,0.0,0.0,0.0,1.40625,3.49164,0.0178673,0.140658,Start,extended
10.0451,919,0.0,0.0,0.0,0.0,0.0,0.0,0.0,0.0,0.0,0.0,1.40625,0.0,0.0178673,0.140658,Start,extended
10.0551,920,0.0,0.0,0.0,0.0,0.0,0.0,0.0,0.0,0.0,0.0,1.40625,0.0,0.0178673,0.140658,Start,extended
10.0652,921,0.0,0.0,0.0,0.0,0.0,0.0,0.0,0.0,0.0,0.0,1.23047,-3.49025,0.0178673,0.140658,Start,extended
